# BEGIN PLOT
XTwosidedTicks=1
DrawOnly=//nfs/farm/g/theory/qcdsim/shoeche/runs/lhjets/hj/mcnlo/css/run.yoda/LH2017_ZHSHAPES/psi_0.7_50 //nfs/farm/g/theory/qcdsim/shoeche/runs/lhjets/hj/mcnlo/css-1em/run.yoda/LH2017_ZHSHAPES/psi_0.7_50 //nfs/farm/g/theory/qcdsim/shoeche/runs/lhjets/hj/nlo/cs/run.yoda/LH2017_ZHSHAPES/psi_0.7_50
RatioPlotReference=//nfs/farm/g/theory/qcdsim/shoeche/runs/lhjets/hj/nlo/cs/run.yoda/LH2017_ZHSHAPES/psi_0.7_50
RatioPlot=1
LogY=1
RatioPlotYLabel=Ratio
LegendOnly=//nfs/farm/g/theory/qcdsim/shoeche/runs/lhjets/hj/mcnlo/css/run.yoda/LH2017_ZHSHAPES/psi_0.7_50 //nfs/farm/g/theory/qcdsim/shoeche/runs/lhjets/hj/mcnlo/css-1em/run.yoda/LH2017_ZHSHAPES/psi_0.7_50 //nfs/farm/g/theory/qcdsim/shoeche/runs/lhjets/hj/nlo/cs/run.yoda/LH2017_ZHSHAPES/psi_0.7_50
RatioPlotSameStyle=1
YTwosidedTicks=1
Legend=1
# END PLOT

# BEGIN HISTO1D //nfs/farm/g/theory/qcdsim/shoeche/runs/lhjets/hj/mcnlo/css/run.yoda/LH2017_ZHSHAPES/psi_0.7_50
ErrorBars=1
LineColor=red
LineStyle=solid
Path=//nfs/farm/g/theory/qcdsim/shoeche/runs/lhjets/hj/mcnlo/css/run.yoda/LH2017_ZHSHAPES/psi_0.7_50
Title=Sherpa~MCNLO
XLabel=
YLabel=
# xlow	 xhigh	 val	 errminus	 errplus
0.000000e+00	1.000000e-02	1.588905e-01	1.500918e-04	1.500918e-04
1.000000e-02	2.000000e-02	1.988625e-01	1.607816e-04	1.607816e-04
2.000000e-02	3.000000e-02	2.624990e-01	1.725152e-04	1.725152e-04
3.000000e-02	4.000000e-02	3.319691e-01	1.794352e-04	1.794352e-04
4.000000e-02	5.000000e-02	3.936581e-01	1.812283e-04	1.812283e-04
5.000000e-02	6.000000e-02	4.471576e-01	1.799033e-04	1.799033e-04
6.000000e-02	7.000000e-02	4.939678e-01	1.767052e-04	1.767052e-04
7.000000e-02	8.000000e-02	5.350971e-01	1.723922e-04	1.723922e-04
8.000000e-02	9.000000e-02	5.717252e-01	1.673265e-04	1.673265e-04
9.000000e-02	1.000000e-01	6.042815e-01	1.618405e-04	1.618405e-04
1.000000e-01	1.100000e-01	6.334041e-01	1.561253e-04	1.561253e-04
1.100000e-01	1.200000e-01	6.597309e-01	1.502701e-04	1.502701e-04
1.200000e-01	1.300000e-01	6.834667e-01	1.444017e-04	1.444017e-04
1.300000e-01	1.400000e-01	7.050391e-01	1.385370e-04	1.385370e-04
1.400000e-01	1.500000e-01	7.246811e-01	1.327767e-04	1.327767e-04
1.500000e-01	1.600000e-01	7.426582e-01	1.270987e-04	1.270987e-04
1.600000e-01	1.700000e-01	7.591568e-01	1.215418e-04	1.215418e-04
1.700000e-01	1.800000e-01	7.743541e-01	1.161190e-04	1.161190e-04
1.800000e-01	1.900000e-01	7.883793e-01	1.108148e-04	1.108148e-04
1.900000e-01	2.000000e-01	8.013971e-01	1.056590e-04	1.056590e-04
2.000000e-01	2.100000e-01	8.134818e-01	1.006544e-04	1.006544e-04
2.100000e-01	2.200000e-01	8.247222e-01	9.582089e-05	9.582089e-05
2.200000e-01	2.300000e-01	8.352114e-01	9.112784e-05	9.112784e-05
2.300000e-01	2.400000e-01	8.450109e-01	8.661040e-05	8.661040e-05
2.400000e-01	2.500000e-01	8.541953e-01	8.221635e-05	8.221635e-05
2.500000e-01	2.600000e-01	8.627882e-01	7.805291e-05	7.805291e-05
2.600000e-01	2.700000e-01	8.708566e-01	7.405309e-05	7.405309e-05
2.700000e-01	2.800000e-01	8.784855e-01	7.020346e-05	7.020346e-05
2.800000e-01	2.900000e-01	8.856363e-01	6.656462e-05	6.656462e-05
2.900000e-01	3.000000e-01	8.923995e-01	6.310218e-05	6.310218e-05
3.000000e-01	3.100000e-01	8.988189e-01	5.980120e-05	5.980120e-05
3.100000e-01	3.200000e-01	9.048339e-01	5.675347e-05	5.675347e-05
3.200000e-01	3.300000e-01	9.105674e-01	5.384940e-05	5.384940e-05
3.300000e-01	3.400000e-01	9.160068e-01	5.114165e-05	5.114165e-05
3.400000e-01	3.500000e-01	9.212049e-01	4.858624e-05	4.858624e-05
3.500000e-01	3.600000e-01	9.261497e-01	4.619032e-05	4.619032e-05
3.600000e-01	3.700000e-01	9.308607e-01	4.390874e-05	4.390874e-05
3.700000e-01	3.800000e-01	9.353552e-01	4.173605e-05	4.173605e-05
3.800000e-01	3.900000e-01	9.396470e-01	3.965638e-05	3.965638e-05
3.900000e-01	4.000000e-01	9.437362e-01	3.766062e-05	3.766062e-05
4.000000e-01	4.100000e-01	9.476640e-01	3.572658e-05	3.572658e-05
4.100000e-01	4.200000e-01	9.514140e-01	3.386295e-05	3.386295e-05
4.200000e-01	4.300000e-01	9.549980e-01	3.206293e-05	3.206293e-05
4.300000e-01	4.400000e-01	9.584296e-01	3.031301e-05	3.031301e-05
4.400000e-01	4.500000e-01	9.617077e-01	2.861271e-05	2.861271e-05
4.500000e-01	4.600000e-01	9.648363e-01	2.695374e-05	2.695374e-05
4.600000e-01	4.700000e-01	9.678183e-01	2.534438e-05	2.534438e-05
4.700000e-01	4.800000e-01	9.706806e-01	2.376132e-05	2.376132e-05
4.800000e-01	4.900000e-01	9.734002e-01	2.222308e-05	2.222308e-05
4.900000e-01	5.000000e-01	9.759718e-01	2.073088e-05	2.073088e-05
5.000000e-01	5.100000e-01	9.784272e-01	1.926483e-05	1.926483e-05
5.100000e-01	5.200000e-01	9.807452e-01	1.783975e-05	1.783975e-05
5.200000e-01	5.300000e-01	9.829452e-01	1.643803e-05	1.643803e-05
5.300000e-01	5.400000e-01	9.850168e-01	1.506605e-05	1.506605e-05
5.400000e-01	5.500000e-01	9.869611e-01	1.373241e-05	1.373241e-05
5.500000e-01	5.600000e-01	9.887756e-01	1.243025e-05	1.243025e-05
5.600000e-01	5.700000e-01	9.904579e-01	1.117137e-05	1.117137e-05
5.700000e-01	5.800000e-01	9.920180e-01	9.930697e-06	9.930697e-06
5.800000e-01	5.900000e-01	9.934441e-01	8.729852e-06	8.729852e-06
5.900000e-01	6.000000e-01	9.947316e-01	7.571619e-06	7.571619e-06
6.000000e-01	6.100000e-01	9.958843e-01	6.454448e-06	6.454448e-06
6.100000e-01	6.200000e-01	9.968979e-01	5.391520e-06	5.391520e-06
6.200000e-01	6.300000e-01	9.977612e-01	4.388460e-06	4.388460e-06
6.300000e-01	6.400000e-01	9.984778e-01	3.443945e-06	3.443945e-06
6.400000e-01	6.500000e-01	9.990424e-01	2.614751e-06	2.614751e-06
6.500000e-01	6.600000e-01	9.994510e-01	1.922944e-06	1.922944e-06
6.600000e-01	6.700000e-01	9.997144e-01	1.415939e-06	1.415939e-06
6.700000e-01	6.800000e-01	9.998492e-01	1.105367e-06	1.105367e-06
6.800000e-01	6.900000e-01	9.999018e-01	9.292854e-07	9.292854e-07
6.900000e-01	7.000000e-01	9.999221e-01	8.485148e-07	8.485148e-07
7.000000e-01	7.100000e-01	9.999368e-01	7.590324e-07	7.590324e-07
7.100000e-01	7.200000e-01	9.999494e-01	6.000592e-07	6.000592e-07
7.200000e-01	7.300000e-01	9.999587e-01	6.001806e-07	6.001806e-07
7.300000e-01	7.400000e-01	9.999667e-01	6.002657e-07	6.002657e-07
7.400000e-01	7.500000e-01	9.999735e-01	4.649565e-07	4.649565e-07
7.500000e-01	7.600000e-01	9.999789e-01	3.796412e-07	3.796412e-07
7.600000e-01	7.700000e-01	9.999831e-01	3.796772e-07	3.796772e-07
7.700000e-01	7.800000e-01	9.999869e-01	2.684632e-07	2.684632e-07
7.800000e-01	7.900000e-01	9.999895e-01	3.797162e-07	3.797162e-07
7.900000e-01	8.000000e-01	9.999920e-01	2.684972e-07	2.684972e-07
8.000000e-01	8.100000e-01	9.999937e-01	2.685049e-07	2.685049e-07
8.100000e-01	8.200000e-01	9.999954e-01	2.685108e-07	2.685108e-07
8.200000e-01	8.300000e-01	9.999966e-01	1.394311e-09	1.394311e-09
8.300000e-01	8.400000e-01	9.999975e-01	1.045738e-09	1.045738e-09
8.400000e-01	8.500000e-01	9.999979e-01	2.685162e-07	2.685162e-07
8.500000e-01	8.600000e-01	9.999987e-01	5.228691e-10	5.228691e-10
8.600000e-01	8.700000e-01	9.999992e-01	2.685178e-07	2.685178e-07
8.700000e-01	8.800000e-01	9.999992e-01	2.685174e-07	2.685174e-07
8.800000e-01	8.900000e-01	9.999996e-01	1.742960e-10	1.742960e-10
8.900000e-01	9.000000e-01	9.999996e-01	1.742960e-10	1.742960e-10
9.000000e-01	9.100000e-01	9.999996e-01	2.685175e-07	2.685175e-07
9.100000e-01	9.200000e-01	9.999996e-01	2.685175e-07	2.685175e-07
9.200000e-01	9.300000e-01	9.999996e-01	2.685175e-07	2.685175e-07
9.300000e-01	9.400000e-01	1.000000e+00	2.685176e-07	2.685176e-07
9.400000e-01	9.500000e-01	1.000000e+00	0.000000e+00	0.000000e+00
9.500000e-01	9.600000e-01	1.000000e+00	0.000000e+00	0.000000e+00
9.600000e-01	9.700000e-01	1.000000e+00	0.000000e+00	0.000000e+00
9.700000e-01	9.800000e-01	1.000000e+00	0.000000e+00	0.000000e+00
9.800000e-01	9.900000e-01	1.000000e+00	0.000000e+00	0.000000e+00
9.900000e-01	1.000000e+00	1.000000e+00	0.000000e+00	0.000000e+00
1.000000e+00	1.010000e+00	1.000000e+00	0.000000e+00	0.000000e+00
1.010000e+00	1.020000e+00	1.000000e+00	0.000000e+00	0.000000e+00
1.020000e+00	1.030000e+00	1.000000e+00	0.000000e+00	0.000000e+00
1.030000e+00	1.040000e+00	1.000000e+00	0.000000e+00	0.000000e+00
1.040000e+00	1.050000e+00	1.000000e+00	0.000000e+00	0.000000e+00
1.050000e+00	1.060000e+00	1.000000e+00	0.000000e+00	0.000000e+00
1.060000e+00	1.070000e+00	1.000000e+00	0.000000e+00	0.000000e+00
1.070000e+00	1.080000e+00	1.000000e+00	0.000000e+00	0.000000e+00
1.080000e+00	1.090000e+00	1.000000e+00	0.000000e+00	0.000000e+00
1.090000e+00	1.100000e+00	1.000000e+00	0.000000e+00	0.000000e+00
1.100000e+00	1.110000e+00	1.000000e+00	0.000000e+00	0.000000e+00
1.110000e+00	1.120000e+00	1.000000e+00	0.000000e+00	0.000000e+00
1.120000e+00	1.130000e+00	1.000000e+00	0.000000e+00	0.000000e+00
1.130000e+00	1.140000e+00	1.000000e+00	0.000000e+00	0.000000e+00
1.140000e+00	1.150000e+00	1.000000e+00	0.000000e+00	0.000000e+00
1.150000e+00	1.160000e+00	1.000000e+00	0.000000e+00	0.000000e+00
1.160000e+00	1.170000e+00	1.000000e+00	0.000000e+00	0.000000e+00
1.170000e+00	1.180000e+00	1.000000e+00	0.000000e+00	0.000000e+00
1.180000e+00	1.190000e+00	1.000000e+00	0.000000e+00	0.000000e+00
1.190000e+00	1.200000e+00	1.000000e+00	0.000000e+00	0.000000e+00
1.200000e+00	1.210000e+00	1.000000e+00	0.000000e+00	0.000000e+00
1.210000e+00	1.220000e+00	1.000000e+00	0.000000e+00	0.000000e+00
1.220000e+00	1.230000e+00	1.000000e+00	0.000000e+00	0.000000e+00
1.230000e+00	1.240000e+00	1.000000e+00	0.000000e+00	0.000000e+00
1.240000e+00	1.250000e+00	1.000000e+00	0.000000e+00	0.000000e+00
1.250000e+00	1.260000e+00	1.000000e+00	0.000000e+00	0.000000e+00
1.260000e+00	1.270000e+00	1.000000e+00	0.000000e+00	0.000000e+00
1.270000e+00	1.280000e+00	1.000000e+00	0.000000e+00	0.000000e+00
1.280000e+00	1.290000e+00	1.000000e+00	0.000000e+00	0.000000e+00
1.290000e+00	1.300000e+00	1.000000e+00	0.000000e+00	0.000000e+00
1.300000e+00	1.310000e+00	1.000000e+00	0.000000e+00	0.000000e+00
1.310000e+00	1.320000e+00	1.000000e+00	0.000000e+00	0.000000e+00
1.320000e+00	1.330000e+00	1.000000e+00	0.000000e+00	0.000000e+00
1.330000e+00	1.340000e+00	1.000000e+00	0.000000e+00	0.000000e+00
1.340000e+00	1.350000e+00	1.000000e+00	0.000000e+00	0.000000e+00
1.350000e+00	1.360000e+00	1.000000e+00	0.000000e+00	0.000000e+00
1.360000e+00	1.370000e+00	1.000000e+00	0.000000e+00	0.000000e+00
1.370000e+00	1.380000e+00	1.000000e+00	0.000000e+00	0.000000e+00
1.380000e+00	1.390000e+00	1.000000e+00	0.000000e+00	0.000000e+00
1.390000e+00	1.400000e+00	1.000000e+00	0.000000e+00	0.000000e+00
1.400000e+00	1.410000e+00	1.000000e+00	0.000000e+00	0.000000e+00
1.410000e+00	1.420000e+00	1.000000e+00	0.000000e+00	0.000000e+00
1.420000e+00	1.430000e+00	1.000000e+00	0.000000e+00	0.000000e+00
1.430000e+00	1.440000e+00	1.000000e+00	0.000000e+00	0.000000e+00
1.440000e+00	1.450000e+00	1.000000e+00	0.000000e+00	0.000000e+00
1.450000e+00	1.460000e+00	1.000000e+00	0.000000e+00	0.000000e+00
1.460000e+00	1.470000e+00	1.000000e+00	0.000000e+00	0.000000e+00
1.470000e+00	1.480000e+00	1.000000e+00	0.000000e+00	0.000000e+00
1.480000e+00	1.490000e+00	1.000000e+00	0.000000e+00	0.000000e+00
1.490000e+00	1.500000e+00	1.000000e+00	0.000000e+00	0.000000e+00
# END HISTO1D

# BEGIN HISTO1D //nfs/farm/g/theory/qcdsim/shoeche/runs/lhjets/hj/mcnlo/css-1em/run.yoda/LH2017_ZHSHAPES/psi_0.7_50
ErrorBars=1
LineColor=blue
LineStyle=solid
Path=//nfs/farm/g/theory/qcdsim/shoeche/runs/lhjets/hj/mcnlo/css-1em/run.yoda/LH2017_ZHSHAPES/psi_0.7_50
Title=Sherpa~MCNLO~1em
XLabel=
YLabel=
# xlow	 xhigh	 val	 errminus	 errplus
0.000000e+00	1.000000e-02	9.615474e-01	1.317171e-04	1.317171e-04
1.000000e-02	2.000000e-02	9.620478e-01	1.308054e-04	1.308054e-04
2.000000e-02	3.000000e-02	9.627846e-01	1.294343e-04	1.294343e-04
3.000000e-02	4.000000e-02	9.637330e-01	1.276188e-04	1.276188e-04
4.000000e-02	5.000000e-02	9.648556e-01	1.253983e-04	1.253983e-04
5.000000e-02	6.000000e-02	9.660794e-01	1.228998e-04	1.228998e-04
6.000000e-02	7.000000e-02	9.673901e-01	1.201410e-04	1.201410e-04
7.000000e-02	8.000000e-02	9.687558e-01	1.171506e-04	1.171506e-04
8.000000e-02	9.000000e-02	9.701541e-01	1.139771e-04	1.139771e-04
9.000000e-02	1.000000e-01	9.715875e-01	1.105881e-04	1.105881e-04
1.000000e-01	1.100000e-01	9.730188e-01	1.070854e-04	1.070854e-04
1.100000e-01	1.200000e-01	9.744263e-01	1.035076e-04	1.035076e-04
1.200000e-01	1.300000e-01	9.758114e-01	9.984496e-05	9.984496e-05
1.300000e-01	1.400000e-01	9.771332e-01	9.621357e-05	9.621357e-05
1.400000e-01	1.500000e-01	9.784294e-01	9.251881e-05	9.251881e-05
1.500000e-01	1.600000e-01	9.797065e-01	8.871098e-05	8.871098e-05
1.600000e-01	1.700000e-01	9.809661e-01	8.481983e-05	8.481983e-05
1.700000e-01	1.800000e-01	9.821572e-01	8.095615e-05	8.095615e-05
1.800000e-01	1.900000e-01	9.832618e-01	7.724690e-05	7.724690e-05
1.900000e-01	2.000000e-01	9.843472e-01	7.343335e-05	7.343335e-05
2.000000e-01	2.100000e-01	9.854009e-01	6.959606e-05	6.959606e-05
2.100000e-01	2.200000e-01	9.863958e-01	6.582508e-05	6.582508e-05
2.200000e-01	2.300000e-01	9.873537e-01	6.204497e-05	6.204497e-05
2.300000e-01	2.400000e-01	9.882445e-01	5.840421e-05	5.840421e-05
2.400000e-01	2.500000e-01	9.891127e-01	5.472844e-05	5.472844e-05
2.500000e-01	2.600000e-01	9.899336e-01	5.113972e-05	5.113972e-05
2.600000e-01	2.700000e-01	9.907386e-01	4.743435e-05	4.743435e-05
2.700000e-01	2.800000e-01	9.914704e-01	4.401858e-05	4.401858e-05
2.800000e-01	2.900000e-01	9.921630e-01	4.068605e-05	4.068605e-05
2.900000e-01	3.000000e-01	9.928162e-01	3.745101e-05	3.745101e-05
3.000000e-01	3.100000e-01	9.934446e-01	3.433914e-05	3.433914e-05
3.100000e-01	3.200000e-01	9.940320e-01	3.145089e-05	3.145089e-05
3.200000e-01	3.300000e-01	9.945605e-01	2.892325e-05	2.892325e-05
3.300000e-01	3.400000e-01	9.950743e-01	2.662183e-05	2.662183e-05
3.400000e-01	3.500000e-01	9.955440e-01	2.479766e-05	2.479766e-05
3.500000e-01	3.600000e-01	9.959698e-01	2.326206e-05	2.326206e-05
3.600000e-01	3.700000e-01	9.963799e-01	2.172389e-05	2.172389e-05
3.700000e-01	3.800000e-01	9.967619e-01	2.023698e-05	2.023698e-05
3.800000e-01	3.900000e-01	9.971163e-01	1.880408e-05	1.880408e-05
3.900000e-01	4.000000e-01	9.974341e-01	1.746082e-05	1.746082e-05
4.000000e-01	4.100000e-01	9.977247e-01	1.618343e-05	1.618343e-05
4.100000e-01	4.200000e-01	9.979882e-01	1.498629e-05	1.498629e-05
4.200000e-01	4.300000e-01	9.982416e-01	1.375573e-05	1.375573e-05
4.300000e-01	4.400000e-01	9.984681e-01	1.261199e-05	1.261199e-05
4.400000e-01	4.500000e-01	9.986811e-01	1.146923e-05	1.146923e-05
4.500000e-01	4.600000e-01	9.988652e-01	1.044355e-05	1.044355e-05
4.600000e-01	4.700000e-01	9.990306e-01	9.462373e-06	9.462373e-06
4.700000e-01	4.800000e-01	9.991779e-01	8.547223e-06	8.547223e-06
4.800000e-01	4.900000e-01	9.993089e-01	7.672014e-06	7.672014e-06
4.900000e-01	5.000000e-01	9.994270e-01	6.824399e-06	6.824399e-06
5.000000e-01	5.100000e-01	9.995302e-01	6.024360e-06	6.024360e-06
5.100000e-01	5.200000e-01	9.996170e-01	5.302976e-06	5.302976e-06
5.200000e-01	5.300000e-01	9.996968e-01	4.593436e-06	4.593436e-06
5.300000e-01	5.400000e-01	9.997579e-01	3.999817e-06	3.999817e-06
5.400000e-01	5.500000e-01	9.998130e-01	3.401277e-06	3.401277e-06
5.500000e-01	5.600000e-01	9.998585e-01	2.846079e-06	2.846079e-06
5.600000e-01	5.700000e-01	9.998953e-01	2.385552e-06	2.385552e-06
5.700000e-01	5.800000e-01	9.999249e-01	1.964447e-06	1.964447e-06
5.800000e-01	5.900000e-01	9.999480e-01	1.583930e-06	1.583930e-06
5.900000e-01	6.000000e-01	9.999657e-01	1.242628e-06	1.242628e-06
6.000000e-01	6.100000e-01	9.999776e-01	9.824402e-07	9.824402e-07
6.100000e-01	6.200000e-01	9.999864e-01	6.947127e-07	6.947127e-07
6.200000e-01	6.300000e-01	9.999926e-01	5.381465e-07	5.381465e-07
6.300000e-01	6.400000e-01	9.999963e-01	2.536481e-09	2.536481e-09
6.400000e-01	6.500000e-01	9.999984e-01	3.107108e-07	3.107108e-07
6.500000e-01	6.600000e-01	9.999994e-01	4.227227e-10	4.227227e-10
6.600000e-01	6.700000e-01	9.999998e-01	3.107128e-07	3.107128e-07
6.700000e-01	6.800000e-01	1.000000e+00	3.107128e-07	3.107128e-07
6.800000e-01	6.900000e-01	1.000000e+00	0.000000e+00	0.000000e+00
6.900000e-01	7.000000e-01	1.000000e+00	0.000000e+00	0.000000e+00
7.000000e-01	7.100000e-01	1.000000e+00	0.000000e+00	0.000000e+00
7.100000e-01	7.200000e-01	1.000000e+00	0.000000e+00	0.000000e+00
7.200000e-01	7.300000e-01	1.000000e+00	0.000000e+00	0.000000e+00
7.300000e-01	7.400000e-01	1.000000e+00	0.000000e+00	0.000000e+00
7.400000e-01	7.500000e-01	1.000000e+00	0.000000e+00	0.000000e+00
7.500000e-01	7.600000e-01	1.000000e+00	0.000000e+00	0.000000e+00
7.600000e-01	7.700000e-01	1.000000e+00	0.000000e+00	0.000000e+00
7.700000e-01	7.800000e-01	1.000000e+00	0.000000e+00	0.000000e+00
7.800000e-01	7.900000e-01	1.000000e+00	0.000000e+00	0.000000e+00
7.900000e-01	8.000000e-01	1.000000e+00	0.000000e+00	0.000000e+00
8.000000e-01	8.100000e-01	1.000000e+00	0.000000e+00	0.000000e+00
8.100000e-01	8.200000e-01	1.000000e+00	0.000000e+00	0.000000e+00
8.200000e-01	8.300000e-01	1.000000e+00	0.000000e+00	0.000000e+00
8.300000e-01	8.400000e-01	1.000000e+00	0.000000e+00	0.000000e+00
8.400000e-01	8.500000e-01	1.000000e+00	0.000000e+00	0.000000e+00
8.500000e-01	8.600000e-01	1.000000e+00	0.000000e+00	0.000000e+00
8.600000e-01	8.700000e-01	1.000000e+00	0.000000e+00	0.000000e+00
8.700000e-01	8.800000e-01	1.000000e+00	0.000000e+00	0.000000e+00
8.800000e-01	8.900000e-01	1.000000e+00	0.000000e+00	0.000000e+00
8.900000e-01	9.000000e-01	1.000000e+00	0.000000e+00	0.000000e+00
9.000000e-01	9.100000e-01	1.000000e+00	0.000000e+00	0.000000e+00
9.100000e-01	9.200000e-01	1.000000e+00	0.000000e+00	0.000000e+00
9.200000e-01	9.300000e-01	1.000000e+00	0.000000e+00	0.000000e+00
9.300000e-01	9.400000e-01	1.000000e+00	0.000000e+00	0.000000e+00
9.400000e-01	9.500000e-01	1.000000e+00	0.000000e+00	0.000000e+00
9.500000e-01	9.600000e-01	1.000000e+00	0.000000e+00	0.000000e+00
9.600000e-01	9.700000e-01	1.000000e+00	0.000000e+00	0.000000e+00
9.700000e-01	9.800000e-01	1.000000e+00	0.000000e+00	0.000000e+00
9.800000e-01	9.900000e-01	1.000000e+00	0.000000e+00	0.000000e+00
9.900000e-01	1.000000e+00	1.000000e+00	0.000000e+00	0.000000e+00
1.000000e+00	1.010000e+00	1.000000e+00	0.000000e+00	0.000000e+00
1.010000e+00	1.020000e+00	1.000000e+00	0.000000e+00	0.000000e+00
1.020000e+00	1.030000e+00	1.000000e+00	0.000000e+00	0.000000e+00
1.030000e+00	1.040000e+00	1.000000e+00	0.000000e+00	0.000000e+00
1.040000e+00	1.050000e+00	1.000000e+00	0.000000e+00	0.000000e+00
1.050000e+00	1.060000e+00	1.000000e+00	0.000000e+00	0.000000e+00
1.060000e+00	1.070000e+00	1.000000e+00	0.000000e+00	0.000000e+00
1.070000e+00	1.080000e+00	1.000000e+00	0.000000e+00	0.000000e+00
1.080000e+00	1.090000e+00	1.000000e+00	0.000000e+00	0.000000e+00
1.090000e+00	1.100000e+00	1.000000e+00	0.000000e+00	0.000000e+00
1.100000e+00	1.110000e+00	1.000000e+00	0.000000e+00	0.000000e+00
1.110000e+00	1.120000e+00	1.000000e+00	0.000000e+00	0.000000e+00
1.120000e+00	1.130000e+00	1.000000e+00	0.000000e+00	0.000000e+00
1.130000e+00	1.140000e+00	1.000000e+00	0.000000e+00	0.000000e+00
1.140000e+00	1.150000e+00	1.000000e+00	0.000000e+00	0.000000e+00
1.150000e+00	1.160000e+00	1.000000e+00	0.000000e+00	0.000000e+00
1.160000e+00	1.170000e+00	1.000000e+00	0.000000e+00	0.000000e+00
1.170000e+00	1.180000e+00	1.000000e+00	0.000000e+00	0.000000e+00
1.180000e+00	1.190000e+00	1.000000e+00	0.000000e+00	0.000000e+00
1.190000e+00	1.200000e+00	1.000000e+00	0.000000e+00	0.000000e+00
1.200000e+00	1.210000e+00	1.000000e+00	0.000000e+00	0.000000e+00
1.210000e+00	1.220000e+00	1.000000e+00	0.000000e+00	0.000000e+00
1.220000e+00	1.230000e+00	1.000000e+00	0.000000e+00	0.000000e+00
1.230000e+00	1.240000e+00	1.000000e+00	0.000000e+00	0.000000e+00
1.240000e+00	1.250000e+00	1.000000e+00	0.000000e+00	0.000000e+00
1.250000e+00	1.260000e+00	1.000000e+00	0.000000e+00	0.000000e+00
1.260000e+00	1.270000e+00	1.000000e+00	0.000000e+00	0.000000e+00
1.270000e+00	1.280000e+00	1.000000e+00	0.000000e+00	0.000000e+00
1.280000e+00	1.290000e+00	1.000000e+00	0.000000e+00	0.000000e+00
1.290000e+00	1.300000e+00	1.000000e+00	0.000000e+00	0.000000e+00
1.300000e+00	1.310000e+00	1.000000e+00	0.000000e+00	0.000000e+00
1.310000e+00	1.320000e+00	1.000000e+00	0.000000e+00	0.000000e+00
1.320000e+00	1.330000e+00	1.000000e+00	0.000000e+00	0.000000e+00
1.330000e+00	1.340000e+00	1.000000e+00	0.000000e+00	0.000000e+00
1.340000e+00	1.350000e+00	1.000000e+00	0.000000e+00	0.000000e+00
1.350000e+00	1.360000e+00	1.000000e+00	0.000000e+00	0.000000e+00
1.360000e+00	1.370000e+00	1.000000e+00	0.000000e+00	0.000000e+00
1.370000e+00	1.380000e+00	1.000000e+00	0.000000e+00	0.000000e+00
1.380000e+00	1.390000e+00	1.000000e+00	0.000000e+00	0.000000e+00
1.390000e+00	1.400000e+00	1.000000e+00	0.000000e+00	0.000000e+00
1.400000e+00	1.410000e+00	1.000000e+00	0.000000e+00	0.000000e+00
1.410000e+00	1.420000e+00	1.000000e+00	0.000000e+00	0.000000e+00
1.420000e+00	1.430000e+00	1.000000e+00	0.000000e+00	0.000000e+00
1.430000e+00	1.440000e+00	1.000000e+00	0.000000e+00	0.000000e+00
1.440000e+00	1.450000e+00	1.000000e+00	0.000000e+00	0.000000e+00
1.450000e+00	1.460000e+00	1.000000e+00	0.000000e+00	0.000000e+00
1.460000e+00	1.470000e+00	1.000000e+00	0.000000e+00	0.000000e+00
1.470000e+00	1.480000e+00	1.000000e+00	0.000000e+00	0.000000e+00
1.480000e+00	1.490000e+00	1.000000e+00	0.000000e+00	0.000000e+00
1.490000e+00	1.500000e+00	1.000000e+00	0.000000e+00	0.000000e+00
# END HISTO1D

# BEGIN HISTO1D //nfs/farm/g/theory/qcdsim/shoeche/runs/lhjets/hj/nlo/cs/run.yoda/LH2017_ZHSHAPES/psi_0.7_50
ErrorBars=0
LineColor=green
LineStyle=solid
Path=//nfs/farm/g/theory/qcdsim/shoeche/runs/lhjets/hj/nlo/cs/run.yoda/LH2017_ZHSHAPES/psi_0.7_50
Title=Sherpa~NLO
XLabel=
YLabel=
# xlow	 xhigh	 val	 errminus	 errplus
0.000000e+00	1.000000e-02	2.914073e-01	9.526437e-02	9.526437e-02
1.000000e-02	2.000000e-02	5.113727e-01	1.081902e-01	1.081902e-01
2.000000e-02	3.000000e-02	6.184340e-01	1.045863e-01	1.045863e-01
3.000000e-02	4.000000e-02	6.862986e-01	9.890291e-02	9.890291e-02
4.000000e-02	5.000000e-02	7.339220e-01	9.303591e-02	9.303591e-02
5.000000e-02	6.000000e-02	7.694761e-01	8.743404e-02	8.743404e-02
6.000000e-02	7.000000e-02	7.973324e-01	8.222730e-02	8.222730e-02
7.000000e-02	8.000000e-02	8.196111e-01	7.741052e-02	7.741052e-02
8.000000e-02	9.000000e-02	8.381456e-01	7.298488e-02	7.298488e-02
9.000000e-02	1.000000e-01	8.539292e-01	6.881328e-02	6.881328e-02
1.000000e-01	1.100000e-01	8.675234e-01	6.491219e-02	6.491219e-02
1.100000e-01	1.200000e-01	8.791062e-01	6.130234e-02	6.130234e-02
1.200000e-01	1.300000e-01	8.893017e-01	5.789119e-02	5.789119e-02
1.300000e-01	1.400000e-01	8.981953e-01	5.469426e-02	5.469426e-02
1.400000e-01	1.500000e-01	9.062845e-01	5.160260e-02	5.160260e-02
1.500000e-01	1.600000e-01	9.135071e-01	4.870734e-02	4.870734e-02
1.600000e-01	1.700000e-01	9.199736e-01	4.598297e-02	4.598297e-02
1.700000e-01	1.800000e-01	9.257953e-01	4.341925e-02	4.341925e-02
1.800000e-01	1.900000e-01	9.311359e-01	4.094371e-02	4.094371e-02
1.900000e-01	2.000000e-01	9.360304e-01	3.858599e-02	3.858599e-02
2.000000e-01	2.100000e-01	9.405381e-01	3.630729e-02	3.630729e-02
2.100000e-01	2.200000e-01	9.446514e-01	3.415721e-02	3.415721e-02
2.200000e-01	2.300000e-01	9.484537e-01	3.211328e-02	3.211328e-02
2.300000e-01	2.400000e-01	9.519706e-01	3.012430e-02	3.012430e-02
2.400000e-01	2.500000e-01	9.552429e-01	2.822133e-02	2.822133e-02
2.500000e-01	2.600000e-01	9.582613e-01	2.639992e-02	2.639992e-02
2.600000e-01	2.700000e-01	9.610990e-01	2.464348e-02	2.464348e-02
2.700000e-01	2.800000e-01	9.637137e-01	2.299861e-02	2.299861e-02
2.800000e-01	2.900000e-01	9.661618e-01	2.148252e-02	2.148252e-02
2.900000e-01	3.000000e-01	9.684515e-01	2.005107e-02	2.005107e-02
3.000000e-01	3.100000e-01	9.706112e-01	1.869830e-02	1.869830e-02
3.100000e-01	3.200000e-01	9.726265e-01	1.745201e-02	1.745201e-02
3.200000e-01	3.300000e-01	9.745219e-01	1.633248e-02	1.633248e-02
3.300000e-01	3.400000e-01	9.762967e-01	1.536776e-02	1.536776e-02
3.400000e-01	3.500000e-01	9.779864e-01	1.453611e-02	1.453611e-02
3.500000e-01	3.600000e-01	9.795614e-01	1.380687e-02	1.380687e-02
3.600000e-01	3.700000e-01	9.810478e-01	1.308697e-02	1.308697e-02
3.700000e-01	3.800000e-01	9.824486e-01	1.238859e-02	1.238859e-02
3.800000e-01	3.900000e-01	9.837662e-01	1.172351e-02	1.172351e-02
3.900000e-01	4.000000e-01	9.850097e-01	1.108461e-02	1.108461e-02
4.000000e-01	4.100000e-01	9.861857e-01	1.045392e-02	1.045392e-02
4.100000e-01	4.200000e-01	9.872877e-01	9.856844e-03	9.856844e-03
4.200000e-01	4.300000e-01	9.883321e-01	9.270915e-03	9.270915e-03
4.300000e-01	4.400000e-01	9.892984e-01	8.712070e-03	8.712070e-03
4.400000e-01	4.500000e-01	9.902187e-01	8.166469e-03	8.166469e-03
4.500000e-01	4.600000e-01	9.910807e-01	7.646164e-03	7.646164e-03
4.600000e-01	4.700000e-01	9.918915e-01	7.143857e-03	7.143857e-03
4.700000e-01	4.800000e-01	9.926650e-01	6.644811e-03	6.644811e-03
4.800000e-01	4.900000e-01	9.933879e-01	6.158251e-03	6.158251e-03
4.900000e-01	5.000000e-01	9.940641e-01	5.697921e-03	5.697921e-03
5.000000e-01	5.100000e-01	9.946879e-01	5.258246e-03	5.258246e-03
5.100000e-01	5.200000e-01	9.952762e-01	4.829124e-03	4.829124e-03
5.200000e-01	5.300000e-01	9.958185e-01	4.421739e-03	4.421739e-03
5.300000e-01	5.400000e-01	9.963276e-01	4.022975e-03	4.022975e-03
5.400000e-01	5.500000e-01	9.967895e-01	3.650043e-03	3.650043e-03
5.500000e-01	5.600000e-01	9.972216e-01	3.276910e-03	3.276910e-03
5.600000e-01	5.700000e-01	9.976189e-01	2.933726e-03	2.933726e-03
5.700000e-01	5.800000e-01	9.979841e-01	2.593507e-03	2.593507e-03
5.800000e-01	5.900000e-01	9.983184e-01	2.266234e-03	2.266234e-03
5.900000e-01	6.000000e-01	9.986225e-01	1.950507e-03	1.950507e-03
6.000000e-01	6.100000e-01	9.988863e-01	1.674389e-03	1.674389e-03
6.100000e-01	6.200000e-01	9.991228e-01	1.414065e-03	1.414065e-03
6.200000e-01	6.300000e-01	9.993348e-01	1.151389e-03	1.151389e-03
6.300000e-01	6.400000e-01	9.995142e-01	9.044188e-04	9.044188e-04
6.400000e-01	6.500000e-01	9.996657e-01	6.663510e-04	6.663510e-04
6.500000e-01	6.600000e-01	9.997886e-01	4.531488e-04	4.531488e-04
6.600000e-01	6.700000e-01	9.998835e-01	3.212392e-04	3.212392e-04
6.700000e-01	6.800000e-01	9.999487e-01	1.250483e-05	1.250483e-05
6.800000e-01	6.900000e-01	9.999884e-01	1.862136e-04	1.862136e-04
6.900000e-01	7.000000e-01	1.000000e+00	0.000000e+00	0.000000e+00
7.000000e-01	7.100000e-01	1.000000e+00	0.000000e+00	0.000000e+00
7.100000e-01	7.200000e-01	1.000000e+00	0.000000e+00	0.000000e+00
7.200000e-01	7.300000e-01	1.000000e+00	0.000000e+00	0.000000e+00
7.300000e-01	7.400000e-01	1.000000e+00	0.000000e+00	0.000000e+00
7.400000e-01	7.500000e-01	1.000000e+00	0.000000e+00	0.000000e+00
7.500000e-01	7.600000e-01	1.000000e+00	0.000000e+00	0.000000e+00
7.600000e-01	7.700000e-01	1.000000e+00	0.000000e+00	0.000000e+00
7.700000e-01	7.800000e-01	1.000000e+00	0.000000e+00	0.000000e+00
7.800000e-01	7.900000e-01	1.000000e+00	0.000000e+00	0.000000e+00
7.900000e-01	8.000000e-01	1.000000e+00	0.000000e+00	0.000000e+00
8.000000e-01	8.100000e-01	1.000000e+00	0.000000e+00	0.000000e+00
8.100000e-01	8.200000e-01	1.000000e+00	0.000000e+00	0.000000e+00
8.200000e-01	8.300000e-01	1.000000e+00	0.000000e+00	0.000000e+00
8.300000e-01	8.400000e-01	1.000000e+00	0.000000e+00	0.000000e+00
8.400000e-01	8.500000e-01	1.000000e+00	0.000000e+00	0.000000e+00
8.500000e-01	8.600000e-01	1.000000e+00	0.000000e+00	0.000000e+00
8.600000e-01	8.700000e-01	1.000000e+00	0.000000e+00	0.000000e+00
8.700000e-01	8.800000e-01	1.000000e+00	0.000000e+00	0.000000e+00
8.800000e-01	8.900000e-01	1.000000e+00	0.000000e+00	0.000000e+00
8.900000e-01	9.000000e-01	1.000000e+00	0.000000e+00	0.000000e+00
9.000000e-01	9.100000e-01	1.000000e+00	0.000000e+00	0.000000e+00
9.100000e-01	9.200000e-01	1.000000e+00	0.000000e+00	0.000000e+00
9.200000e-01	9.300000e-01	1.000000e+00	0.000000e+00	0.000000e+00
9.300000e-01	9.400000e-01	1.000000e+00	0.000000e+00	0.000000e+00
9.400000e-01	9.500000e-01	1.000000e+00	0.000000e+00	0.000000e+00
9.500000e-01	9.600000e-01	1.000000e+00	0.000000e+00	0.000000e+00
9.600000e-01	9.700000e-01	1.000000e+00	0.000000e+00	0.000000e+00
9.700000e-01	9.800000e-01	1.000000e+00	0.000000e+00	0.000000e+00
9.800000e-01	9.900000e-01	1.000000e+00	0.000000e+00	0.000000e+00
9.900000e-01	1.000000e+00	1.000000e+00	0.000000e+00	0.000000e+00
1.000000e+00	1.010000e+00	1.000000e+00	0.000000e+00	0.000000e+00
1.010000e+00	1.020000e+00	1.000000e+00	0.000000e+00	0.000000e+00
1.020000e+00	1.030000e+00	1.000000e+00	0.000000e+00	0.000000e+00
1.030000e+00	1.040000e+00	1.000000e+00	0.000000e+00	0.000000e+00
1.040000e+00	1.050000e+00	1.000000e+00	0.000000e+00	0.000000e+00
1.050000e+00	1.060000e+00	1.000000e+00	0.000000e+00	0.000000e+00
1.060000e+00	1.070000e+00	1.000000e+00	0.000000e+00	0.000000e+00
1.070000e+00	1.080000e+00	1.000000e+00	0.000000e+00	0.000000e+00
1.080000e+00	1.090000e+00	1.000000e+00	0.000000e+00	0.000000e+00
1.090000e+00	1.100000e+00	1.000000e+00	0.000000e+00	0.000000e+00
1.100000e+00	1.110000e+00	1.000000e+00	0.000000e+00	0.000000e+00
1.110000e+00	1.120000e+00	1.000000e+00	0.000000e+00	0.000000e+00
1.120000e+00	1.130000e+00	1.000000e+00	0.000000e+00	0.000000e+00
1.130000e+00	1.140000e+00	1.000000e+00	0.000000e+00	0.000000e+00
1.140000e+00	1.150000e+00	1.000000e+00	0.000000e+00	0.000000e+00
1.150000e+00	1.160000e+00	1.000000e+00	0.000000e+00	0.000000e+00
1.160000e+00	1.170000e+00	1.000000e+00	0.000000e+00	0.000000e+00
1.170000e+00	1.180000e+00	1.000000e+00	0.000000e+00	0.000000e+00
1.180000e+00	1.190000e+00	1.000000e+00	0.000000e+00	0.000000e+00
1.190000e+00	1.200000e+00	1.000000e+00	0.000000e+00	0.000000e+00
1.200000e+00	1.210000e+00	1.000000e+00	0.000000e+00	0.000000e+00
1.210000e+00	1.220000e+00	1.000000e+00	0.000000e+00	0.000000e+00
1.220000e+00	1.230000e+00	1.000000e+00	0.000000e+00	0.000000e+00
1.230000e+00	1.240000e+00	1.000000e+00	0.000000e+00	0.000000e+00
1.240000e+00	1.250000e+00	1.000000e+00	0.000000e+00	0.000000e+00
1.250000e+00	1.260000e+00	1.000000e+00	0.000000e+00	0.000000e+00
1.260000e+00	1.270000e+00	1.000000e+00	0.000000e+00	0.000000e+00
1.270000e+00	1.280000e+00	1.000000e+00	0.000000e+00	0.000000e+00
1.280000e+00	1.290000e+00	1.000000e+00	0.000000e+00	0.000000e+00
1.290000e+00	1.300000e+00	1.000000e+00	0.000000e+00	0.000000e+00
1.300000e+00	1.310000e+00	1.000000e+00	0.000000e+00	0.000000e+00
1.310000e+00	1.320000e+00	1.000000e+00	0.000000e+00	0.000000e+00
1.320000e+00	1.330000e+00	1.000000e+00	0.000000e+00	0.000000e+00
1.330000e+00	1.340000e+00	1.000000e+00	0.000000e+00	0.000000e+00
1.340000e+00	1.350000e+00	1.000000e+00	0.000000e+00	0.000000e+00
1.350000e+00	1.360000e+00	1.000000e+00	0.000000e+00	0.000000e+00
1.360000e+00	1.370000e+00	1.000000e+00	0.000000e+00	0.000000e+00
1.370000e+00	1.380000e+00	1.000000e+00	0.000000e+00	0.000000e+00
1.380000e+00	1.390000e+00	1.000000e+00	0.000000e+00	0.000000e+00
1.390000e+00	1.400000e+00	1.000000e+00	0.000000e+00	0.000000e+00
1.400000e+00	1.410000e+00	1.000000e+00	0.000000e+00	0.000000e+00
1.410000e+00	1.420000e+00	1.000000e+00	0.000000e+00	0.000000e+00
1.420000e+00	1.430000e+00	1.000000e+00	0.000000e+00	0.000000e+00
1.430000e+00	1.440000e+00	1.000000e+00	0.000000e+00	0.000000e+00
1.440000e+00	1.450000e+00	1.000000e+00	0.000000e+00	0.000000e+00
1.450000e+00	1.460000e+00	1.000000e+00	0.000000e+00	0.000000e+00
1.460000e+00	1.470000e+00	1.000000e+00	0.000000e+00	0.000000e+00
1.470000e+00	1.480000e+00	1.000000e+00	0.000000e+00	0.000000e+00
1.480000e+00	1.490000e+00	1.000000e+00	0.000000e+00	0.000000e+00
1.490000e+00	1.500000e+00	1.000000e+00	0.000000e+00	0.000000e+00
# END HISTO1D

