# BEGIN PLOT
XTwosidedTicks=1
DrawOnly=//nfs/farm/g/theory/qcdsim/shoeche/runs/lhjets/hj/mcnlo/css/run.yoda/LH2017_ZHSHAPES/psi_0.5_50 //nfs/farm/g/theory/qcdsim/shoeche/runs/lhjets/hj/mcnlo/css-1em/run.yoda/LH2017_ZHSHAPES/psi_0.5_50 //nfs/farm/g/theory/qcdsim/shoeche/runs/lhjets/hj/nlo/cs/run.yoda/LH2017_ZHSHAPES/psi_0.5_50
RatioPlotReference=//nfs/farm/g/theory/qcdsim/shoeche/runs/lhjets/hj/nlo/cs/run.yoda/LH2017_ZHSHAPES/psi_0.5_50
RatioPlot=1
LogY=1
RatioPlotYLabel=Ratio
LegendOnly=//nfs/farm/g/theory/qcdsim/shoeche/runs/lhjets/hj/mcnlo/css/run.yoda/LH2017_ZHSHAPES/psi_0.5_50 //nfs/farm/g/theory/qcdsim/shoeche/runs/lhjets/hj/mcnlo/css-1em/run.yoda/LH2017_ZHSHAPES/psi_0.5_50 //nfs/farm/g/theory/qcdsim/shoeche/runs/lhjets/hj/nlo/cs/run.yoda/LH2017_ZHSHAPES/psi_0.5_50
RatioPlotSameStyle=1
YTwosidedTicks=1
Legend=1
# END PLOT

# BEGIN HISTO1D //nfs/farm/g/theory/qcdsim/shoeche/runs/lhjets/hj/mcnlo/css/run.yoda/LH2017_ZHSHAPES/psi_0.5_50
ErrorBars=1
LineColor=red
LineStyle=solid
Path=//nfs/farm/g/theory/qcdsim/shoeche/runs/lhjets/hj/mcnlo/css/run.yoda/LH2017_ZHSHAPES/psi_0.5_50
Title=Sherpa~MCNLO
XLabel=
YLabel=
# xlow	 xhigh	 val	 errminus	 errplus
0.000000e+00	1.000000e-02	2.477918e-01	1.808415e-04	1.808415e-04
1.000000e-02	2.000000e-02	2.938137e-01	1.875399e-04	1.875399e-04
2.000000e-02	3.000000e-02	3.665381e-01	1.928124e-04	1.928124e-04
3.000000e-02	4.000000e-02	4.445248e-01	1.922591e-04	1.922591e-04
4.000000e-02	5.000000e-02	5.111480e-01	1.870214e-04	1.870214e-04
5.000000e-02	6.000000e-02	5.667576e-01	1.795000e-04	1.795000e-04
6.000000e-02	7.000000e-02	6.136016e-01	1.709801e-04	1.709801e-04
7.000000e-02	8.000000e-02	6.537617e-01	1.620239e-04	1.620239e-04
8.000000e-02	9.000000e-02	6.884959e-01	1.529521e-04	1.529521e-04
9.000000e-02	1.000000e-01	7.187396e-01	1.439777e-04	1.439777e-04
1.000000e-01	1.100000e-01	7.452403e-01	1.352600e-04	1.352600e-04
1.100000e-01	1.200000e-01	7.687249e-01	1.267998e-04	1.267998e-04
1.200000e-01	1.300000e-01	7.895931e-01	1.186463e-04	1.186463e-04
1.300000e-01	1.400000e-01	8.082221e-01	1.108390e-04	1.108390e-04
1.400000e-01	1.500000e-01	8.249933e-01	1.033977e-04	1.033977e-04
1.500000e-01	1.600000e-01	8.401341e-01	9.627990e-05	9.627990e-05
1.600000e-01	1.700000e-01	8.538757e-01	8.951384e-05	8.951384e-05
1.700000e-01	1.800000e-01	8.663516e-01	8.311646e-05	8.311646e-05
1.800000e-01	1.900000e-01	8.777507e-01	7.707714e-05	7.707714e-05
1.900000e-01	2.000000e-01	8.881599e-01	7.144378e-05	7.144378e-05
2.000000e-01	2.100000e-01	8.977142e-01	6.616164e-05	6.616164e-05
2.100000e-01	2.200000e-01	9.065313e-01	6.126193e-05	6.126193e-05
2.200000e-01	2.300000e-01	9.146660e-01	5.678017e-05	5.678017e-05
2.300000e-01	2.400000e-01	9.221828e-01	5.270403e-05	5.270403e-05
2.400000e-01	2.500000e-01	9.291739e-01	4.897581e-05	4.897581e-05
2.500000e-01	2.600000e-01	9.357069e-01	4.554261e-05	4.554261e-05
2.600000e-01	2.700000e-01	9.417926e-01	4.233388e-05	4.233388e-05
2.700000e-01	2.800000e-01	9.474784e-01	3.930649e-05	3.930649e-05
2.800000e-01	2.900000e-01	9.527844e-01	3.643679e-05	3.643679e-05
2.900000e-01	3.000000e-01	9.577467e-01	3.369681e-05	3.369681e-05
3.000000e-01	3.100000e-01	9.623839e-01	3.107855e-05	3.107855e-05
3.100000e-01	3.200000e-01	9.666961e-01	2.858831e-05	2.858831e-05
3.200000e-01	3.300000e-01	9.707087e-01	2.618334e-05	2.618334e-05
3.300000e-01	3.400000e-01	9.744368e-01	2.387331e-05	2.387331e-05
3.400000e-01	3.500000e-01	9.778945e-01	2.164618e-05	2.164618e-05
3.500000e-01	3.600000e-01	9.810969e-01	1.949620e-05	1.949620e-05
3.600000e-01	3.700000e-01	9.840490e-01	1.741267e-05	1.741267e-05
3.700000e-01	3.800000e-01	9.867285e-01	1.542103e-05	1.542103e-05
3.800000e-01	3.900000e-01	9.891627e-01	1.349570e-05	1.349570e-05
3.900000e-01	4.000000e-01	9.913497e-01	1.164798e-05	1.164798e-05
4.000000e-01	4.100000e-01	9.932911e-01	9.876942e-06	9.876942e-06
4.100000e-01	4.200000e-01	9.949757e-01	8.192945e-06	8.192945e-06
4.200000e-01	4.300000e-01	9.964196e-01	6.594761e-06	6.594761e-06
4.300000e-01	4.400000e-01	9.976064e-01	5.110686e-06	5.110686e-06
4.400000e-01	4.500000e-01	9.985356e-01	3.757536e-06	3.757536e-06
4.500000e-01	4.600000e-01	9.992090e-01	2.602758e-06	2.602758e-06
4.600000e-01	4.700000e-01	9.996385e-01	1.676899e-06	1.676899e-06
4.700000e-01	4.800000e-01	9.998518e-01	1.063102e-06	1.063102e-06
4.800000e-01	4.900000e-01	9.999266e-01	8.532868e-07	8.532868e-07
4.900000e-01	5.000000e-01	9.999489e-01	6.968313e-07	6.968313e-07
5.000000e-01	5.100000e-01	9.999622e-01	6.362205e-07	6.362205e-07
5.100000e-01	5.200000e-01	9.999722e-01	4.928297e-07	4.928297e-07
5.200000e-01	5.300000e-01	9.999799e-01	4.024188e-07	4.024188e-07
5.300000e-01	5.400000e-01	9.999854e-01	2.845494e-07	2.845494e-07
5.400000e-01	5.500000e-01	9.999895e-01	2.845815e-07	2.845815e-07
5.500000e-01	5.600000e-01	9.999927e-01	2.845992e-07	2.845992e-07
5.600000e-01	5.700000e-01	9.999950e-01	2.113966e-09	2.113966e-09
5.700000e-01	5.800000e-01	9.999964e-01	2.846117e-07	2.846117e-07
5.800000e-01	5.900000e-01	9.999977e-01	9.608947e-10	9.608947e-10
5.900000e-01	6.000000e-01	9.999982e-01	2.846148e-07	2.846148e-07
6.000000e-01	6.100000e-01	9.999991e-01	3.843415e-10	3.843415e-10
6.100000e-01	6.200000e-01	9.999991e-01	2.846156e-07	2.846156e-07
6.200000e-01	6.300000e-01	9.999995e-01	1.921865e-10	1.921865e-10
6.300000e-01	6.400000e-01	9.999995e-01	2.846158e-07	2.846158e-07
6.400000e-01	6.500000e-01	9.999995e-01	2.846158e-07	2.846158e-07
6.500000e-01	6.600000e-01	1.000000e+00	2.846159e-07	2.846159e-07
6.600000e-01	6.700000e-01	1.000000e+00	0.000000e+00	0.000000e+00
6.700000e-01	6.800000e-01	1.000000e+00	0.000000e+00	0.000000e+00
6.800000e-01	6.900000e-01	1.000000e+00	0.000000e+00	0.000000e+00
6.900000e-01	7.000000e-01	1.000000e+00	0.000000e+00	0.000000e+00
7.000000e-01	7.100000e-01	1.000000e+00	0.000000e+00	0.000000e+00
7.100000e-01	7.200000e-01	1.000000e+00	0.000000e+00	0.000000e+00
7.200000e-01	7.300000e-01	1.000000e+00	0.000000e+00	0.000000e+00
7.300000e-01	7.400000e-01	1.000000e+00	0.000000e+00	0.000000e+00
7.400000e-01	7.500000e-01	1.000000e+00	0.000000e+00	0.000000e+00
7.500000e-01	7.600000e-01	1.000000e+00	0.000000e+00	0.000000e+00
7.600000e-01	7.700000e-01	1.000000e+00	0.000000e+00	0.000000e+00
7.700000e-01	7.800000e-01	1.000000e+00	0.000000e+00	0.000000e+00
7.800000e-01	7.900000e-01	1.000000e+00	0.000000e+00	0.000000e+00
7.900000e-01	8.000000e-01	1.000000e+00	0.000000e+00	0.000000e+00
8.000000e-01	8.100000e-01	1.000000e+00	0.000000e+00	0.000000e+00
8.100000e-01	8.200000e-01	1.000000e+00	0.000000e+00	0.000000e+00
8.200000e-01	8.300000e-01	1.000000e+00	0.000000e+00	0.000000e+00
8.300000e-01	8.400000e-01	1.000000e+00	0.000000e+00	0.000000e+00
8.400000e-01	8.500000e-01	1.000000e+00	0.000000e+00	0.000000e+00
8.500000e-01	8.600000e-01	1.000000e+00	0.000000e+00	0.000000e+00
8.600000e-01	8.700000e-01	1.000000e+00	0.000000e+00	0.000000e+00
8.700000e-01	8.800000e-01	1.000000e+00	0.000000e+00	0.000000e+00
8.800000e-01	8.900000e-01	1.000000e+00	0.000000e+00	0.000000e+00
8.900000e-01	9.000000e-01	1.000000e+00	0.000000e+00	0.000000e+00
9.000000e-01	9.100000e-01	1.000000e+00	0.000000e+00	0.000000e+00
9.100000e-01	9.200000e-01	1.000000e+00	0.000000e+00	0.000000e+00
9.200000e-01	9.300000e-01	1.000000e+00	0.000000e+00	0.000000e+00
9.300000e-01	9.400000e-01	1.000000e+00	0.000000e+00	0.000000e+00
9.400000e-01	9.500000e-01	1.000000e+00	0.000000e+00	0.000000e+00
9.500000e-01	9.600000e-01	1.000000e+00	0.000000e+00	0.000000e+00
9.600000e-01	9.700000e-01	1.000000e+00	0.000000e+00	0.000000e+00
9.700000e-01	9.800000e-01	1.000000e+00	0.000000e+00	0.000000e+00
9.800000e-01	9.900000e-01	1.000000e+00	0.000000e+00	0.000000e+00
9.900000e-01	1.000000e+00	1.000000e+00	0.000000e+00	0.000000e+00
1.000000e+00	1.010000e+00	1.000000e+00	0.000000e+00	0.000000e+00
1.010000e+00	1.020000e+00	1.000000e+00	0.000000e+00	0.000000e+00
1.020000e+00	1.030000e+00	1.000000e+00	0.000000e+00	0.000000e+00
1.030000e+00	1.040000e+00	1.000000e+00	0.000000e+00	0.000000e+00
1.040000e+00	1.050000e+00	1.000000e+00	0.000000e+00	0.000000e+00
1.050000e+00	1.060000e+00	1.000000e+00	0.000000e+00	0.000000e+00
1.060000e+00	1.070000e+00	1.000000e+00	0.000000e+00	0.000000e+00
1.070000e+00	1.080000e+00	1.000000e+00	0.000000e+00	0.000000e+00
1.080000e+00	1.090000e+00	1.000000e+00	0.000000e+00	0.000000e+00
1.090000e+00	1.100000e+00	1.000000e+00	0.000000e+00	0.000000e+00
1.100000e+00	1.110000e+00	1.000000e+00	0.000000e+00	0.000000e+00
1.110000e+00	1.120000e+00	1.000000e+00	0.000000e+00	0.000000e+00
1.120000e+00	1.130000e+00	1.000000e+00	0.000000e+00	0.000000e+00
1.130000e+00	1.140000e+00	1.000000e+00	0.000000e+00	0.000000e+00
1.140000e+00	1.150000e+00	1.000000e+00	0.000000e+00	0.000000e+00
1.150000e+00	1.160000e+00	1.000000e+00	0.000000e+00	0.000000e+00
1.160000e+00	1.170000e+00	1.000000e+00	0.000000e+00	0.000000e+00
1.170000e+00	1.180000e+00	1.000000e+00	0.000000e+00	0.000000e+00
1.180000e+00	1.190000e+00	1.000000e+00	0.000000e+00	0.000000e+00
1.190000e+00	1.200000e+00	1.000000e+00	0.000000e+00	0.000000e+00
1.200000e+00	1.210000e+00	1.000000e+00	0.000000e+00	0.000000e+00
1.210000e+00	1.220000e+00	1.000000e+00	0.000000e+00	0.000000e+00
1.220000e+00	1.230000e+00	1.000000e+00	0.000000e+00	0.000000e+00
1.230000e+00	1.240000e+00	1.000000e+00	0.000000e+00	0.000000e+00
1.240000e+00	1.250000e+00	1.000000e+00	0.000000e+00	0.000000e+00
1.250000e+00	1.260000e+00	1.000000e+00	0.000000e+00	0.000000e+00
1.260000e+00	1.270000e+00	1.000000e+00	0.000000e+00	0.000000e+00
1.270000e+00	1.280000e+00	1.000000e+00	0.000000e+00	0.000000e+00
1.280000e+00	1.290000e+00	1.000000e+00	0.000000e+00	0.000000e+00
1.290000e+00	1.300000e+00	1.000000e+00	0.000000e+00	0.000000e+00
1.300000e+00	1.310000e+00	1.000000e+00	0.000000e+00	0.000000e+00
1.310000e+00	1.320000e+00	1.000000e+00	0.000000e+00	0.000000e+00
1.320000e+00	1.330000e+00	1.000000e+00	0.000000e+00	0.000000e+00
1.330000e+00	1.340000e+00	1.000000e+00	0.000000e+00	0.000000e+00
1.340000e+00	1.350000e+00	1.000000e+00	0.000000e+00	0.000000e+00
1.350000e+00	1.360000e+00	1.000000e+00	0.000000e+00	0.000000e+00
1.360000e+00	1.370000e+00	1.000000e+00	0.000000e+00	0.000000e+00
1.370000e+00	1.380000e+00	1.000000e+00	0.000000e+00	0.000000e+00
1.380000e+00	1.390000e+00	1.000000e+00	0.000000e+00	0.000000e+00
1.390000e+00	1.400000e+00	1.000000e+00	0.000000e+00	0.000000e+00
1.400000e+00	1.410000e+00	1.000000e+00	0.000000e+00	0.000000e+00
1.410000e+00	1.420000e+00	1.000000e+00	0.000000e+00	0.000000e+00
1.420000e+00	1.430000e+00	1.000000e+00	0.000000e+00	0.000000e+00
1.430000e+00	1.440000e+00	1.000000e+00	0.000000e+00	0.000000e+00
1.440000e+00	1.450000e+00	1.000000e+00	0.000000e+00	0.000000e+00
1.450000e+00	1.460000e+00	1.000000e+00	0.000000e+00	0.000000e+00
1.460000e+00	1.470000e+00	1.000000e+00	0.000000e+00	0.000000e+00
1.470000e+00	1.480000e+00	1.000000e+00	0.000000e+00	0.000000e+00
1.480000e+00	1.490000e+00	1.000000e+00	0.000000e+00	0.000000e+00
1.490000e+00	1.500000e+00	1.000000e+00	0.000000e+00	0.000000e+00
# END HISTO1D

# BEGIN HISTO1D //nfs/farm/g/theory/qcdsim/shoeche/runs/lhjets/hj/mcnlo/css-1em/run.yoda/LH2017_ZHSHAPES/psi_0.5_50
ErrorBars=1
LineColor=blue
LineStyle=solid
Path=//nfs/farm/g/theory/qcdsim/shoeche/runs/lhjets/hj/mcnlo/css-1em/run.yoda/LH2017_ZHSHAPES/psi_0.5_50
Title=Sherpa~MCNLO~1em
XLabel=
YLabel=
# xlow	 xhigh	 val	 errminus	 errplus
0.000000e+00	1.000000e-02	9.816944e-01	9.158656e-05	9.158656e-05
1.000000e-02	2.000000e-02	9.821425e-01	9.035907e-05	9.035907e-05
2.000000e-02	3.000000e-02	9.827589e-01	8.861370e-05	8.861370e-05
3.000000e-02	4.000000e-02	9.835033e-01	8.641835e-05	8.641835e-05
4.000000e-02	5.000000e-02	9.843423e-01	8.382545e-05	8.382545e-05
5.000000e-02	6.000000e-02	9.852183e-01	8.099239e-05	8.099239e-05
6.000000e-02	7.000000e-02	9.861198e-01	7.794816e-05	7.794816e-05
7.000000e-02	8.000000e-02	9.870397e-01	7.466720e-05	7.466720e-05
8.000000e-02	9.000000e-02	9.879550e-01	7.123141e-05	7.123141e-05
9.000000e-02	1.000000e-01	9.888660e-01	6.760521e-05	6.760521e-05
1.000000e-01	1.100000e-01	9.897436e-01	6.393688e-05	6.393688e-05
1.100000e-01	1.200000e-01	9.905705e-01	6.029070e-05	6.029070e-05
1.200000e-01	1.300000e-01	9.913663e-01	5.658090e-05	5.658090e-05
1.300000e-01	1.400000e-01	9.920987e-01	5.298415e-05	5.298415e-05
1.400000e-01	1.500000e-01	9.927904e-01	4.942307e-05	4.942307e-05
1.500000e-01	1.600000e-01	9.934736e-01	4.566027e-05	4.566027e-05
1.600000e-01	1.700000e-01	9.941209e-01	4.193955e-05	4.193955e-05
1.700000e-01	1.800000e-01	9.947157e-01	3.826921e-05	3.826921e-05
1.800000e-01	1.900000e-01	9.952633e-01	3.472918e-05	3.472918e-05
1.900000e-01	2.000000e-01	9.957635e-01	3.134633e-05	3.134633e-05
2.000000e-01	2.100000e-01	9.962433e-01	2.799207e-05	2.799207e-05
2.100000e-01	2.200000e-01	9.966788e-01	2.487875e-05	2.487875e-05
2.200000e-01	2.300000e-01	9.970798e-01	2.203405e-05	2.203405e-05
2.300000e-01	2.400000e-01	9.974443e-01	1.955664e-05	1.955664e-05
2.400000e-01	2.500000e-01	9.977797e-01	1.764197e-05	1.764197e-05
2.500000e-01	2.600000e-01	9.980871e-01	1.603612e-05	1.603612e-05
2.600000e-01	2.700000e-01	9.983638e-01	1.451633e-05	1.451633e-05
2.700000e-01	2.800000e-01	9.986088e-01	1.309509e-05	1.309509e-05
2.800000e-01	2.900000e-01	9.988252e-01	1.175199e-05	1.175199e-05
2.900000e-01	3.000000e-01	9.990108e-01	1.054512e-05	1.054512e-05
3.000000e-01	3.100000e-01	9.991832e-01	9.334359e-06	9.334359e-06
3.100000e-01	3.200000e-01	9.993349e-01	8.194657e-06	8.194657e-06
3.200000e-01	3.300000e-01	9.994583e-01	7.200527e-06	7.200527e-06
3.300000e-01	3.400000e-01	9.995708e-01	6.208230e-06	6.208230e-06
3.400000e-01	3.500000e-01	9.996638e-01	5.328211e-06	5.328211e-06
3.500000e-01	3.600000e-01	9.997391e-01	4.552322e-06	4.552322e-06
3.600000e-01	3.700000e-01	9.998021e-01	3.831901e-06	3.831901e-06
3.700000e-01	3.800000e-01	9.998556e-01	3.144443e-06	3.144443e-06
3.800000e-01	3.900000e-01	9.998984e-01	2.536375e-06	2.536375e-06
3.900000e-01	4.000000e-01	9.999309e-01	2.008369e-06	2.008369e-06
4.000000e-01	4.100000e-01	9.999547e-01	1.549610e-06	1.549610e-06
4.100000e-01	4.200000e-01	9.999718e-01	1.117496e-06	1.117496e-06
4.200000e-01	4.300000e-01	9.999827e-01	8.766869e-07	8.766869e-07
4.300000e-01	4.400000e-01	9.999909e-01	6.199366e-07	6.199366e-07
4.400000e-01	4.500000e-01	9.999959e-01	2.812067e-09	2.812067e-09
4.500000e-01	4.600000e-01	9.999986e-01	9.842243e-10	9.842243e-10
4.600000e-01	4.700000e-01	9.999996e-01	2.811247e-10	2.811247e-10
4.700000e-01	4.800000e-01	1.000000e+00	3.099837e-07	3.099837e-07
4.800000e-01	4.900000e-01	1.000000e+00	0.000000e+00	0.000000e+00
4.900000e-01	5.000000e-01	1.000000e+00	0.000000e+00	0.000000e+00
5.000000e-01	5.100000e-01	1.000000e+00	0.000000e+00	0.000000e+00
5.100000e-01	5.200000e-01	1.000000e+00	0.000000e+00	0.000000e+00
5.200000e-01	5.300000e-01	1.000000e+00	0.000000e+00	0.000000e+00
5.300000e-01	5.400000e-01	1.000000e+00	0.000000e+00	0.000000e+00
5.400000e-01	5.500000e-01	1.000000e+00	0.000000e+00	0.000000e+00
5.500000e-01	5.600000e-01	1.000000e+00	0.000000e+00	0.000000e+00
5.600000e-01	5.700000e-01	1.000000e+00	0.000000e+00	0.000000e+00
5.700000e-01	5.800000e-01	1.000000e+00	0.000000e+00	0.000000e+00
5.800000e-01	5.900000e-01	1.000000e+00	0.000000e+00	0.000000e+00
5.900000e-01	6.000000e-01	1.000000e+00	0.000000e+00	0.000000e+00
6.000000e-01	6.100000e-01	1.000000e+00	0.000000e+00	0.000000e+00
6.100000e-01	6.200000e-01	1.000000e+00	0.000000e+00	0.000000e+00
6.200000e-01	6.300000e-01	1.000000e+00	0.000000e+00	0.000000e+00
6.300000e-01	6.400000e-01	1.000000e+00	0.000000e+00	0.000000e+00
6.400000e-01	6.500000e-01	1.000000e+00	0.000000e+00	0.000000e+00
6.500000e-01	6.600000e-01	1.000000e+00	0.000000e+00	0.000000e+00
6.600000e-01	6.700000e-01	1.000000e+00	0.000000e+00	0.000000e+00
6.700000e-01	6.800000e-01	1.000000e+00	0.000000e+00	0.000000e+00
6.800000e-01	6.900000e-01	1.000000e+00	0.000000e+00	0.000000e+00
6.900000e-01	7.000000e-01	1.000000e+00	0.000000e+00	0.000000e+00
7.000000e-01	7.100000e-01	1.000000e+00	0.000000e+00	0.000000e+00
7.100000e-01	7.200000e-01	1.000000e+00	0.000000e+00	0.000000e+00
7.200000e-01	7.300000e-01	1.000000e+00	0.000000e+00	0.000000e+00
7.300000e-01	7.400000e-01	1.000000e+00	0.000000e+00	0.000000e+00
7.400000e-01	7.500000e-01	1.000000e+00	0.000000e+00	0.000000e+00
7.500000e-01	7.600000e-01	1.000000e+00	0.000000e+00	0.000000e+00
7.600000e-01	7.700000e-01	1.000000e+00	0.000000e+00	0.000000e+00
7.700000e-01	7.800000e-01	1.000000e+00	0.000000e+00	0.000000e+00
7.800000e-01	7.900000e-01	1.000000e+00	0.000000e+00	0.000000e+00
7.900000e-01	8.000000e-01	1.000000e+00	0.000000e+00	0.000000e+00
8.000000e-01	8.100000e-01	1.000000e+00	0.000000e+00	0.000000e+00
8.100000e-01	8.200000e-01	1.000000e+00	0.000000e+00	0.000000e+00
8.200000e-01	8.300000e-01	1.000000e+00	0.000000e+00	0.000000e+00
8.300000e-01	8.400000e-01	1.000000e+00	0.000000e+00	0.000000e+00
8.400000e-01	8.500000e-01	1.000000e+00	0.000000e+00	0.000000e+00
8.500000e-01	8.600000e-01	1.000000e+00	0.000000e+00	0.000000e+00
8.600000e-01	8.700000e-01	1.000000e+00	0.000000e+00	0.000000e+00
8.700000e-01	8.800000e-01	1.000000e+00	0.000000e+00	0.000000e+00
8.800000e-01	8.900000e-01	1.000000e+00	0.000000e+00	0.000000e+00
8.900000e-01	9.000000e-01	1.000000e+00	0.000000e+00	0.000000e+00
9.000000e-01	9.100000e-01	1.000000e+00	0.000000e+00	0.000000e+00
9.100000e-01	9.200000e-01	1.000000e+00	0.000000e+00	0.000000e+00
9.200000e-01	9.300000e-01	1.000000e+00	0.000000e+00	0.000000e+00
9.300000e-01	9.400000e-01	1.000000e+00	0.000000e+00	0.000000e+00
9.400000e-01	9.500000e-01	1.000000e+00	0.000000e+00	0.000000e+00
9.500000e-01	9.600000e-01	1.000000e+00	0.000000e+00	0.000000e+00
9.600000e-01	9.700000e-01	1.000000e+00	0.000000e+00	0.000000e+00
9.700000e-01	9.800000e-01	1.000000e+00	0.000000e+00	0.000000e+00
9.800000e-01	9.900000e-01	1.000000e+00	0.000000e+00	0.000000e+00
9.900000e-01	1.000000e+00	1.000000e+00	0.000000e+00	0.000000e+00
1.000000e+00	1.010000e+00	1.000000e+00	0.000000e+00	0.000000e+00
1.010000e+00	1.020000e+00	1.000000e+00	0.000000e+00	0.000000e+00
1.020000e+00	1.030000e+00	1.000000e+00	0.000000e+00	0.000000e+00
1.030000e+00	1.040000e+00	1.000000e+00	0.000000e+00	0.000000e+00
1.040000e+00	1.050000e+00	1.000000e+00	0.000000e+00	0.000000e+00
1.050000e+00	1.060000e+00	1.000000e+00	0.000000e+00	0.000000e+00
1.060000e+00	1.070000e+00	1.000000e+00	0.000000e+00	0.000000e+00
1.070000e+00	1.080000e+00	1.000000e+00	0.000000e+00	0.000000e+00
1.080000e+00	1.090000e+00	1.000000e+00	0.000000e+00	0.000000e+00
1.090000e+00	1.100000e+00	1.000000e+00	0.000000e+00	0.000000e+00
1.100000e+00	1.110000e+00	1.000000e+00	0.000000e+00	0.000000e+00
1.110000e+00	1.120000e+00	1.000000e+00	0.000000e+00	0.000000e+00
1.120000e+00	1.130000e+00	1.000000e+00	0.000000e+00	0.000000e+00
1.130000e+00	1.140000e+00	1.000000e+00	0.000000e+00	0.000000e+00
1.140000e+00	1.150000e+00	1.000000e+00	0.000000e+00	0.000000e+00
1.150000e+00	1.160000e+00	1.000000e+00	0.000000e+00	0.000000e+00
1.160000e+00	1.170000e+00	1.000000e+00	0.000000e+00	0.000000e+00
1.170000e+00	1.180000e+00	1.000000e+00	0.000000e+00	0.000000e+00
1.180000e+00	1.190000e+00	1.000000e+00	0.000000e+00	0.000000e+00
1.190000e+00	1.200000e+00	1.000000e+00	0.000000e+00	0.000000e+00
1.200000e+00	1.210000e+00	1.000000e+00	0.000000e+00	0.000000e+00
1.210000e+00	1.220000e+00	1.000000e+00	0.000000e+00	0.000000e+00
1.220000e+00	1.230000e+00	1.000000e+00	0.000000e+00	0.000000e+00
1.230000e+00	1.240000e+00	1.000000e+00	0.000000e+00	0.000000e+00
1.240000e+00	1.250000e+00	1.000000e+00	0.000000e+00	0.000000e+00
1.250000e+00	1.260000e+00	1.000000e+00	0.000000e+00	0.000000e+00
1.260000e+00	1.270000e+00	1.000000e+00	0.000000e+00	0.000000e+00
1.270000e+00	1.280000e+00	1.000000e+00	0.000000e+00	0.000000e+00
1.280000e+00	1.290000e+00	1.000000e+00	0.000000e+00	0.000000e+00
1.290000e+00	1.300000e+00	1.000000e+00	0.000000e+00	0.000000e+00
1.300000e+00	1.310000e+00	1.000000e+00	0.000000e+00	0.000000e+00
1.310000e+00	1.320000e+00	1.000000e+00	0.000000e+00	0.000000e+00
1.320000e+00	1.330000e+00	1.000000e+00	0.000000e+00	0.000000e+00
1.330000e+00	1.340000e+00	1.000000e+00	0.000000e+00	0.000000e+00
1.340000e+00	1.350000e+00	1.000000e+00	0.000000e+00	0.000000e+00
1.350000e+00	1.360000e+00	1.000000e+00	0.000000e+00	0.000000e+00
1.360000e+00	1.370000e+00	1.000000e+00	0.000000e+00	0.000000e+00
1.370000e+00	1.380000e+00	1.000000e+00	0.000000e+00	0.000000e+00
1.380000e+00	1.390000e+00	1.000000e+00	0.000000e+00	0.000000e+00
1.390000e+00	1.400000e+00	1.000000e+00	0.000000e+00	0.000000e+00
1.400000e+00	1.410000e+00	1.000000e+00	0.000000e+00	0.000000e+00
1.410000e+00	1.420000e+00	1.000000e+00	0.000000e+00	0.000000e+00
1.420000e+00	1.430000e+00	1.000000e+00	0.000000e+00	0.000000e+00
1.430000e+00	1.440000e+00	1.000000e+00	0.000000e+00	0.000000e+00
1.440000e+00	1.450000e+00	1.000000e+00	0.000000e+00	0.000000e+00
1.450000e+00	1.460000e+00	1.000000e+00	0.000000e+00	0.000000e+00
1.460000e+00	1.470000e+00	1.000000e+00	0.000000e+00	0.000000e+00
1.470000e+00	1.480000e+00	1.000000e+00	0.000000e+00	0.000000e+00
1.480000e+00	1.490000e+00	1.000000e+00	0.000000e+00	0.000000e+00
1.490000e+00	1.500000e+00	1.000000e+00	0.000000e+00	0.000000e+00
# END HISTO1D

# BEGIN HISTO1D //nfs/farm/g/theory/qcdsim/shoeche/runs/lhjets/hj/nlo/cs/run.yoda/LH2017_ZHSHAPES/psi_0.5_50
ErrorBars=0
LineColor=green
LineStyle=solid
Path=//nfs/farm/g/theory/qcdsim/shoeche/runs/lhjets/hj/nlo/cs/run.yoda/LH2017_ZHSHAPES/psi_0.5_50
Title=Sherpa~NLO
XLabel=
YLabel=
# xlow	 xhigh	 val	 errminus	 errplus
0.000000e+00	1.000000e-02	4.150450e-01	1.079911e-01	1.079911e-01
1.000000e-02	2.000000e-02	6.121297e-01	1.068733e-01	1.068733e-01
2.000000e-02	3.000000e-02	7.059235e-01	9.838200e-02	9.838200e-02
3.000000e-02	4.000000e-02	7.641630e-01	9.001748e-02	9.001748e-02
4.000000e-02	5.000000e-02	8.045482e-01	8.239288e-02	8.239288e-02
5.000000e-02	6.000000e-02	8.342452e-01	7.556099e-02	7.556099e-02
6.000000e-02	7.000000e-02	8.572507e-01	6.943371e-02	6.943371e-02
7.000000e-02	8.000000e-02	8.754616e-01	6.389357e-02	6.389357e-02
8.000000e-02	9.000000e-02	8.904622e-01	5.890072e-02	5.890072e-02
9.000000e-02	1.000000e-01	9.031260e-01	5.425187e-02	5.425187e-02
1.000000e-01	1.100000e-01	9.139293e-01	4.996146e-02	4.996146e-02
1.100000e-01	1.200000e-01	9.229986e-01	4.606193e-02	4.606193e-02
1.200000e-01	1.300000e-01	9.309566e-01	4.237859e-02	4.237859e-02
1.300000e-01	1.400000e-01	9.378017e-01	3.897984e-02	3.897984e-02
1.400000e-01	1.500000e-01	9.439817e-01	3.571443e-02	3.571443e-02
1.500000e-01	1.600000e-01	9.494557e-01	3.269637e-02	3.269637e-02
1.600000e-01	1.700000e-01	9.543407e-01	2.986065e-02	2.986065e-02
1.700000e-01	1.800000e-01	9.586715e-01	2.727227e-02	2.727227e-02
1.800000e-01	1.900000e-01	9.625942e-01	2.483411e-02	2.483411e-02
1.900000e-01	2.000000e-01	9.661692e-01	2.255915e-02	2.255915e-02
2.000000e-01	2.100000e-01	9.694191e-01	2.043983e-02	2.043983e-02
2.100000e-01	2.200000e-01	9.723421e-01	1.857270e-02	1.857270e-02
2.200000e-01	2.300000e-01	9.750343e-01	1.689671e-02	1.689671e-02
2.300000e-01	2.400000e-01	9.774714e-01	1.544256e-02	1.544256e-02
2.400000e-01	2.500000e-01	9.797163e-01	1.424162e-02	1.424162e-02
2.500000e-01	2.600000e-01	9.817435e-01	1.323369e-02	1.323369e-02
2.600000e-01	2.700000e-01	9.836147e-01	1.226657e-02	1.226657e-02
2.700000e-01	2.800000e-01	9.853102e-01	1.136359e-02	1.136359e-02
2.800000e-01	2.900000e-01	9.868984e-01	1.048720e-02	1.048720e-02
2.900000e-01	3.000000e-01	9.883560e-01	9.653804e-03	9.653804e-03
3.000000e-01	3.100000e-01	9.896992e-01	8.847520e-03	8.847520e-03
3.100000e-01	3.200000e-01	9.908982e-01	8.089295e-03	8.089295e-03
3.200000e-01	3.300000e-01	9.920147e-01	7.370095e-03	7.370095e-03
3.300000e-01	3.400000e-01	9.930440e-01	6.677304e-03	6.677304e-03
3.400000e-01	3.500000e-01	9.939920e-01	6.001811e-03	6.001811e-03
3.500000e-01	3.600000e-01	9.948457e-01	5.379435e-03	5.379435e-03
3.600000e-01	3.700000e-01	9.956069e-01	4.791990e-03	4.791990e-03
3.700000e-01	3.800000e-01	9.963028e-01	4.215191e-03	4.215191e-03
3.800000e-01	3.900000e-01	9.969269e-01	3.691030e-03	3.691030e-03
3.900000e-01	4.000000e-01	9.974958e-01	3.179937e-03	3.179937e-03
4.000000e-01	4.100000e-01	9.979888e-01	2.704196e-03	2.704196e-03
4.100000e-01	4.200000e-01	9.984356e-01	2.241684e-03	2.241684e-03
4.200000e-01	4.300000e-01	9.988153e-01	1.834178e-03	1.834178e-03
4.300000e-01	4.400000e-01	9.991291e-01	1.455733e-03	1.455733e-03
4.400000e-01	4.500000e-01	9.993996e-01	1.090523e-03	1.090523e-03
4.500000e-01	4.600000e-01	9.996179e-01	7.842809e-04	7.842809e-04
4.600000e-01	4.700000e-01	9.997870e-01	4.663411e-04	4.663411e-04
4.700000e-01	4.800000e-01	9.999033e-01	1.900916e-04	1.900916e-04
4.800000e-01	4.900000e-01	9.999757e-01	1.915122e-04	1.915122e-04
4.900000e-01	5.000000e-01	1.000000e+00	0.000000e+00	0.000000e+00
5.000000e-01	5.100000e-01	1.000000e+00	0.000000e+00	0.000000e+00
5.100000e-01	5.200000e-01	1.000000e+00	0.000000e+00	0.000000e+00
5.200000e-01	5.300000e-01	1.000000e+00	0.000000e+00	0.000000e+00
5.300000e-01	5.400000e-01	1.000000e+00	0.000000e+00	0.000000e+00
5.400000e-01	5.500000e-01	1.000000e+00	0.000000e+00	0.000000e+00
5.500000e-01	5.600000e-01	1.000000e+00	0.000000e+00	0.000000e+00
5.600000e-01	5.700000e-01	1.000000e+00	0.000000e+00	0.000000e+00
5.700000e-01	5.800000e-01	1.000000e+00	0.000000e+00	0.000000e+00
5.800000e-01	5.900000e-01	1.000000e+00	0.000000e+00	0.000000e+00
5.900000e-01	6.000000e-01	1.000000e+00	0.000000e+00	0.000000e+00
6.000000e-01	6.100000e-01	1.000000e+00	0.000000e+00	0.000000e+00
6.100000e-01	6.200000e-01	1.000000e+00	0.000000e+00	0.000000e+00
6.200000e-01	6.300000e-01	1.000000e+00	0.000000e+00	0.000000e+00
6.300000e-01	6.400000e-01	1.000000e+00	0.000000e+00	0.000000e+00
6.400000e-01	6.500000e-01	1.000000e+00	0.000000e+00	0.000000e+00
6.500000e-01	6.600000e-01	1.000000e+00	0.000000e+00	0.000000e+00
6.600000e-01	6.700000e-01	1.000000e+00	0.000000e+00	0.000000e+00
6.700000e-01	6.800000e-01	1.000000e+00	0.000000e+00	0.000000e+00
6.800000e-01	6.900000e-01	1.000000e+00	0.000000e+00	0.000000e+00
6.900000e-01	7.000000e-01	1.000000e+00	0.000000e+00	0.000000e+00
7.000000e-01	7.100000e-01	1.000000e+00	0.000000e+00	0.000000e+00
7.100000e-01	7.200000e-01	1.000000e+00	0.000000e+00	0.000000e+00
7.200000e-01	7.300000e-01	1.000000e+00	0.000000e+00	0.000000e+00
7.300000e-01	7.400000e-01	1.000000e+00	0.000000e+00	0.000000e+00
7.400000e-01	7.500000e-01	1.000000e+00	0.000000e+00	0.000000e+00
7.500000e-01	7.600000e-01	1.000000e+00	0.000000e+00	0.000000e+00
7.600000e-01	7.700000e-01	1.000000e+00	0.000000e+00	0.000000e+00
7.700000e-01	7.800000e-01	1.000000e+00	0.000000e+00	0.000000e+00
7.800000e-01	7.900000e-01	1.000000e+00	0.000000e+00	0.000000e+00
7.900000e-01	8.000000e-01	1.000000e+00	0.000000e+00	0.000000e+00
8.000000e-01	8.100000e-01	1.000000e+00	0.000000e+00	0.000000e+00
8.100000e-01	8.200000e-01	1.000000e+00	0.000000e+00	0.000000e+00
8.200000e-01	8.300000e-01	1.000000e+00	0.000000e+00	0.000000e+00
8.300000e-01	8.400000e-01	1.000000e+00	0.000000e+00	0.000000e+00
8.400000e-01	8.500000e-01	1.000000e+00	0.000000e+00	0.000000e+00
8.500000e-01	8.600000e-01	1.000000e+00	0.000000e+00	0.000000e+00
8.600000e-01	8.700000e-01	1.000000e+00	0.000000e+00	0.000000e+00
8.700000e-01	8.800000e-01	1.000000e+00	0.000000e+00	0.000000e+00
8.800000e-01	8.900000e-01	1.000000e+00	0.000000e+00	0.000000e+00
8.900000e-01	9.000000e-01	1.000000e+00	0.000000e+00	0.000000e+00
9.000000e-01	9.100000e-01	1.000000e+00	0.000000e+00	0.000000e+00
9.100000e-01	9.200000e-01	1.000000e+00	0.000000e+00	0.000000e+00
9.200000e-01	9.300000e-01	1.000000e+00	0.000000e+00	0.000000e+00
9.300000e-01	9.400000e-01	1.000000e+00	0.000000e+00	0.000000e+00
9.400000e-01	9.500000e-01	1.000000e+00	0.000000e+00	0.000000e+00
9.500000e-01	9.600000e-01	1.000000e+00	0.000000e+00	0.000000e+00
9.600000e-01	9.700000e-01	1.000000e+00	0.000000e+00	0.000000e+00
9.700000e-01	9.800000e-01	1.000000e+00	0.000000e+00	0.000000e+00
9.800000e-01	9.900000e-01	1.000000e+00	0.000000e+00	0.000000e+00
9.900000e-01	1.000000e+00	1.000000e+00	0.000000e+00	0.000000e+00
1.000000e+00	1.010000e+00	1.000000e+00	0.000000e+00	0.000000e+00
1.010000e+00	1.020000e+00	1.000000e+00	0.000000e+00	0.000000e+00
1.020000e+00	1.030000e+00	1.000000e+00	0.000000e+00	0.000000e+00
1.030000e+00	1.040000e+00	1.000000e+00	0.000000e+00	0.000000e+00
1.040000e+00	1.050000e+00	1.000000e+00	0.000000e+00	0.000000e+00
1.050000e+00	1.060000e+00	1.000000e+00	0.000000e+00	0.000000e+00
1.060000e+00	1.070000e+00	1.000000e+00	0.000000e+00	0.000000e+00
1.070000e+00	1.080000e+00	1.000000e+00	0.000000e+00	0.000000e+00
1.080000e+00	1.090000e+00	1.000000e+00	0.000000e+00	0.000000e+00
1.090000e+00	1.100000e+00	1.000000e+00	0.000000e+00	0.000000e+00
1.100000e+00	1.110000e+00	1.000000e+00	0.000000e+00	0.000000e+00
1.110000e+00	1.120000e+00	1.000000e+00	0.000000e+00	0.000000e+00
1.120000e+00	1.130000e+00	1.000000e+00	0.000000e+00	0.000000e+00
1.130000e+00	1.140000e+00	1.000000e+00	0.000000e+00	0.000000e+00
1.140000e+00	1.150000e+00	1.000000e+00	0.000000e+00	0.000000e+00
1.150000e+00	1.160000e+00	1.000000e+00	0.000000e+00	0.000000e+00
1.160000e+00	1.170000e+00	1.000000e+00	0.000000e+00	0.000000e+00
1.170000e+00	1.180000e+00	1.000000e+00	0.000000e+00	0.000000e+00
1.180000e+00	1.190000e+00	1.000000e+00	0.000000e+00	0.000000e+00
1.190000e+00	1.200000e+00	1.000000e+00	0.000000e+00	0.000000e+00
1.200000e+00	1.210000e+00	1.000000e+00	0.000000e+00	0.000000e+00
1.210000e+00	1.220000e+00	1.000000e+00	0.000000e+00	0.000000e+00
1.220000e+00	1.230000e+00	1.000000e+00	0.000000e+00	0.000000e+00
1.230000e+00	1.240000e+00	1.000000e+00	0.000000e+00	0.000000e+00
1.240000e+00	1.250000e+00	1.000000e+00	0.000000e+00	0.000000e+00
1.250000e+00	1.260000e+00	1.000000e+00	0.000000e+00	0.000000e+00
1.260000e+00	1.270000e+00	1.000000e+00	0.000000e+00	0.000000e+00
1.270000e+00	1.280000e+00	1.000000e+00	0.000000e+00	0.000000e+00
1.280000e+00	1.290000e+00	1.000000e+00	0.000000e+00	0.000000e+00
1.290000e+00	1.300000e+00	1.000000e+00	0.000000e+00	0.000000e+00
1.300000e+00	1.310000e+00	1.000000e+00	0.000000e+00	0.000000e+00
1.310000e+00	1.320000e+00	1.000000e+00	0.000000e+00	0.000000e+00
1.320000e+00	1.330000e+00	1.000000e+00	0.000000e+00	0.000000e+00
1.330000e+00	1.340000e+00	1.000000e+00	0.000000e+00	0.000000e+00
1.340000e+00	1.350000e+00	1.000000e+00	0.000000e+00	0.000000e+00
1.350000e+00	1.360000e+00	1.000000e+00	0.000000e+00	0.000000e+00
1.360000e+00	1.370000e+00	1.000000e+00	0.000000e+00	0.000000e+00
1.370000e+00	1.380000e+00	1.000000e+00	0.000000e+00	0.000000e+00
1.380000e+00	1.390000e+00	1.000000e+00	0.000000e+00	0.000000e+00
1.390000e+00	1.400000e+00	1.000000e+00	0.000000e+00	0.000000e+00
1.400000e+00	1.410000e+00	1.000000e+00	0.000000e+00	0.000000e+00
1.410000e+00	1.420000e+00	1.000000e+00	0.000000e+00	0.000000e+00
1.420000e+00	1.430000e+00	1.000000e+00	0.000000e+00	0.000000e+00
1.430000e+00	1.440000e+00	1.000000e+00	0.000000e+00	0.000000e+00
1.440000e+00	1.450000e+00	1.000000e+00	0.000000e+00	0.000000e+00
1.450000e+00	1.460000e+00	1.000000e+00	0.000000e+00	0.000000e+00
1.460000e+00	1.470000e+00	1.000000e+00	0.000000e+00	0.000000e+00
1.470000e+00	1.480000e+00	1.000000e+00	0.000000e+00	0.000000e+00
1.480000e+00	1.490000e+00	1.000000e+00	0.000000e+00	0.000000e+00
1.490000e+00	1.500000e+00	1.000000e+00	0.000000e+00	0.000000e+00
# END HISTO1D

