# BEGIN PLOT
XTwosidedTicks=1
DrawOnly=//nfs/farm/g/theory/qcdsim/shoeche/runs/lhjets/hj/mcnlo/css/run.yoda/LH2017_ZHSHAPES/psi_0.5_100 //nfs/farm/g/theory/qcdsim/shoeche/runs/lhjets/hj/mcnlo/css-1em/run.yoda/LH2017_ZHSHAPES/psi_0.5_100 //nfs/farm/g/theory/qcdsim/shoeche/runs/lhjets/hj/nlo/cs/run.yoda/LH2017_ZHSHAPES/psi_0.5_100
RatioPlotReference=//nfs/farm/g/theory/qcdsim/shoeche/runs/lhjets/hj/nlo/cs/run.yoda/LH2017_ZHSHAPES/psi_0.5_100
XTwosidedTicks=1
YTwosidedTicks=1
TopMargin=0.0
RatioPlot=1
BottomMargin=0.0
MainPlot=0
RatioPlotYSize=2.5
XMax=0.5
DrawSpecialInRatio=1
LegendXPos=0.35
LegendYPos=0.8
LogY=1
RatioPlotYLabel=
LegendOnly=//nfs/farm/g/theory/qcdsim/shoeche/runs/lhjets/hj/mcnlo/css/run.yoda/LH2017_ZHSHAPES/psi_0.5_100 //nfs/farm/g/theory/qcdsim/shoeche/runs/lhjets/hj/mcnlo/css-1em/run.yoda/LH2017_ZHSHAPES/psi_0.5_100 //nfs/farm/g/theory/qcdsim/shoeche/runs/lhjets/hj/nlo/cs/run.yoda/LH2017_ZHSHAPES/psi_0.5_100
RatioPlotSameStyle=1
YTwosidedTicks=1
Legend=0
# END PLOT
# BEGIN SPECIAL text
\rput[br](0.95,0.2){$k_T>100GeV$}
# END SPECIAL

# BEGIN HISTO1D //nfs/farm/g/theory/qcdsim/shoeche/runs/lhjets/hj/mcnlo/css/run.yoda/LH2017_ZHSHAPES/psi_0.5_100
ErrorBars=1
LineColor=red
LineStyle=solid
Path=//nfs/farm/g/theory/qcdsim/shoeche/runs/lhjets/hj/mcnlo/css/run.yoda/LH2017_ZHSHAPES/psi_0.5_100
Title=MC@NLO
XLabel=
YLabel=
# xlow	 xhigh	 val	 errminus	 errplus
0.000000e+00	1.000000e-02	1.769677e-01	1.152494e-04	1.152494e-04
1.000000e-02	2.000000e-02	2.988409e-01	1.315731e-04	1.315731e-04
2.000000e-02	3.000000e-02	4.051280e-01	1.352214e-04	1.352214e-04
3.000000e-02	4.000000e-02	4.877641e-01	1.327973e-04	1.327973e-04
4.000000e-02	5.000000e-02	5.535255e-01	1.278244e-04	1.278244e-04
5.000000e-02	6.000000e-02	6.071972e-01	1.217616e-04	1.217616e-04
6.000000e-02	7.000000e-02	6.516227e-01	1.152841e-04	1.152841e-04
7.000000e-02	8.000000e-02	6.891001e-01	1.087187e-04	1.087187e-04
8.000000e-02	9.000000e-02	7.209486e-01	1.022627e-04	1.022627e-04
9.000000e-02	1.000000e-01	7.484272e-01	9.600257e-05	9.600257e-05
1.000000e-01	1.100000e-01	7.724136e-01	8.995562e-05	8.995562e-05
1.100000e-01	1.200000e-01	7.934575e-01	8.418063e-05	8.418063e-05
1.200000e-01	1.300000e-01	8.120814e-01	7.865533e-05	7.865533e-05
1.300000e-01	1.400000e-01	8.286844e-01	7.337590e-05	7.337590e-05
1.400000e-01	1.500000e-01	8.435585e-01	6.835309e-05	6.835309e-05
1.500000e-01	1.600000e-01	8.569634e-01	6.357336e-05	6.357336e-05
1.600000e-01	1.700000e-01	8.690838e-01	5.903555e-05	5.903555e-05
1.700000e-01	1.800000e-01	8.800870e-01	5.476235e-05	5.476235e-05
1.800000e-01	1.900000e-01	8.900786e-01	5.076110e-05	5.076110e-05
1.900000e-01	2.000000e-01	8.992220e-01	4.701301e-05	4.701301e-05
2.000000e-01	2.100000e-01	9.076095e-01	4.351181e-05	4.351181e-05
2.100000e-01	2.200000e-01	9.153157e-01	4.027763e-05	4.027763e-05
2.200000e-01	2.300000e-01	9.224214e-01	3.729990e-05	3.729990e-05
2.300000e-01	2.400000e-01	9.289913e-01	3.458672e-05	3.458672e-05
2.400000e-01	2.500000e-01	9.350792e-01	3.211333e-05	3.211333e-05
2.500000e-01	2.600000e-01	9.407379e-01	2.984964e-05	2.984964e-05
2.600000e-01	2.700000e-01	9.460154e-01	2.775264e-05	2.775264e-05
2.700000e-01	2.800000e-01	9.509517e-01	2.579290e-05	2.579290e-05
2.800000e-01	2.900000e-01	9.555587e-01	2.395059e-05	2.395059e-05
2.900000e-01	3.000000e-01	9.598625e-01	2.221069e-05	2.221069e-05
3.000000e-01	3.100000e-01	9.638945e-01	2.055619e-05	2.055619e-05
3.100000e-01	3.200000e-01	9.676708e-01	1.897841e-05	1.897841e-05
3.200000e-01	3.300000e-01	9.712124e-01	1.745812e-05	1.745812e-05
3.300000e-01	3.400000e-01	9.745206e-01	1.600804e-05	1.600804e-05
3.400000e-01	3.500000e-01	9.776151e-01	1.461034e-05	1.461034e-05
3.500000e-01	3.600000e-01	9.805091e-01	1.325619e-05	1.325619e-05
3.600000e-01	3.700000e-01	9.831922e-01	1.195923e-05	1.195923e-05
3.700000e-01	3.800000e-01	9.856877e-01	1.070310e-05	1.070310e-05
3.800000e-01	3.900000e-01	9.879961e-01	9.484544e-06	9.484544e-06
3.900000e-01	4.000000e-01	9.901078e-01	8.312586e-06	8.312586e-06
4.000000e-01	4.100000e-01	9.920358e-01	7.175903e-06	7.175903e-06
4.100000e-01	4.200000e-01	9.937724e-01	6.083389e-06	6.083389e-06
4.200000e-01	4.300000e-01	9.953089e-01	5.034637e-06	5.034637e-06
4.300000e-01	4.400000e-01	9.966411e-01	4.043130e-06	4.043130e-06
4.400000e-01	4.500000e-01	9.977638e-01	3.103031e-06	3.103031e-06
4.500000e-01	4.600000e-01	9.986615e-01	2.241629e-06	2.241629e-06
4.600000e-01	4.700000e-01	9.993199e-01	1.483297e-06	1.483297e-06
4.700000e-01	4.800000e-01	9.997305e-01	8.995465e-07	8.995465e-07
4.800000e-01	4.900000e-01	9.999024e-01	6.052643e-07	6.052643e-07
4.900000e-01	5.000000e-01	9.999370e-01	5.212115e-07	5.212115e-07
5.000000e-01	5.100000e-01	9.999526e-01	4.202513e-07	4.202513e-07
5.100000e-01	5.200000e-01	9.999644e-01	3.497097e-07	3.497097e-07
5.200000e-01	5.300000e-01	9.999732e-01	3.297689e-07	3.297689e-07
5.300000e-01	5.400000e-01	9.999803e-01	2.607165e-07	2.607165e-07
5.400000e-01	5.500000e-01	9.999858e-01	1.648776e-07	1.648776e-07
5.500000e-01	5.600000e-01	9.999896e-01	1.649051e-07	1.649051e-07
5.600000e-01	5.700000e-01	9.999926e-01	1.166052e-07	1.166052e-07
5.700000e-01	5.800000e-01	9.999949e-01	1.166169e-07	1.166169e-07
5.800000e-01	5.900000e-01	9.999966e-01	1.056450e-09	1.056450e-09
5.900000e-01	6.000000e-01	9.999977e-01	7.042973e-10	7.042973e-10
6.000000e-01	6.100000e-01	9.999984e-01	1.166266e-07	1.166266e-07
6.100000e-01	6.200000e-01	9.999990e-01	3.081443e-10	3.081443e-10
6.200000e-01	6.300000e-01	9.999994e-01	1.761138e-10	1.761138e-10
6.300000e-01	6.400000e-01	9.999997e-01	1.166276e-07	1.166276e-07
6.400000e-01	6.500000e-01	9.999999e-01	4.400590e-11	4.400590e-11
6.500000e-01	6.600000e-01	1.000000e+00	1.166276e-07	1.166276e-07
6.600000e-01	6.700000e-01	1.000000e+00	0.000000e+00	0.000000e+00
6.700000e-01	6.800000e-01	1.000000e+00	0.000000e+00	0.000000e+00
6.800000e-01	6.900000e-01	1.000000e+00	0.000000e+00	0.000000e+00
6.900000e-01	7.000000e-01	1.000000e+00	0.000000e+00	0.000000e+00
7.000000e-01	7.100000e-01	1.000000e+00	0.000000e+00	0.000000e+00
7.100000e-01	7.200000e-01	1.000000e+00	0.000000e+00	0.000000e+00
7.200000e-01	7.300000e-01	1.000000e+00	0.000000e+00	0.000000e+00
7.300000e-01	7.400000e-01	1.000000e+00	0.000000e+00	0.000000e+00
7.400000e-01	7.500000e-01	1.000000e+00	0.000000e+00	0.000000e+00
7.500000e-01	7.600000e-01	1.000000e+00	0.000000e+00	0.000000e+00
7.600000e-01	7.700000e-01	1.000000e+00	0.000000e+00	0.000000e+00
7.700000e-01	7.800000e-01	1.000000e+00	0.000000e+00	0.000000e+00
7.800000e-01	7.900000e-01	1.000000e+00	0.000000e+00	0.000000e+00
7.900000e-01	8.000000e-01	1.000000e+00	0.000000e+00	0.000000e+00
8.000000e-01	8.100000e-01	1.000000e+00	0.000000e+00	0.000000e+00
8.100000e-01	8.200000e-01	1.000000e+00	0.000000e+00	0.000000e+00
8.200000e-01	8.300000e-01	1.000000e+00	0.000000e+00	0.000000e+00
8.300000e-01	8.400000e-01	1.000000e+00	0.000000e+00	0.000000e+00
8.400000e-01	8.500000e-01	1.000000e+00	0.000000e+00	0.000000e+00
8.500000e-01	8.600000e-01	1.000000e+00	0.000000e+00	0.000000e+00
8.600000e-01	8.700000e-01	1.000000e+00	0.000000e+00	0.000000e+00
8.700000e-01	8.800000e-01	1.000000e+00	0.000000e+00	0.000000e+00
8.800000e-01	8.900000e-01	1.000000e+00	0.000000e+00	0.000000e+00
8.900000e-01	9.000000e-01	1.000000e+00	0.000000e+00	0.000000e+00
9.000000e-01	9.100000e-01	1.000000e+00	0.000000e+00	0.000000e+00
9.100000e-01	9.200000e-01	1.000000e+00	0.000000e+00	0.000000e+00
9.200000e-01	9.300000e-01	1.000000e+00	0.000000e+00	0.000000e+00
9.300000e-01	9.400000e-01	1.000000e+00	0.000000e+00	0.000000e+00
9.400000e-01	9.500000e-01	1.000000e+00	0.000000e+00	0.000000e+00
9.500000e-01	9.600000e-01	1.000000e+00	0.000000e+00	0.000000e+00
9.600000e-01	9.700000e-01	1.000000e+00	0.000000e+00	0.000000e+00
9.700000e-01	9.800000e-01	1.000000e+00	0.000000e+00	0.000000e+00
9.800000e-01	9.900000e-01	1.000000e+00	0.000000e+00	0.000000e+00
9.900000e-01	1.000000e+00	1.000000e+00	0.000000e+00	0.000000e+00
1.000000e+00	1.010000e+00	1.000000e+00	0.000000e+00	0.000000e+00
1.010000e+00	1.020000e+00	1.000000e+00	0.000000e+00	0.000000e+00
1.020000e+00	1.030000e+00	1.000000e+00	0.000000e+00	0.000000e+00
1.030000e+00	1.040000e+00	1.000000e+00	0.000000e+00	0.000000e+00
1.040000e+00	1.050000e+00	1.000000e+00	0.000000e+00	0.000000e+00
1.050000e+00	1.060000e+00	1.000000e+00	0.000000e+00	0.000000e+00
1.060000e+00	1.070000e+00	1.000000e+00	0.000000e+00	0.000000e+00
1.070000e+00	1.080000e+00	1.000000e+00	0.000000e+00	0.000000e+00
1.080000e+00	1.090000e+00	1.000000e+00	0.000000e+00	0.000000e+00
1.090000e+00	1.100000e+00	1.000000e+00	0.000000e+00	0.000000e+00
1.100000e+00	1.110000e+00	1.000000e+00	0.000000e+00	0.000000e+00
1.110000e+00	1.120000e+00	1.000000e+00	0.000000e+00	0.000000e+00
1.120000e+00	1.130000e+00	1.000000e+00	0.000000e+00	0.000000e+00
1.130000e+00	1.140000e+00	1.000000e+00	0.000000e+00	0.000000e+00
1.140000e+00	1.150000e+00	1.000000e+00	0.000000e+00	0.000000e+00
1.150000e+00	1.160000e+00	1.000000e+00	0.000000e+00	0.000000e+00
1.160000e+00	1.170000e+00	1.000000e+00	0.000000e+00	0.000000e+00
1.170000e+00	1.180000e+00	1.000000e+00	0.000000e+00	0.000000e+00
1.180000e+00	1.190000e+00	1.000000e+00	0.000000e+00	0.000000e+00
1.190000e+00	1.200000e+00	1.000000e+00	0.000000e+00	0.000000e+00
1.200000e+00	1.210000e+00	1.000000e+00	0.000000e+00	0.000000e+00
1.210000e+00	1.220000e+00	1.000000e+00	0.000000e+00	0.000000e+00
1.220000e+00	1.230000e+00	1.000000e+00	0.000000e+00	0.000000e+00
1.230000e+00	1.240000e+00	1.000000e+00	0.000000e+00	0.000000e+00
1.240000e+00	1.250000e+00	1.000000e+00	0.000000e+00	0.000000e+00
1.250000e+00	1.260000e+00	1.000000e+00	0.000000e+00	0.000000e+00
1.260000e+00	1.270000e+00	1.000000e+00	0.000000e+00	0.000000e+00
1.270000e+00	1.280000e+00	1.000000e+00	0.000000e+00	0.000000e+00
1.280000e+00	1.290000e+00	1.000000e+00	0.000000e+00	0.000000e+00
1.290000e+00	1.300000e+00	1.000000e+00	0.000000e+00	0.000000e+00
1.300000e+00	1.310000e+00	1.000000e+00	0.000000e+00	0.000000e+00
1.310000e+00	1.320000e+00	1.000000e+00	0.000000e+00	0.000000e+00
1.320000e+00	1.330000e+00	1.000000e+00	0.000000e+00	0.000000e+00
1.330000e+00	1.340000e+00	1.000000e+00	0.000000e+00	0.000000e+00
1.340000e+00	1.350000e+00	1.000000e+00	0.000000e+00	0.000000e+00
1.350000e+00	1.360000e+00	1.000000e+00	0.000000e+00	0.000000e+00
1.360000e+00	1.370000e+00	1.000000e+00	0.000000e+00	0.000000e+00
1.370000e+00	1.380000e+00	1.000000e+00	0.000000e+00	0.000000e+00
1.380000e+00	1.390000e+00	1.000000e+00	0.000000e+00	0.000000e+00
1.390000e+00	1.400000e+00	1.000000e+00	0.000000e+00	0.000000e+00
1.400000e+00	1.410000e+00	1.000000e+00	0.000000e+00	0.000000e+00
1.410000e+00	1.420000e+00	1.000000e+00	0.000000e+00	0.000000e+00
1.420000e+00	1.430000e+00	1.000000e+00	0.000000e+00	0.000000e+00
1.430000e+00	1.440000e+00	1.000000e+00	0.000000e+00	0.000000e+00
1.440000e+00	1.450000e+00	1.000000e+00	0.000000e+00	0.000000e+00
1.450000e+00	1.460000e+00	1.000000e+00	0.000000e+00	0.000000e+00
1.460000e+00	1.470000e+00	1.000000e+00	0.000000e+00	0.000000e+00
1.470000e+00	1.480000e+00	1.000000e+00	0.000000e+00	0.000000e+00
1.480000e+00	1.490000e+00	1.000000e+00	0.000000e+00	0.000000e+00
1.490000e+00	1.500000e+00	1.000000e+00	0.000000e+00	0.000000e+00
# END HISTO1D

# BEGIN HISTO1D //nfs/farm/g/theory/qcdsim/shoeche/runs/lhjets/hj/mcnlo/css-1em/run.yoda/LH2017_ZHSHAPES/psi_0.5_100
ErrorBars=1
LineColor=blue
LineStyle=solid
Path=//nfs/farm/g/theory/qcdsim/shoeche/runs/lhjets/hj/mcnlo/css-1em/run.yoda/LH2017_ZHSHAPES/psi_0.5_100
Title=MC@NLO~1em
XLabel=
YLabel=
# xlow	 xhigh	 val	 errminus	 errplus
0.000000e+00	1.000000e-02	9.674107e-01	1.024666e-04	1.024666e-04
1.000000e-02	2.000000e-02	9.683497e-01	1.008832e-04	1.008832e-04
2.000000e-02	3.000000e-02	9.696000e-01	9.868266e-05	9.868266e-05
3.000000e-02	4.000000e-02	9.711396e-01	9.584149e-05	9.584149e-05
4.000000e-02	5.000000e-02	9.728236e-01	9.256484e-05	9.256484e-05
5.000000e-02	6.000000e-02	9.745470e-01	8.902145e-05	8.902145e-05
6.000000e-02	7.000000e-02	9.762984e-01	8.521533e-05	8.521533e-05
7.000000e-02	8.000000e-02	9.779945e-01	8.132422e-05	8.132422e-05
8.000000e-02	9.000000e-02	9.796700e-01	7.725320e-05	7.725320e-05
9.000000e-02	1.000000e-01	9.812727e-01	7.313702e-05	7.313702e-05
1.000000e-01	1.100000e-01	9.828294e-01	6.891137e-05	6.891137e-05
1.100000e-01	1.200000e-01	9.843004e-01	6.470441e-05	6.470441e-05
1.200000e-01	1.300000e-01	9.856672e-01	6.052564e-05	6.052564e-05
1.300000e-01	1.400000e-01	9.869271e-01	5.648399e-05	5.648399e-05
1.400000e-01	1.500000e-01	9.881192e-01	5.242406e-05	5.242406e-05
1.500000e-01	1.600000e-01	9.892360e-01	4.842806e-05	4.842806e-05
1.600000e-01	1.700000e-01	9.902818e-01	4.445176e-05	4.445176e-05
1.700000e-01	1.800000e-01	9.912651e-01	4.049093e-05	4.049093e-05
1.800000e-01	1.900000e-01	9.921848e-01	3.665162e-05	3.665162e-05
1.900000e-01	2.000000e-01	9.930104e-01	3.304943e-05	3.304943e-05
2.000000e-01	2.100000e-01	9.937790e-01	2.962600e-05	2.962600e-05
2.100000e-01	2.200000e-01	9.944888e-01	2.638731e-05	2.638731e-05
2.200000e-01	2.300000e-01	9.951330e-01	2.345031e-05	2.345031e-05
2.300000e-01	2.400000e-01	9.957299e-01	2.091659e-05	2.091659e-05
2.400000e-01	2.500000e-01	9.962674e-01	1.893331e-05	1.893331e-05
2.500000e-01	2.600000e-01	9.967630e-01	1.726728e-05	1.726728e-05
2.600000e-01	2.700000e-01	9.971986e-01	1.574434e-05	1.574434e-05
2.700000e-01	2.800000e-01	9.975996e-01	1.425802e-05	1.425802e-05
2.800000e-01	2.900000e-01	9.979526e-01	1.287653e-05	1.287653e-05
2.900000e-01	3.000000e-01	9.982687e-01	1.156955e-05	1.156955e-05
3.000000e-01	3.100000e-01	9.985526e-01	1.029817e-05	1.029817e-05
3.100000e-01	3.200000e-01	9.987983e-01	9.144678e-06	9.144678e-06
3.200000e-01	3.300000e-01	9.990245e-01	8.011115e-06	8.011115e-06
3.300000e-01	3.400000e-01	9.992077e-01	7.023152e-06	7.023152e-06
3.400000e-01	3.500000e-01	9.993697e-01	6.071767e-06	6.071767e-06
3.500000e-01	3.600000e-01	9.995062e-01	5.235941e-06	5.235941e-06
3.600000e-01	3.700000e-01	9.996190e-01	4.445804e-06	4.445804e-06
3.700000e-01	3.800000e-01	9.997149e-01	3.676806e-06	3.676806e-06
3.800000e-01	3.900000e-01	9.997962e-01	3.014002e-06	3.014002e-06
3.900000e-01	4.000000e-01	9.998562e-01	2.419980e-06	2.419980e-06
4.000000e-01	4.100000e-01	9.999054e-01	1.797743e-06	1.797743e-06
4.100000e-01	4.200000e-01	9.999393e-01	1.348475e-06	1.348475e-06
4.200000e-01	4.300000e-01	9.999636e-01	1.101196e-06	1.101196e-06
4.300000e-01	4.400000e-01	9.999806e-01	6.357927e-07	6.357927e-07
4.400000e-01	4.500000e-01	9.999909e-01	5.253163e-09	5.253163e-09
4.500000e-01	4.600000e-01	9.999964e-01	2.101258e-09	2.101258e-09
4.600000e-01	4.700000e-01	9.999988e-01	4.496426e-07	4.496426e-07
4.700000e-01	4.800000e-01	9.999994e-01	4.496430e-07	4.496430e-07
4.800000e-01	4.900000e-01	1.000000e+00	0.000000e+00	0.000000e+00
4.900000e-01	5.000000e-01	1.000000e+00	0.000000e+00	0.000000e+00
5.000000e-01	5.100000e-01	1.000000e+00	0.000000e+00	0.000000e+00
5.100000e-01	5.200000e-01	1.000000e+00	0.000000e+00	0.000000e+00
5.200000e-01	5.300000e-01	1.000000e+00	0.000000e+00	0.000000e+00
5.300000e-01	5.400000e-01	1.000000e+00	0.000000e+00	0.000000e+00
5.400000e-01	5.500000e-01	1.000000e+00	0.000000e+00	0.000000e+00
5.500000e-01	5.600000e-01	1.000000e+00	0.000000e+00	0.000000e+00
5.600000e-01	5.700000e-01	1.000000e+00	0.000000e+00	0.000000e+00
5.700000e-01	5.800000e-01	1.000000e+00	0.000000e+00	0.000000e+00
5.800000e-01	5.900000e-01	1.000000e+00	0.000000e+00	0.000000e+00
5.900000e-01	6.000000e-01	1.000000e+00	0.000000e+00	0.000000e+00
6.000000e-01	6.100000e-01	1.000000e+00	0.000000e+00	0.000000e+00
6.100000e-01	6.200000e-01	1.000000e+00	0.000000e+00	0.000000e+00
6.200000e-01	6.300000e-01	1.000000e+00	0.000000e+00	0.000000e+00
6.300000e-01	6.400000e-01	1.000000e+00	0.000000e+00	0.000000e+00
6.400000e-01	6.500000e-01	1.000000e+00	0.000000e+00	0.000000e+00
6.500000e-01	6.600000e-01	1.000000e+00	0.000000e+00	0.000000e+00
6.600000e-01	6.700000e-01	1.000000e+00	0.000000e+00	0.000000e+00
6.700000e-01	6.800000e-01	1.000000e+00	0.000000e+00	0.000000e+00
6.800000e-01	6.900000e-01	1.000000e+00	0.000000e+00	0.000000e+00
6.900000e-01	7.000000e-01	1.000000e+00	0.000000e+00	0.000000e+00
7.000000e-01	7.100000e-01	1.000000e+00	0.000000e+00	0.000000e+00
7.100000e-01	7.200000e-01	1.000000e+00	0.000000e+00	0.000000e+00
7.200000e-01	7.300000e-01	1.000000e+00	0.000000e+00	0.000000e+00
7.300000e-01	7.400000e-01	1.000000e+00	0.000000e+00	0.000000e+00
7.400000e-01	7.500000e-01	1.000000e+00	0.000000e+00	0.000000e+00
7.500000e-01	7.600000e-01	1.000000e+00	0.000000e+00	0.000000e+00
7.600000e-01	7.700000e-01	1.000000e+00	0.000000e+00	0.000000e+00
7.700000e-01	7.800000e-01	1.000000e+00	0.000000e+00	0.000000e+00
7.800000e-01	7.900000e-01	1.000000e+00	0.000000e+00	0.000000e+00
7.900000e-01	8.000000e-01	1.000000e+00	0.000000e+00	0.000000e+00
8.000000e-01	8.100000e-01	1.000000e+00	0.000000e+00	0.000000e+00
8.100000e-01	8.200000e-01	1.000000e+00	0.000000e+00	0.000000e+00
8.200000e-01	8.300000e-01	1.000000e+00	0.000000e+00	0.000000e+00
8.300000e-01	8.400000e-01	1.000000e+00	0.000000e+00	0.000000e+00
8.400000e-01	8.500000e-01	1.000000e+00	0.000000e+00	0.000000e+00
8.500000e-01	8.600000e-01	1.000000e+00	0.000000e+00	0.000000e+00
8.600000e-01	8.700000e-01	1.000000e+00	0.000000e+00	0.000000e+00
8.700000e-01	8.800000e-01	1.000000e+00	0.000000e+00	0.000000e+00
8.800000e-01	8.900000e-01	1.000000e+00	0.000000e+00	0.000000e+00
8.900000e-01	9.000000e-01	1.000000e+00	0.000000e+00	0.000000e+00
9.000000e-01	9.100000e-01	1.000000e+00	0.000000e+00	0.000000e+00
9.100000e-01	9.200000e-01	1.000000e+00	0.000000e+00	0.000000e+00
9.200000e-01	9.300000e-01	1.000000e+00	0.000000e+00	0.000000e+00
9.300000e-01	9.400000e-01	1.000000e+00	0.000000e+00	0.000000e+00
9.400000e-01	9.500000e-01	1.000000e+00	0.000000e+00	0.000000e+00
9.500000e-01	9.600000e-01	1.000000e+00	0.000000e+00	0.000000e+00
9.600000e-01	9.700000e-01	1.000000e+00	0.000000e+00	0.000000e+00
9.700000e-01	9.800000e-01	1.000000e+00	0.000000e+00	0.000000e+00
9.800000e-01	9.900000e-01	1.000000e+00	0.000000e+00	0.000000e+00
9.900000e-01	1.000000e+00	1.000000e+00	0.000000e+00	0.000000e+00
1.000000e+00	1.010000e+00	1.000000e+00	0.000000e+00	0.000000e+00
1.010000e+00	1.020000e+00	1.000000e+00	0.000000e+00	0.000000e+00
1.020000e+00	1.030000e+00	1.000000e+00	0.000000e+00	0.000000e+00
1.030000e+00	1.040000e+00	1.000000e+00	0.000000e+00	0.000000e+00
1.040000e+00	1.050000e+00	1.000000e+00	0.000000e+00	0.000000e+00
1.050000e+00	1.060000e+00	1.000000e+00	0.000000e+00	0.000000e+00
1.060000e+00	1.070000e+00	1.000000e+00	0.000000e+00	0.000000e+00
1.070000e+00	1.080000e+00	1.000000e+00	0.000000e+00	0.000000e+00
1.080000e+00	1.090000e+00	1.000000e+00	0.000000e+00	0.000000e+00
1.090000e+00	1.100000e+00	1.000000e+00	0.000000e+00	0.000000e+00
1.100000e+00	1.110000e+00	1.000000e+00	0.000000e+00	0.000000e+00
1.110000e+00	1.120000e+00	1.000000e+00	0.000000e+00	0.000000e+00
1.120000e+00	1.130000e+00	1.000000e+00	0.000000e+00	0.000000e+00
1.130000e+00	1.140000e+00	1.000000e+00	0.000000e+00	0.000000e+00
1.140000e+00	1.150000e+00	1.000000e+00	0.000000e+00	0.000000e+00
1.150000e+00	1.160000e+00	1.000000e+00	0.000000e+00	0.000000e+00
1.160000e+00	1.170000e+00	1.000000e+00	0.000000e+00	0.000000e+00
1.170000e+00	1.180000e+00	1.000000e+00	0.000000e+00	0.000000e+00
1.180000e+00	1.190000e+00	1.000000e+00	0.000000e+00	0.000000e+00
1.190000e+00	1.200000e+00	1.000000e+00	0.000000e+00	0.000000e+00
1.200000e+00	1.210000e+00	1.000000e+00	0.000000e+00	0.000000e+00
1.210000e+00	1.220000e+00	1.000000e+00	0.000000e+00	0.000000e+00
1.220000e+00	1.230000e+00	1.000000e+00	0.000000e+00	0.000000e+00
1.230000e+00	1.240000e+00	1.000000e+00	0.000000e+00	0.000000e+00
1.240000e+00	1.250000e+00	1.000000e+00	0.000000e+00	0.000000e+00
1.250000e+00	1.260000e+00	1.000000e+00	0.000000e+00	0.000000e+00
1.260000e+00	1.270000e+00	1.000000e+00	0.000000e+00	0.000000e+00
1.270000e+00	1.280000e+00	1.000000e+00	0.000000e+00	0.000000e+00
1.280000e+00	1.290000e+00	1.000000e+00	0.000000e+00	0.000000e+00
1.290000e+00	1.300000e+00	1.000000e+00	0.000000e+00	0.000000e+00
1.300000e+00	1.310000e+00	1.000000e+00	0.000000e+00	0.000000e+00
1.310000e+00	1.320000e+00	1.000000e+00	0.000000e+00	0.000000e+00
1.320000e+00	1.330000e+00	1.000000e+00	0.000000e+00	0.000000e+00
1.330000e+00	1.340000e+00	1.000000e+00	0.000000e+00	0.000000e+00
1.340000e+00	1.350000e+00	1.000000e+00	0.000000e+00	0.000000e+00
1.350000e+00	1.360000e+00	1.000000e+00	0.000000e+00	0.000000e+00
1.360000e+00	1.370000e+00	1.000000e+00	0.000000e+00	0.000000e+00
1.370000e+00	1.380000e+00	1.000000e+00	0.000000e+00	0.000000e+00
1.380000e+00	1.390000e+00	1.000000e+00	0.000000e+00	0.000000e+00
1.390000e+00	1.400000e+00	1.000000e+00	0.000000e+00	0.000000e+00
1.400000e+00	1.410000e+00	1.000000e+00	0.000000e+00	0.000000e+00
1.410000e+00	1.420000e+00	1.000000e+00	0.000000e+00	0.000000e+00
1.420000e+00	1.430000e+00	1.000000e+00	0.000000e+00	0.000000e+00
1.430000e+00	1.440000e+00	1.000000e+00	0.000000e+00	0.000000e+00
1.440000e+00	1.450000e+00	1.000000e+00	0.000000e+00	0.000000e+00
1.450000e+00	1.460000e+00	1.000000e+00	0.000000e+00	0.000000e+00
1.460000e+00	1.470000e+00	1.000000e+00	0.000000e+00	0.000000e+00
1.470000e+00	1.480000e+00	1.000000e+00	0.000000e+00	0.000000e+00
1.480000e+00	1.490000e+00	1.000000e+00	0.000000e+00	0.000000e+00
1.490000e+00	1.500000e+00	1.000000e+00	0.000000e+00	0.000000e+00
# END HISTO1D

# BEGIN HISTO1D //nfs/farm/g/theory/qcdsim/shoeche/runs/lhjets/hj/nlo/cs/run.yoda/LH2017_ZHSHAPES/psi_0.5_100
ErrorBars=0
LineColor={[HTML]{2da334}}
LineStyle=solid
Path=//nfs/farm/g/theory/qcdsim/shoeche/runs/lhjets/hj/nlo/cs/run.yoda/LH2017_ZHSHAPES/psi_0.5_100
Title=NLO
XLabel=
YLabel=
# xlow	 xhigh	 val	 errminus	 errplus
0.000000e+00	1.000000e-02	4.228385e-01	1.051404e-01	1.051404e-01
1.000000e-02	2.000000e-02	6.150800e-01	1.036279e-01	1.036279e-01
2.000000e-02	3.000000e-02	7.088850e-01	9.515714e-02	9.515714e-02
3.000000e-02	4.000000e-02	7.665198e-01	8.689146e-02	8.689146e-02
4.000000e-02	5.000000e-02	8.066117e-01	7.944437e-02	7.944437e-02
5.000000e-02	6.000000e-02	8.362570e-01	7.280709e-02	7.280709e-02
6.000000e-02	7.000000e-02	8.586745e-01	6.698223e-02	6.698223e-02
7.000000e-02	8.000000e-02	8.768218e-01	6.157295e-02	6.157295e-02
8.000000e-02	9.000000e-02	8.917204e-01	5.673466e-02	5.673466e-02
9.000000e-02	1.000000e-01	9.041988e-01	5.227060e-02	5.227060e-02
1.000000e-01	1.100000e-01	9.146934e-01	4.817683e-02	4.817683e-02
1.100000e-01	1.200000e-01	9.238736e-01	4.433671e-02	4.433671e-02
1.200000e-01	1.300000e-01	9.316970e-01	4.081318e-02	4.081318e-02
1.300000e-01	1.400000e-01	9.385747e-01	3.751754e-02	3.751754e-02
1.400000e-01	1.500000e-01	9.445770e-01	3.443034e-02	3.443034e-02
1.500000e-01	1.600000e-01	9.499935e-01	3.152262e-02	3.152262e-02
1.600000e-01	1.700000e-01	9.548255e-01	2.879955e-02	2.879955e-02
1.700000e-01	1.800000e-01	9.590950e-01	2.628667e-02	2.628667e-02
1.800000e-01	1.900000e-01	9.629797e-01	2.390813e-02	2.390813e-02
1.900000e-01	2.000000e-01	9.665046e-01	2.173643e-02	2.173643e-02
2.000000e-01	2.100000e-01	9.696514e-01	1.976020e-02	1.976020e-02
2.100000e-01	2.200000e-01	9.725608e-01	1.793648e-02	1.793648e-02
2.200000e-01	2.300000e-01	9.752044e-01	1.628292e-02	1.628292e-02
2.300000e-01	2.400000e-01	9.776512e-01	1.487104e-02	1.487104e-02
2.400000e-01	2.500000e-01	9.798827e-01	1.371891e-02	1.371891e-02
2.500000e-01	2.600000e-01	9.819269e-01	1.273388e-02	1.273388e-02
2.600000e-01	2.700000e-01	9.837791e-01	1.180231e-02	1.180231e-02
2.700000e-01	2.800000e-01	9.854871e-01	1.091383e-02	1.091383e-02
2.800000e-01	2.900000e-01	9.870392e-01	1.007883e-02	1.007883e-02
2.900000e-01	3.000000e-01	9.884746e-01	9.269146e-03	9.269146e-03
3.000000e-01	3.100000e-01	9.897986e-01	8.494684e-03	8.494684e-03
3.100000e-01	3.200000e-01	9.909759e-01	7.782136e-03	7.782136e-03
3.200000e-01	3.300000e-01	9.920752e-01	7.089443e-03	7.089443e-03
3.300000e-01	3.400000e-01	9.931105e-01	6.405483e-03	6.405483e-03
3.400000e-01	3.500000e-01	9.940461e-01	5.771813e-03	5.771813e-03
3.500000e-01	3.600000e-01	9.948729e-01	5.174289e-03	5.174289e-03
3.600000e-01	3.700000e-01	9.956377e-01	4.600840e-03	4.600840e-03
3.700000e-01	3.800000e-01	9.963249e-01	4.062898e-03	4.062898e-03
3.800000e-01	3.900000e-01	9.969544e-01	3.548265e-03	3.548265e-03
3.900000e-01	4.000000e-01	9.975084e-01	3.061880e-03	3.061880e-03
4.000000e-01	4.100000e-01	9.980023e-01	2.606013e-03	2.606013e-03
4.100000e-01	4.200000e-01	9.984321e-01	2.181638e-03	2.181638e-03
4.200000e-01	4.300000e-01	9.988118e-01	1.784075e-03	1.784075e-03
4.300000e-01	4.400000e-01	9.991411e-01	1.403339e-03	1.403339e-03
4.400000e-01	4.500000e-01	9.993977e-01	1.082795e-03	1.082795e-03
4.500000e-01	4.600000e-01	9.996233e-01	7.639248e-04	7.639248e-04
4.600000e-01	4.700000e-01	9.997918e-01	4.940378e-04	4.940378e-04
4.700000e-01	4.800000e-01	9.999085e-01	2.800416e-04	2.800416e-04
4.800000e-01	4.900000e-01	9.999765e-01	9.915465e-05	9.915465e-05
4.900000e-01	5.000000e-01	1.000000e+00	0.000000e+00	0.000000e+00
5.000000e-01	5.100000e-01	1.000000e+00	0.000000e+00	0.000000e+00
5.100000e-01	5.200000e-01	1.000000e+00	0.000000e+00	0.000000e+00
5.200000e-01	5.300000e-01	1.000000e+00	0.000000e+00	0.000000e+00
5.300000e-01	5.400000e-01	1.000000e+00	0.000000e+00	0.000000e+00
5.400000e-01	5.500000e-01	1.000000e+00	0.000000e+00	0.000000e+00
5.500000e-01	5.600000e-01	1.000000e+00	0.000000e+00	0.000000e+00
5.600000e-01	5.700000e-01	1.000000e+00	0.000000e+00	0.000000e+00
5.700000e-01	5.800000e-01	1.000000e+00	0.000000e+00	0.000000e+00
5.800000e-01	5.900000e-01	1.000000e+00	0.000000e+00	0.000000e+00
5.900000e-01	6.000000e-01	1.000000e+00	0.000000e+00	0.000000e+00
6.000000e-01	6.100000e-01	1.000000e+00	0.000000e+00	0.000000e+00
6.100000e-01	6.200000e-01	1.000000e+00	0.000000e+00	0.000000e+00
6.200000e-01	6.300000e-01	1.000000e+00	0.000000e+00	0.000000e+00
6.300000e-01	6.400000e-01	1.000000e+00	0.000000e+00	0.000000e+00
6.400000e-01	6.500000e-01	1.000000e+00	0.000000e+00	0.000000e+00
6.500000e-01	6.600000e-01	1.000000e+00	0.000000e+00	0.000000e+00
6.600000e-01	6.700000e-01	1.000000e+00	0.000000e+00	0.000000e+00
6.700000e-01	6.800000e-01	1.000000e+00	0.000000e+00	0.000000e+00
6.800000e-01	6.900000e-01	1.000000e+00	0.000000e+00	0.000000e+00
6.900000e-01	7.000000e-01	1.000000e+00	0.000000e+00	0.000000e+00
7.000000e-01	7.100000e-01	1.000000e+00	0.000000e+00	0.000000e+00
7.100000e-01	7.200000e-01	1.000000e+00	0.000000e+00	0.000000e+00
7.200000e-01	7.300000e-01	1.000000e+00	0.000000e+00	0.000000e+00
7.300000e-01	7.400000e-01	1.000000e+00	0.000000e+00	0.000000e+00
7.400000e-01	7.500000e-01	1.000000e+00	0.000000e+00	0.000000e+00
7.500000e-01	7.600000e-01	1.000000e+00	0.000000e+00	0.000000e+00
7.600000e-01	7.700000e-01	1.000000e+00	0.000000e+00	0.000000e+00
7.700000e-01	7.800000e-01	1.000000e+00	0.000000e+00	0.000000e+00
7.800000e-01	7.900000e-01	1.000000e+00	0.000000e+00	0.000000e+00
7.900000e-01	8.000000e-01	1.000000e+00	0.000000e+00	0.000000e+00
8.000000e-01	8.100000e-01	1.000000e+00	0.000000e+00	0.000000e+00
8.100000e-01	8.200000e-01	1.000000e+00	0.000000e+00	0.000000e+00
8.200000e-01	8.300000e-01	1.000000e+00	0.000000e+00	0.000000e+00
8.300000e-01	8.400000e-01	1.000000e+00	0.000000e+00	0.000000e+00
8.400000e-01	8.500000e-01	1.000000e+00	0.000000e+00	0.000000e+00
8.500000e-01	8.600000e-01	1.000000e+00	0.000000e+00	0.000000e+00
8.600000e-01	8.700000e-01	1.000000e+00	0.000000e+00	0.000000e+00
8.700000e-01	8.800000e-01	1.000000e+00	0.000000e+00	0.000000e+00
8.800000e-01	8.900000e-01	1.000000e+00	0.000000e+00	0.000000e+00
8.900000e-01	9.000000e-01	1.000000e+00	0.000000e+00	0.000000e+00
9.000000e-01	9.100000e-01	1.000000e+00	0.000000e+00	0.000000e+00
9.100000e-01	9.200000e-01	1.000000e+00	0.000000e+00	0.000000e+00
9.200000e-01	9.300000e-01	1.000000e+00	0.000000e+00	0.000000e+00
9.300000e-01	9.400000e-01	1.000000e+00	0.000000e+00	0.000000e+00
9.400000e-01	9.500000e-01	1.000000e+00	0.000000e+00	0.000000e+00
9.500000e-01	9.600000e-01	1.000000e+00	0.000000e+00	0.000000e+00
9.600000e-01	9.700000e-01	1.000000e+00	0.000000e+00	0.000000e+00
9.700000e-01	9.800000e-01	1.000000e+00	0.000000e+00	0.000000e+00
9.800000e-01	9.900000e-01	1.000000e+00	0.000000e+00	0.000000e+00
9.900000e-01	1.000000e+00	1.000000e+00	0.000000e+00	0.000000e+00
1.000000e+00	1.010000e+00	1.000000e+00	0.000000e+00	0.000000e+00
1.010000e+00	1.020000e+00	1.000000e+00	0.000000e+00	0.000000e+00
1.020000e+00	1.030000e+00	1.000000e+00	0.000000e+00	0.000000e+00
1.030000e+00	1.040000e+00	1.000000e+00	0.000000e+00	0.000000e+00
1.040000e+00	1.050000e+00	1.000000e+00	0.000000e+00	0.000000e+00
1.050000e+00	1.060000e+00	1.000000e+00	0.000000e+00	0.000000e+00
1.060000e+00	1.070000e+00	1.000000e+00	0.000000e+00	0.000000e+00
1.070000e+00	1.080000e+00	1.000000e+00	0.000000e+00	0.000000e+00
1.080000e+00	1.090000e+00	1.000000e+00	0.000000e+00	0.000000e+00
1.090000e+00	1.100000e+00	1.000000e+00	0.000000e+00	0.000000e+00
1.100000e+00	1.110000e+00	1.000000e+00	0.000000e+00	0.000000e+00
1.110000e+00	1.120000e+00	1.000000e+00	0.000000e+00	0.000000e+00
1.120000e+00	1.130000e+00	1.000000e+00	0.000000e+00	0.000000e+00
1.130000e+00	1.140000e+00	1.000000e+00	0.000000e+00	0.000000e+00
1.140000e+00	1.150000e+00	1.000000e+00	0.000000e+00	0.000000e+00
1.150000e+00	1.160000e+00	1.000000e+00	0.000000e+00	0.000000e+00
1.160000e+00	1.170000e+00	1.000000e+00	0.000000e+00	0.000000e+00
1.170000e+00	1.180000e+00	1.000000e+00	0.000000e+00	0.000000e+00
1.180000e+00	1.190000e+00	1.000000e+00	0.000000e+00	0.000000e+00
1.190000e+00	1.200000e+00	1.000000e+00	0.000000e+00	0.000000e+00
1.200000e+00	1.210000e+00	1.000000e+00	0.000000e+00	0.000000e+00
1.210000e+00	1.220000e+00	1.000000e+00	0.000000e+00	0.000000e+00
1.220000e+00	1.230000e+00	1.000000e+00	0.000000e+00	0.000000e+00
1.230000e+00	1.240000e+00	1.000000e+00	0.000000e+00	0.000000e+00
1.240000e+00	1.250000e+00	1.000000e+00	0.000000e+00	0.000000e+00
1.250000e+00	1.260000e+00	1.000000e+00	0.000000e+00	0.000000e+00
1.260000e+00	1.270000e+00	1.000000e+00	0.000000e+00	0.000000e+00
1.270000e+00	1.280000e+00	1.000000e+00	0.000000e+00	0.000000e+00
1.280000e+00	1.290000e+00	1.000000e+00	0.000000e+00	0.000000e+00
1.290000e+00	1.300000e+00	1.000000e+00	0.000000e+00	0.000000e+00
1.300000e+00	1.310000e+00	1.000000e+00	0.000000e+00	0.000000e+00
1.310000e+00	1.320000e+00	1.000000e+00	0.000000e+00	0.000000e+00
1.320000e+00	1.330000e+00	1.000000e+00	0.000000e+00	0.000000e+00
1.330000e+00	1.340000e+00	1.000000e+00	0.000000e+00	0.000000e+00
1.340000e+00	1.350000e+00	1.000000e+00	0.000000e+00	0.000000e+00
1.350000e+00	1.360000e+00	1.000000e+00	0.000000e+00	0.000000e+00
1.360000e+00	1.370000e+00	1.000000e+00	0.000000e+00	0.000000e+00
1.370000e+00	1.380000e+00	1.000000e+00	0.000000e+00	0.000000e+00
1.380000e+00	1.390000e+00	1.000000e+00	0.000000e+00	0.000000e+00
1.390000e+00	1.400000e+00	1.000000e+00	0.000000e+00	0.000000e+00
1.400000e+00	1.410000e+00	1.000000e+00	0.000000e+00	0.000000e+00
1.410000e+00	1.420000e+00	1.000000e+00	0.000000e+00	0.000000e+00
1.420000e+00	1.430000e+00	1.000000e+00	0.000000e+00	0.000000e+00
1.430000e+00	1.440000e+00	1.000000e+00	0.000000e+00	0.000000e+00
1.440000e+00	1.450000e+00	1.000000e+00	0.000000e+00	0.000000e+00
1.450000e+00	1.460000e+00	1.000000e+00	0.000000e+00	0.000000e+00
1.460000e+00	1.470000e+00	1.000000e+00	0.000000e+00	0.000000e+00
1.470000e+00	1.480000e+00	1.000000e+00	0.000000e+00	0.000000e+00
1.480000e+00	1.490000e+00	1.000000e+00	0.000000e+00	0.000000e+00
1.490000e+00	1.500000e+00	1.000000e+00	0.000000e+00	0.000000e+00
# END HISTO1D

