# BEGIN PLOT
XTwosidedTicks=1
DrawOnly=//nfs/farm/g/theory/qcdsim/shoeche/runs/lhjets/hj/mcnlo/css/run.yoda/LH2017_ZHSHAPES/psi_0.7_100 //nfs/farm/g/theory/qcdsim/shoeche/runs/lhjets/hj/mcnlo/css-1em/run.yoda/LH2017_ZHSHAPES/psi_0.7_100 //nfs/farm/g/theory/qcdsim/shoeche/runs/lhjets/hj/nlo/cs/run.yoda/LH2017_ZHSHAPES/psi_0.7_100
RatioPlotReference=//nfs/farm/g/theory/qcdsim/shoeche/runs/lhjets/hj/nlo/cs/run.yoda/LH2017_ZHSHAPES/psi_0.7_100
XTwosidedTicks=1
YTwosidedTicks=1
TopMargin=0.0
RatioPlot=1
BottomMargin=0.0
MainPlot=0
RatioPlotYSize=2.5
XMax=0.7
DrawSpecialInRatio=1
LegendXPos=0.35
LegendYPos=0.8
LogY=1
RatioPlotYLabel=
LegendOnly=//nfs/farm/g/theory/qcdsim/shoeche/runs/lhjets/hj/mcnlo/css/run.yoda/LH2017_ZHSHAPES/psi_0.7_100 //nfs/farm/g/theory/qcdsim/shoeche/runs/lhjets/hj/mcnlo/css-1em/run.yoda/LH2017_ZHSHAPES/psi_0.7_100 //nfs/farm/g/theory/qcdsim/shoeche/runs/lhjets/hj/nlo/cs/run.yoda/LH2017_ZHSHAPES/psi_0.7_100
RatioPlotSameStyle=1
YTwosidedTicks=1
Legend=0
# END PLOT
# BEGIN SPECIAL text
\rput[br](0.95,0.2){$k_T>100GeV$}
# END SPECIAL

# BEGIN HISTO1D //nfs/farm/g/theory/qcdsim/shoeche/runs/lhjets/hj/mcnlo/css/run.yoda/LH2017_ZHSHAPES/psi_0.7_100
ErrorBars=1
LineColor=red
LineStyle=solid
Path=//nfs/farm/g/theory/qcdsim/shoeche/runs/lhjets/hj/mcnlo/css/run.yoda/LH2017_ZHSHAPES/psi_0.7_100
Title=MC@NLO
XLabel=
YLabel=
# xlow	 xhigh	 val	 errminus	 errplus
0.000000e+00	1.000000e-02	1.171584e-01	9.356981e-05	9.356981e-05
1.000000e-02	2.000000e-02	2.161472e-01	1.144383e-04	1.144383e-04
2.000000e-02	3.000000e-02	3.077246e-01	1.238773e-04	1.238773e-04
3.000000e-02	4.000000e-02	3.833428e-01	1.268246e-04	1.268246e-04
4.000000e-02	5.000000e-02	4.463644e-01	1.264919e-04	1.264919e-04
5.000000e-02	6.000000e-02	4.996920e-01	1.243832e-04	1.243832e-04
6.000000e-02	7.000000e-02	5.451955e-01	1.212524e-04	1.212524e-04
7.000000e-02	8.000000e-02	5.845975e-01	1.175410e-04	1.175410e-04
8.000000e-02	9.000000e-02	6.188857e-01	1.134990e-04	1.134990e-04
9.000000e-02	1.000000e-01	6.490261e-01	1.093070e-04	1.093070e-04
1.000000e-01	1.100000e-01	6.758061e-01	1.050482e-04	1.050482e-04
1.100000e-01	1.200000e-01	6.996972e-01	1.007952e-04	1.007952e-04
1.200000e-01	1.300000e-01	7.211171e-01	9.658879e-05	9.658879e-05
1.300000e-01	1.400000e-01	7.404747e-01	9.245101e-05	9.245101e-05
1.400000e-01	1.500000e-01	7.580286e-01	8.840258e-05	8.840258e-05
1.500000e-01	1.600000e-01	7.740288e-01	8.445823e-05	8.445823e-05
1.600000e-01	1.700000e-01	7.886900e-01	8.059823e-05	8.059823e-05
1.700000e-01	1.800000e-01	8.021366e-01	7.685862e-05	7.685862e-05
1.800000e-01	1.900000e-01	8.145123e-01	7.323334e-05	7.323334e-05
1.900000e-01	2.000000e-01	8.259723e-01	6.971427e-05	6.971427e-05
2.000000e-01	2.100000e-01	8.365876e-01	6.630385e-05	6.630385e-05
2.100000e-01	2.200000e-01	8.464491e-01	6.300229e-05	6.300229e-05
2.200000e-01	2.300000e-01	8.556351e-01	5.981287e-05	5.981287e-05
2.300000e-01	2.400000e-01	8.641994e-01	5.674794e-05	5.674794e-05
2.400000e-01	2.500000e-01	8.721821e-01	5.380418e-05	5.380418e-05
2.500000e-01	2.600000e-01	8.796715e-01	5.097246e-05	5.097246e-05
2.600000e-01	2.700000e-01	8.867070e-01	4.826147e-05	4.826147e-05
2.700000e-01	2.800000e-01	8.933026e-01	4.568731e-05	4.568731e-05
2.800000e-01	2.900000e-01	8.995044e-01	4.324391e-05	4.324391e-05
2.900000e-01	3.000000e-01	9.053484e-01	4.092909e-05	4.092909e-05
3.000000e-01	3.100000e-01	9.108631e-01	3.874267e-05	3.874267e-05
3.100000e-01	3.200000e-01	9.160759e-01	3.668628e-05	3.668628e-05
3.200000e-01	3.300000e-01	9.210205e-01	3.475506e-05	3.475506e-05
3.300000e-01	3.400000e-01	9.257017e-01	3.295012e-05	3.295012e-05
3.400000e-01	3.500000e-01	9.301501e-01	3.126490e-05	3.126490e-05
3.500000e-01	3.600000e-01	9.343829e-01	2.967918e-05	2.967918e-05
3.600000e-01	3.700000e-01	9.383991e-01	2.819012e-05	2.819012e-05
3.700000e-01	3.800000e-01	9.422304e-01	2.677664e-05	2.677664e-05
3.800000e-01	3.900000e-01	9.458956e-01	2.542486e-05	2.542486e-05
3.900000e-01	4.000000e-01	9.493776e-01	2.414680e-05	2.414680e-05
4.000000e-01	4.100000e-01	9.527169e-01	2.291321e-05	2.291321e-05
4.100000e-01	4.200000e-01	9.559005e-01	2.173757e-05	2.173757e-05
4.200000e-01	4.300000e-01	9.589436e-01	2.059548e-05	2.059548e-05
4.300000e-01	4.400000e-01	9.618563e-01	1.949544e-05	1.949544e-05
4.400000e-01	4.500000e-01	9.646407e-01	1.843235e-05	1.843235e-05
4.500000e-01	4.600000e-01	9.673157e-01	1.739705e-05	1.739705e-05
4.600000e-01	4.700000e-01	9.698733e-01	1.639019e-05	1.639019e-05
4.700000e-01	4.800000e-01	9.723184e-01	1.541470e-05	1.541470e-05
4.800000e-01	4.900000e-01	9.746595e-01	1.446220e-05	1.446220e-05
4.900000e-01	5.000000e-01	9.768912e-01	1.353895e-05	1.353895e-05
5.000000e-01	5.100000e-01	9.790245e-01	1.263484e-05	1.263484e-05
5.100000e-01	5.200000e-01	9.810660e-01	1.174922e-05	1.174922e-05
5.200000e-01	5.300000e-01	9.830057e-01	1.088662e-05	1.088662e-05
5.300000e-01	5.400000e-01	9.848507e-01	1.004076e-05	1.004076e-05
5.400000e-01	5.500000e-01	9.866044e-01	9.214908e-06	9.214908e-06
5.500000e-01	5.600000e-01	9.882602e-01	8.406840e-06	8.406840e-06
5.600000e-01	5.700000e-01	9.898204e-01	7.616058e-06	7.616058e-06
5.700000e-01	5.800000e-01	9.912819e-01	6.847261e-06	6.847261e-06
5.800000e-01	5.900000e-01	9.926424e-01	6.094963e-06	6.094963e-06
5.900000e-01	6.000000e-01	9.938993e-01	5.368393e-06	5.368393e-06
6.000000e-01	6.100000e-01	9.950576e-01	4.657769e-06	4.657769e-06
6.100000e-01	6.200000e-01	9.961104e-01	3.971500e-06	3.971500e-06
6.200000e-01	6.300000e-01	9.970482e-01	3.310240e-06	3.310240e-06
6.300000e-01	6.400000e-01	9.978693e-01	2.679456e-06	2.679456e-06
6.400000e-01	6.500000e-01	9.985599e-01	2.090543e-06	2.090543e-06
6.500000e-01	6.600000e-01	9.991143e-01	1.561723e-06	1.561723e-06
6.600000e-01	6.700000e-01	9.995220e-01	1.108301e-06	1.108301e-06
6.700000e-01	6.800000e-01	9.997760e-01	7.799525e-07	7.799525e-07
6.800000e-01	6.900000e-01	9.998853e-01	6.352230e-07	6.352230e-07
6.900000e-01	7.000000e-01	9.999123e-01	5.581202e-07	5.581202e-07
7.000000e-01	7.100000e-01	9.999276e-01	5.152349e-07	5.152349e-07
7.100000e-01	7.200000e-01	9.999404e-01	4.558576e-07	4.558576e-07
7.200000e-01	7.300000e-01	9.999513e-01	4.162020e-07	4.162020e-07
7.300000e-01	7.400000e-01	9.999603e-01	3.564339e-07	3.564339e-07
7.400000e-01	7.500000e-01	9.999676e-01	3.224405e-07	3.224405e-07
7.500000e-01	7.600000e-01	9.999738e-01	2.843863e-07	2.843863e-07
7.600000e-01	7.700000e-01	9.999788e-01	2.633136e-07	2.633136e-07
7.700000e-01	7.800000e-01	9.999829e-01	2.403868e-07	2.403868e-07
7.800000e-01	7.900000e-01	9.999864e-01	1.862005e-07	1.862005e-07
7.900000e-01	8.000000e-01	9.999893e-01	1.520344e-07	1.520344e-07
8.000000e-01	8.100000e-01	9.999916e-01	1.862279e-07	1.862279e-07
8.100000e-01	8.200000e-01	9.999934e-01	1.520555e-07	1.520555e-07
8.200000e-01	8.300000e-01	9.999950e-01	1.075179e-07	1.075179e-07
8.300000e-01	8.400000e-01	9.999961e-01	1.075223e-07	1.075223e-07
8.400000e-01	8.500000e-01	9.999970e-01	1.075248e-07	1.075248e-07
8.500000e-01	8.600000e-01	9.999978e-01	1.075265e-07	1.075265e-07
8.600000e-01	8.700000e-01	9.999983e-01	1.075273e-07	1.075273e-07
8.700000e-01	8.800000e-01	9.999988e-01	3.482072e-10	3.482072e-10
8.800000e-01	8.900000e-01	9.999991e-01	1.075282e-07	1.075282e-07
8.900000e-01	9.000000e-01	9.999994e-01	1.075283e-07	1.075283e-07
9.000000e-01	9.100000e-01	9.999996e-01	1.160926e-10	1.160926e-10
9.100000e-01	9.200000e-01	9.999997e-01	7.735982e-11	7.735982e-11
9.200000e-01	9.300000e-01	9.999997e-01	1.075285e-07	1.075285e-07
9.300000e-01	9.400000e-01	9.999999e-01	3.867991e-11	3.867991e-11
9.400000e-01	9.500000e-01	9.999999e-01	1.075285e-07	1.075285e-07
9.500000e-01	9.600000e-01	9.999999e-01	1.075285e-07	1.075285e-07
9.600000e-01	9.700000e-01	1.000000e+00	1.075285e-07	1.075285e-07
9.700000e-01	9.800000e-01	1.000000e+00	0.000000e+00	0.000000e+00
9.800000e-01	9.900000e-01	1.000000e+00	0.000000e+00	0.000000e+00
9.900000e-01	1.000000e+00	1.000000e+00	0.000000e+00	0.000000e+00
1.000000e+00	1.010000e+00	1.000000e+00	0.000000e+00	0.000000e+00
1.010000e+00	1.020000e+00	1.000000e+00	0.000000e+00	0.000000e+00
1.020000e+00	1.030000e+00	1.000000e+00	0.000000e+00	0.000000e+00
1.030000e+00	1.040000e+00	1.000000e+00	0.000000e+00	0.000000e+00
1.040000e+00	1.050000e+00	1.000000e+00	0.000000e+00	0.000000e+00
1.050000e+00	1.060000e+00	1.000000e+00	0.000000e+00	0.000000e+00
1.060000e+00	1.070000e+00	1.000000e+00	0.000000e+00	0.000000e+00
1.070000e+00	1.080000e+00	1.000000e+00	0.000000e+00	0.000000e+00
1.080000e+00	1.090000e+00	1.000000e+00	0.000000e+00	0.000000e+00
1.090000e+00	1.100000e+00	1.000000e+00	0.000000e+00	0.000000e+00
1.100000e+00	1.110000e+00	1.000000e+00	0.000000e+00	0.000000e+00
1.110000e+00	1.120000e+00	1.000000e+00	0.000000e+00	0.000000e+00
1.120000e+00	1.130000e+00	1.000000e+00	0.000000e+00	0.000000e+00
1.130000e+00	1.140000e+00	1.000000e+00	0.000000e+00	0.000000e+00
1.140000e+00	1.150000e+00	1.000000e+00	0.000000e+00	0.000000e+00
1.150000e+00	1.160000e+00	1.000000e+00	0.000000e+00	0.000000e+00
1.160000e+00	1.170000e+00	1.000000e+00	0.000000e+00	0.000000e+00
1.170000e+00	1.180000e+00	1.000000e+00	0.000000e+00	0.000000e+00
1.180000e+00	1.190000e+00	1.000000e+00	0.000000e+00	0.000000e+00
1.190000e+00	1.200000e+00	1.000000e+00	0.000000e+00	0.000000e+00
1.200000e+00	1.210000e+00	1.000000e+00	0.000000e+00	0.000000e+00
1.210000e+00	1.220000e+00	1.000000e+00	0.000000e+00	0.000000e+00
1.220000e+00	1.230000e+00	1.000000e+00	0.000000e+00	0.000000e+00
1.230000e+00	1.240000e+00	1.000000e+00	0.000000e+00	0.000000e+00
1.240000e+00	1.250000e+00	1.000000e+00	0.000000e+00	0.000000e+00
1.250000e+00	1.260000e+00	1.000000e+00	0.000000e+00	0.000000e+00
1.260000e+00	1.270000e+00	1.000000e+00	0.000000e+00	0.000000e+00
1.270000e+00	1.280000e+00	1.000000e+00	0.000000e+00	0.000000e+00
1.280000e+00	1.290000e+00	1.000000e+00	0.000000e+00	0.000000e+00
1.290000e+00	1.300000e+00	1.000000e+00	0.000000e+00	0.000000e+00
1.300000e+00	1.310000e+00	1.000000e+00	0.000000e+00	0.000000e+00
1.310000e+00	1.320000e+00	1.000000e+00	0.000000e+00	0.000000e+00
1.320000e+00	1.330000e+00	1.000000e+00	0.000000e+00	0.000000e+00
1.330000e+00	1.340000e+00	1.000000e+00	0.000000e+00	0.000000e+00
1.340000e+00	1.350000e+00	1.000000e+00	0.000000e+00	0.000000e+00
1.350000e+00	1.360000e+00	1.000000e+00	0.000000e+00	0.000000e+00
1.360000e+00	1.370000e+00	1.000000e+00	0.000000e+00	0.000000e+00
1.370000e+00	1.380000e+00	1.000000e+00	0.000000e+00	0.000000e+00
1.380000e+00	1.390000e+00	1.000000e+00	0.000000e+00	0.000000e+00
1.390000e+00	1.400000e+00	1.000000e+00	0.000000e+00	0.000000e+00
1.400000e+00	1.410000e+00	1.000000e+00	0.000000e+00	0.000000e+00
1.410000e+00	1.420000e+00	1.000000e+00	0.000000e+00	0.000000e+00
1.420000e+00	1.430000e+00	1.000000e+00	0.000000e+00	0.000000e+00
1.430000e+00	1.440000e+00	1.000000e+00	0.000000e+00	0.000000e+00
1.440000e+00	1.450000e+00	1.000000e+00	0.000000e+00	0.000000e+00
1.450000e+00	1.460000e+00	1.000000e+00	0.000000e+00	0.000000e+00
1.460000e+00	1.470000e+00	1.000000e+00	0.000000e+00	0.000000e+00
1.470000e+00	1.480000e+00	1.000000e+00	0.000000e+00	0.000000e+00
1.480000e+00	1.490000e+00	1.000000e+00	0.000000e+00	0.000000e+00
1.490000e+00	1.500000e+00	1.000000e+00	0.000000e+00	0.000000e+00
# END HISTO1D

# BEGIN HISTO1D //nfs/farm/g/theory/qcdsim/shoeche/runs/lhjets/hj/mcnlo/css-1em/run.yoda/LH2017_ZHSHAPES/psi_0.7_100
ErrorBars=1
LineColor=blue
LineStyle=solid
Path=//nfs/farm/g/theory/qcdsim/shoeche/runs/lhjets/hj/mcnlo/css-1em/run.yoda/LH2017_ZHSHAPES/psi_0.7_100
Title=MC@NLO~1em
XLabel=
YLabel=
# xlow	 xhigh	 val	 errminus	 errplus
0.000000e+00	1.000000e-02	9.361709e-01	1.405653e-04	1.405653e-04
1.000000e-02	2.000000e-02	9.372838e-01	1.393092e-04	1.393092e-04
2.000000e-02	3.000000e-02	9.388464e-01	1.374844e-04	1.374844e-04
3.000000e-02	4.000000e-02	9.408676e-01	1.350390e-04	1.350390e-04
4.000000e-02	5.000000e-02	9.431547e-01	1.321546e-04	1.321546e-04
5.000000e-02	6.000000e-02	9.456021e-01	1.289387e-04	1.289387e-04
6.000000e-02	7.000000e-02	9.481575e-01	1.254322e-04	1.254322e-04
7.000000e-02	8.000000e-02	9.506908e-01	1.218098e-04	1.218098e-04
8.000000e-02	9.000000e-02	9.532684e-01	1.179591e-04	1.179591e-04
9.000000e-02	1.000000e-01	9.557980e-01	1.140156e-04	1.140156e-04
1.000000e-01	1.100000e-01	9.582845e-01	1.099728e-04	1.099728e-04
1.100000e-01	1.200000e-01	9.607186e-01	1.058532e-04	1.058532e-04
1.200000e-01	1.300000e-01	9.630616e-01	1.016858e-04	1.016858e-04
1.300000e-01	1.400000e-01	9.652533e-01	9.763572e-05	9.763572e-05
1.400000e-01	1.500000e-01	9.674125e-01	9.345431e-05	9.345431e-05
1.500000e-01	1.600000e-01	9.694595e-01	8.932846e-05	8.932846e-05
1.600000e-01	1.700000e-01	9.714165e-01	8.519682e-05	8.519682e-05
1.700000e-01	1.800000e-01	9.732792e-01	8.108837e-05	8.108837e-05
1.800000e-01	1.900000e-01	9.750428e-01	7.706914e-05	7.706914e-05
1.900000e-01	2.000000e-01	9.767062e-01	7.310313e-05	7.310313e-05
2.000000e-01	2.100000e-01	9.782940e-01	6.918148e-05	6.918148e-05
2.100000e-01	2.200000e-01	9.798032e-01	6.529089e-05	6.529089e-05
2.200000e-01	2.300000e-01	9.812385e-01	6.141704e-05	6.141704e-05
2.300000e-01	2.400000e-01	9.825993e-01	5.762714e-05	5.762714e-05
2.400000e-01	2.500000e-01	9.838731e-01	5.394317e-05	5.394317e-05
2.500000e-01	2.600000e-01	9.850713e-01	5.038775e-05	5.038775e-05
2.600000e-01	2.700000e-01	9.861777e-01	4.699463e-05	4.699463e-05
2.700000e-01	2.800000e-01	9.872576e-01	4.357836e-05	4.357836e-05
2.800000e-01	2.900000e-01	9.882583e-01	4.033596e-05	4.033596e-05
2.900000e-01	3.000000e-01	9.892067e-01	3.720821e-05	3.720821e-05
3.000000e-01	3.100000e-01	9.900934e-01	3.430533e-05	3.430533e-05
3.100000e-01	3.200000e-01	9.909284e-01	3.155370e-05	3.155370e-05
3.200000e-01	3.300000e-01	9.917046e-01	2.912703e-05	2.912703e-05
3.300000e-01	3.400000e-01	9.924405e-01	2.696925e-05	2.696925e-05
3.400000e-01	3.500000e-01	9.931297e-01	2.518573e-05	2.518573e-05
3.500000e-01	3.600000e-01	9.937624e-01	2.366469e-05	2.366469e-05
3.600000e-01	3.700000e-01	9.943578e-01	2.217800e-05	2.217800e-05
3.700000e-01	3.800000e-01	9.949119e-01	2.075292e-05	2.075292e-05
3.800000e-01	3.900000e-01	9.954312e-01	1.936374e-05	1.936374e-05
3.900000e-01	4.000000e-01	9.959072e-01	1.804665e-05	1.804665e-05
4.000000e-01	4.100000e-01	9.963454e-01	1.679659e-05	1.679659e-05
4.100000e-01	4.200000e-01	9.967542e-01	1.556762e-05	1.556762e-05
4.200000e-01	4.300000e-01	9.971330e-01	1.438666e-05	1.438666e-05
4.300000e-01	4.400000e-01	9.974836e-01	1.324504e-05	1.324504e-05
4.400000e-01	4.500000e-01	9.978011e-01	1.217070e-05	1.217070e-05
4.500000e-01	4.600000e-01	9.980845e-01	1.113943e-05	1.113943e-05
4.600000e-01	4.700000e-01	9.983474e-01	1.014649e-05	1.014649e-05
4.700000e-01	4.800000e-01	9.985881e-01	9.183169e-06	9.183169e-06
4.800000e-01	4.900000e-01	9.988000e-01	8.284184e-06	8.284184e-06
4.900000e-01	5.000000e-01	9.989891e-01	7.447246e-06	7.447246e-06
5.000000e-01	5.100000e-01	9.991602e-01	6.621956e-06	6.621956e-06
5.100000e-01	5.200000e-01	9.993133e-01	5.830854e-06	5.830854e-06
5.200000e-01	5.300000e-01	9.994375e-01	5.148239e-06	5.148239e-06
5.300000e-01	5.400000e-01	9.995486e-01	4.470866e-06	4.470866e-06
5.400000e-01	5.500000e-01	9.996440e-01	3.853725e-06	3.853725e-06
5.500000e-01	5.600000e-01	9.997209e-01	3.330828e-06	3.330828e-06
5.600000e-01	5.700000e-01	9.997881e-01	2.815695e-06	2.815695e-06
5.700000e-01	5.800000e-01	9.998427e-01	2.313728e-06	2.313728e-06
5.800000e-01	5.900000e-01	9.998877e-01	1.889492e-06	1.889492e-06
5.900000e-01	6.000000e-01	9.999226e-01	1.477274e-06	1.477274e-06
6.000000e-01	6.100000e-01	9.999496e-01	1.091150e-06	1.091150e-06
6.100000e-01	6.200000e-01	9.999682e-01	9.962626e-07	9.962626e-07
6.200000e-01	6.300000e-01	9.999820e-01	6.301130e-07	6.301130e-07
6.300000e-01	6.400000e-01	9.999904e-01	4.455831e-07	4.455831e-07
6.400000e-01	6.500000e-01	9.999952e-01	6.301920e-07	6.301920e-07
6.500000e-01	6.600000e-01	9.999982e-01	4.456161e-07	4.456161e-07
6.600000e-01	6.700000e-01	9.999994e-01	3.452468e-10	3.452468e-10
6.700000e-01	6.800000e-01	9.999994e-01	4.456172e-07	4.456172e-07
6.800000e-01	6.900000e-01	1.000000e+00	0.000000e+00	0.000000e+00
6.900000e-01	7.000000e-01	1.000000e+00	0.000000e+00	0.000000e+00
7.000000e-01	7.100000e-01	1.000000e+00	0.000000e+00	0.000000e+00
7.100000e-01	7.200000e-01	1.000000e+00	0.000000e+00	0.000000e+00
7.200000e-01	7.300000e-01	1.000000e+00	0.000000e+00	0.000000e+00
7.300000e-01	7.400000e-01	1.000000e+00	0.000000e+00	0.000000e+00
7.400000e-01	7.500000e-01	1.000000e+00	0.000000e+00	0.000000e+00
7.500000e-01	7.600000e-01	1.000000e+00	0.000000e+00	0.000000e+00
7.600000e-01	7.700000e-01	1.000000e+00	0.000000e+00	0.000000e+00
7.700000e-01	7.800000e-01	1.000000e+00	0.000000e+00	0.000000e+00
7.800000e-01	7.900000e-01	1.000000e+00	0.000000e+00	0.000000e+00
7.900000e-01	8.000000e-01	1.000000e+00	0.000000e+00	0.000000e+00
8.000000e-01	8.100000e-01	1.000000e+00	0.000000e+00	0.000000e+00
8.100000e-01	8.200000e-01	1.000000e+00	0.000000e+00	0.000000e+00
8.200000e-01	8.300000e-01	1.000000e+00	0.000000e+00	0.000000e+00
8.300000e-01	8.400000e-01	1.000000e+00	0.000000e+00	0.000000e+00
8.400000e-01	8.500000e-01	1.000000e+00	0.000000e+00	0.000000e+00
8.500000e-01	8.600000e-01	1.000000e+00	0.000000e+00	0.000000e+00
8.600000e-01	8.700000e-01	1.000000e+00	0.000000e+00	0.000000e+00
8.700000e-01	8.800000e-01	1.000000e+00	0.000000e+00	0.000000e+00
8.800000e-01	8.900000e-01	1.000000e+00	0.000000e+00	0.000000e+00
8.900000e-01	9.000000e-01	1.000000e+00	0.000000e+00	0.000000e+00
9.000000e-01	9.100000e-01	1.000000e+00	0.000000e+00	0.000000e+00
9.100000e-01	9.200000e-01	1.000000e+00	0.000000e+00	0.000000e+00
9.200000e-01	9.300000e-01	1.000000e+00	0.000000e+00	0.000000e+00
9.300000e-01	9.400000e-01	1.000000e+00	0.000000e+00	0.000000e+00
9.400000e-01	9.500000e-01	1.000000e+00	0.000000e+00	0.000000e+00
9.500000e-01	9.600000e-01	1.000000e+00	0.000000e+00	0.000000e+00
9.600000e-01	9.700000e-01	1.000000e+00	0.000000e+00	0.000000e+00
9.700000e-01	9.800000e-01	1.000000e+00	0.000000e+00	0.000000e+00
9.800000e-01	9.900000e-01	1.000000e+00	0.000000e+00	0.000000e+00
9.900000e-01	1.000000e+00	1.000000e+00	0.000000e+00	0.000000e+00
1.000000e+00	1.010000e+00	1.000000e+00	0.000000e+00	0.000000e+00
1.010000e+00	1.020000e+00	1.000000e+00	0.000000e+00	0.000000e+00
1.020000e+00	1.030000e+00	1.000000e+00	0.000000e+00	0.000000e+00
1.030000e+00	1.040000e+00	1.000000e+00	0.000000e+00	0.000000e+00
1.040000e+00	1.050000e+00	1.000000e+00	0.000000e+00	0.000000e+00
1.050000e+00	1.060000e+00	1.000000e+00	0.000000e+00	0.000000e+00
1.060000e+00	1.070000e+00	1.000000e+00	0.000000e+00	0.000000e+00
1.070000e+00	1.080000e+00	1.000000e+00	0.000000e+00	0.000000e+00
1.080000e+00	1.090000e+00	1.000000e+00	0.000000e+00	0.000000e+00
1.090000e+00	1.100000e+00	1.000000e+00	0.000000e+00	0.000000e+00
1.100000e+00	1.110000e+00	1.000000e+00	0.000000e+00	0.000000e+00
1.110000e+00	1.120000e+00	1.000000e+00	0.000000e+00	0.000000e+00
1.120000e+00	1.130000e+00	1.000000e+00	0.000000e+00	0.000000e+00
1.130000e+00	1.140000e+00	1.000000e+00	0.000000e+00	0.000000e+00
1.140000e+00	1.150000e+00	1.000000e+00	0.000000e+00	0.000000e+00
1.150000e+00	1.160000e+00	1.000000e+00	0.000000e+00	0.000000e+00
1.160000e+00	1.170000e+00	1.000000e+00	0.000000e+00	0.000000e+00
1.170000e+00	1.180000e+00	1.000000e+00	0.000000e+00	0.000000e+00
1.180000e+00	1.190000e+00	1.000000e+00	0.000000e+00	0.000000e+00
1.190000e+00	1.200000e+00	1.000000e+00	0.000000e+00	0.000000e+00
1.200000e+00	1.210000e+00	1.000000e+00	0.000000e+00	0.000000e+00
1.210000e+00	1.220000e+00	1.000000e+00	0.000000e+00	0.000000e+00
1.220000e+00	1.230000e+00	1.000000e+00	0.000000e+00	0.000000e+00
1.230000e+00	1.240000e+00	1.000000e+00	0.000000e+00	0.000000e+00
1.240000e+00	1.250000e+00	1.000000e+00	0.000000e+00	0.000000e+00
1.250000e+00	1.260000e+00	1.000000e+00	0.000000e+00	0.000000e+00
1.260000e+00	1.270000e+00	1.000000e+00	0.000000e+00	0.000000e+00
1.270000e+00	1.280000e+00	1.000000e+00	0.000000e+00	0.000000e+00
1.280000e+00	1.290000e+00	1.000000e+00	0.000000e+00	0.000000e+00
1.290000e+00	1.300000e+00	1.000000e+00	0.000000e+00	0.000000e+00
1.300000e+00	1.310000e+00	1.000000e+00	0.000000e+00	0.000000e+00
1.310000e+00	1.320000e+00	1.000000e+00	0.000000e+00	0.000000e+00
1.320000e+00	1.330000e+00	1.000000e+00	0.000000e+00	0.000000e+00
1.330000e+00	1.340000e+00	1.000000e+00	0.000000e+00	0.000000e+00
1.340000e+00	1.350000e+00	1.000000e+00	0.000000e+00	0.000000e+00
1.350000e+00	1.360000e+00	1.000000e+00	0.000000e+00	0.000000e+00
1.360000e+00	1.370000e+00	1.000000e+00	0.000000e+00	0.000000e+00
1.370000e+00	1.380000e+00	1.000000e+00	0.000000e+00	0.000000e+00
1.380000e+00	1.390000e+00	1.000000e+00	0.000000e+00	0.000000e+00
1.390000e+00	1.400000e+00	1.000000e+00	0.000000e+00	0.000000e+00
1.400000e+00	1.410000e+00	1.000000e+00	0.000000e+00	0.000000e+00
1.410000e+00	1.420000e+00	1.000000e+00	0.000000e+00	0.000000e+00
1.420000e+00	1.430000e+00	1.000000e+00	0.000000e+00	0.000000e+00
1.430000e+00	1.440000e+00	1.000000e+00	0.000000e+00	0.000000e+00
1.440000e+00	1.450000e+00	1.000000e+00	0.000000e+00	0.000000e+00
1.450000e+00	1.460000e+00	1.000000e+00	0.000000e+00	0.000000e+00
1.460000e+00	1.470000e+00	1.000000e+00	0.000000e+00	0.000000e+00
1.470000e+00	1.480000e+00	1.000000e+00	0.000000e+00	0.000000e+00
1.480000e+00	1.490000e+00	1.000000e+00	0.000000e+00	0.000000e+00
1.490000e+00	1.500000e+00	1.000000e+00	0.000000e+00	0.000000e+00
# END HISTO1D

# BEGIN HISTO1D //nfs/farm/g/theory/qcdsim/shoeche/runs/lhjets/hj/nlo/cs/run.yoda/LH2017_ZHSHAPES/psi_0.7_100
ErrorBars=0
LineColor={[HTML]{2da334}}
LineStyle=solid
Path=//nfs/farm/g/theory/qcdsim/shoeche/runs/lhjets/hj/nlo/cs/run.yoda/LH2017_ZHSHAPES/psi_0.7_100
Title=NLO
XLabel=
YLabel=
# xlow	 xhigh	 val	 errminus	 errplus
0.000000e+00	1.000000e-02	3.094717e-01	9.355535e-02	9.355535e-02
1.000000e-02	2.000000e-02	5.216940e-01	1.037379e-01	1.037379e-01
2.000000e-02	3.000000e-02	6.275579e-01	9.970823e-02	9.970823e-02
3.000000e-02	4.000000e-02	6.936806e-01	9.398220e-02	9.398220e-02
4.000000e-02	5.000000e-02	7.402973e-01	8.824939e-02	8.824939e-02
5.000000e-02	6.000000e-02	7.752698e-01	8.284825e-02	8.284825e-02
6.000000e-02	7.000000e-02	8.021489e-01	7.792075e-02	7.792075e-02
7.000000e-02	8.000000e-02	8.240176e-01	7.328244e-02	7.328244e-02
8.000000e-02	9.000000e-02	8.421799e-01	6.904891e-02	6.904891e-02
9.000000e-02	1.000000e-01	8.575847e-01	6.507593e-02	6.507593e-02
1.000000e-01	1.100000e-01	8.706519e-01	6.139669e-02	6.139669e-02
1.100000e-01	1.200000e-01	8.821880e-01	5.790544e-02	5.790544e-02
1.200000e-01	1.300000e-01	8.921541e-01	5.465127e-02	5.465127e-02
1.300000e-01	1.400000e-01	9.009328e-01	5.160794e-02	5.160794e-02
1.400000e-01	1.500000e-01	9.086904e-01	4.872431e-02	4.872431e-02
1.500000e-01	1.600000e-01	9.157296e-01	4.598389e-02	4.598389e-02
1.600000e-01	1.700000e-01	9.220844e-01	4.337342e-02	4.337342e-02
1.700000e-01	1.800000e-01	9.277689e-01	4.091318e-02	4.091318e-02
1.800000e-01	1.900000e-01	9.329917e-01	3.853897e-02	3.853897e-02
1.900000e-01	2.000000e-01	9.377469e-01	3.631779e-02	3.631779e-02
2.000000e-01	2.100000e-01	9.420600e-01	3.420282e-02	3.420282e-02
2.100000e-01	2.200000e-01	9.460849e-01	3.215375e-02	3.215375e-02
2.200000e-01	2.300000e-01	9.497807e-01	3.018582e-02	3.018582e-02
2.300000e-01	2.400000e-01	9.532180e-01	2.832739e-02	2.832739e-02
2.400000e-01	2.500000e-01	9.564052e-01	2.654331e-02	2.654331e-02
2.500000e-01	2.600000e-01	9.593802e-01	2.482235e-02	2.482235e-02
2.600000e-01	2.700000e-01	9.621118e-01	2.320995e-02	2.320995e-02
2.700000e-01	2.800000e-01	9.646667e-01	2.168223e-02	2.168223e-02
2.800000e-01	2.900000e-01	9.670454e-01	2.022822e-02	2.022822e-02
2.900000e-01	3.000000e-01	9.692650e-01	1.888291e-02	1.888291e-02
3.000000e-01	3.100000e-01	9.713702e-01	1.760988e-02	1.760988e-02
3.100000e-01	3.200000e-01	9.733004e-01	1.645674e-02	1.645674e-02
3.200000e-01	3.300000e-01	9.751450e-01	1.539822e-02	1.539822e-02
3.300000e-01	3.400000e-01	9.768858e-01	1.448564e-02	1.448564e-02
3.400000e-01	3.500000e-01	9.785199e-01	1.371381e-02	1.371381e-02
3.500000e-01	3.600000e-01	9.800340e-01	1.302448e-02	1.302448e-02
3.600000e-01	3.700000e-01	9.814911e-01	1.234536e-02	1.234536e-02
3.700000e-01	3.800000e-01	9.828512e-01	1.169687e-02	1.169687e-02
3.800000e-01	3.900000e-01	9.841523e-01	1.106505e-02	1.106505e-02
3.900000e-01	4.000000e-01	9.853642e-01	1.045610e-02	1.045610e-02
4.000000e-01	4.100000e-01	9.865129e-01	9.863938e-03	9.863938e-03
4.100000e-01	4.200000e-01	9.875849e-01	9.298300e-03	9.298300e-03
4.200000e-01	4.300000e-01	9.886003e-01	8.751455e-03	8.751455e-03
4.300000e-01	4.400000e-01	9.895553e-01	8.224756e-03	8.224756e-03
4.400000e-01	4.500000e-01	9.904391e-01	7.717606e-03	7.717606e-03
4.500000e-01	4.600000e-01	9.912922e-01	7.220855e-03	7.220855e-03
4.600000e-01	4.700000e-01	9.921024e-01	6.730029e-03	6.730029e-03
4.700000e-01	4.800000e-01	9.928485e-01	6.263989e-03	6.263989e-03
4.800000e-01	4.900000e-01	9.935361e-01	5.825754e-03	5.825754e-03
4.900000e-01	5.000000e-01	9.941820e-01	5.396973e-03	5.396973e-03
5.000000e-01	5.100000e-01	9.947964e-01	4.978846e-03	4.978846e-03
5.100000e-01	5.200000e-01	9.953670e-01	4.574326e-03	4.574326e-03
5.200000e-01	5.300000e-01	9.959028e-01	4.181309e-03	4.181309e-03
5.300000e-01	5.400000e-01	9.963976e-01	3.809737e-03	3.809737e-03
5.400000e-01	5.500000e-01	9.968563e-01	3.449581e-03	3.449581e-03
5.500000e-01	5.600000e-01	9.972790e-01	3.099937e-03	3.099937e-03
5.600000e-01	5.700000e-01	9.976778e-01	2.761385e-03	2.761385e-03
5.700000e-01	5.800000e-01	9.980350e-01	2.445737e-03	2.445737e-03
5.800000e-01	5.900000e-01	9.983554e-01	2.145688e-03	2.145688e-03
5.900000e-01	6.000000e-01	9.986472e-01	1.853288e-03	1.853288e-03
6.000000e-01	6.100000e-01	9.989063e-01	1.582033e-03	1.582033e-03
6.100000e-01	6.200000e-01	9.991392e-01	1.329308e-03	1.329308e-03
6.200000e-01	6.300000e-01	9.993443e-01	1.088347e-03	1.088347e-03
6.300000e-01	6.400000e-01	9.995227e-01	8.597555e-04	8.597555e-04
6.400000e-01	6.500000e-01	9.996740e-01	6.577472e-04	6.577472e-04
6.500000e-01	6.600000e-01	9.997919e-01	4.608441e-04	4.608441e-04
6.600000e-01	6.700000e-01	9.998829e-01	2.978676e-04	2.978676e-04
6.700000e-01	6.800000e-01	9.999493e-01	1.634051e-04	1.634051e-04
6.800000e-01	6.900000e-01	9.999872e-01	2.994563e-06	2.994563e-06
6.900000e-01	7.000000e-01	1.000000e+00	0.000000e+00	0.000000e+00
7.000000e-01	7.100000e-01	1.000000e+00	0.000000e+00	0.000000e+00
7.100000e-01	7.200000e-01	1.000000e+00	0.000000e+00	0.000000e+00
7.200000e-01	7.300000e-01	1.000000e+00	0.000000e+00	0.000000e+00
7.300000e-01	7.400000e-01	1.000000e+00	0.000000e+00	0.000000e+00
7.400000e-01	7.500000e-01	1.000000e+00	0.000000e+00	0.000000e+00
7.500000e-01	7.600000e-01	1.000000e+00	0.000000e+00	0.000000e+00
7.600000e-01	7.700000e-01	1.000000e+00	0.000000e+00	0.000000e+00
7.700000e-01	7.800000e-01	1.000000e+00	0.000000e+00	0.000000e+00
7.800000e-01	7.900000e-01	1.000000e+00	0.000000e+00	0.000000e+00
7.900000e-01	8.000000e-01	1.000000e+00	0.000000e+00	0.000000e+00
8.000000e-01	8.100000e-01	1.000000e+00	0.000000e+00	0.000000e+00
8.100000e-01	8.200000e-01	1.000000e+00	0.000000e+00	0.000000e+00
8.200000e-01	8.300000e-01	1.000000e+00	0.000000e+00	0.000000e+00
8.300000e-01	8.400000e-01	1.000000e+00	0.000000e+00	0.000000e+00
8.400000e-01	8.500000e-01	1.000000e+00	0.000000e+00	0.000000e+00
8.500000e-01	8.600000e-01	1.000000e+00	0.000000e+00	0.000000e+00
8.600000e-01	8.700000e-01	1.000000e+00	0.000000e+00	0.000000e+00
8.700000e-01	8.800000e-01	1.000000e+00	0.000000e+00	0.000000e+00
8.800000e-01	8.900000e-01	1.000000e+00	0.000000e+00	0.000000e+00
8.900000e-01	9.000000e-01	1.000000e+00	0.000000e+00	0.000000e+00
9.000000e-01	9.100000e-01	1.000000e+00	0.000000e+00	0.000000e+00
9.100000e-01	9.200000e-01	1.000000e+00	0.000000e+00	0.000000e+00
9.200000e-01	9.300000e-01	1.000000e+00	0.000000e+00	0.000000e+00
9.300000e-01	9.400000e-01	1.000000e+00	0.000000e+00	0.000000e+00
9.400000e-01	9.500000e-01	1.000000e+00	0.000000e+00	0.000000e+00
9.500000e-01	9.600000e-01	1.000000e+00	0.000000e+00	0.000000e+00
9.600000e-01	9.700000e-01	1.000000e+00	0.000000e+00	0.000000e+00
9.700000e-01	9.800000e-01	1.000000e+00	0.000000e+00	0.000000e+00
9.800000e-01	9.900000e-01	1.000000e+00	0.000000e+00	0.000000e+00
9.900000e-01	1.000000e+00	1.000000e+00	0.000000e+00	0.000000e+00
1.000000e+00	1.010000e+00	1.000000e+00	0.000000e+00	0.000000e+00
1.010000e+00	1.020000e+00	1.000000e+00	0.000000e+00	0.000000e+00
1.020000e+00	1.030000e+00	1.000000e+00	0.000000e+00	0.000000e+00
1.030000e+00	1.040000e+00	1.000000e+00	0.000000e+00	0.000000e+00
1.040000e+00	1.050000e+00	1.000000e+00	0.000000e+00	0.000000e+00
1.050000e+00	1.060000e+00	1.000000e+00	0.000000e+00	0.000000e+00
1.060000e+00	1.070000e+00	1.000000e+00	0.000000e+00	0.000000e+00
1.070000e+00	1.080000e+00	1.000000e+00	0.000000e+00	0.000000e+00
1.080000e+00	1.090000e+00	1.000000e+00	0.000000e+00	0.000000e+00
1.090000e+00	1.100000e+00	1.000000e+00	0.000000e+00	0.000000e+00
1.100000e+00	1.110000e+00	1.000000e+00	0.000000e+00	0.000000e+00
1.110000e+00	1.120000e+00	1.000000e+00	0.000000e+00	0.000000e+00
1.120000e+00	1.130000e+00	1.000000e+00	0.000000e+00	0.000000e+00
1.130000e+00	1.140000e+00	1.000000e+00	0.000000e+00	0.000000e+00
1.140000e+00	1.150000e+00	1.000000e+00	0.000000e+00	0.000000e+00
1.150000e+00	1.160000e+00	1.000000e+00	0.000000e+00	0.000000e+00
1.160000e+00	1.170000e+00	1.000000e+00	0.000000e+00	0.000000e+00
1.170000e+00	1.180000e+00	1.000000e+00	0.000000e+00	0.000000e+00
1.180000e+00	1.190000e+00	1.000000e+00	0.000000e+00	0.000000e+00
1.190000e+00	1.200000e+00	1.000000e+00	0.000000e+00	0.000000e+00
1.200000e+00	1.210000e+00	1.000000e+00	0.000000e+00	0.000000e+00
1.210000e+00	1.220000e+00	1.000000e+00	0.000000e+00	0.000000e+00
1.220000e+00	1.230000e+00	1.000000e+00	0.000000e+00	0.000000e+00
1.230000e+00	1.240000e+00	1.000000e+00	0.000000e+00	0.000000e+00
1.240000e+00	1.250000e+00	1.000000e+00	0.000000e+00	0.000000e+00
1.250000e+00	1.260000e+00	1.000000e+00	0.000000e+00	0.000000e+00
1.260000e+00	1.270000e+00	1.000000e+00	0.000000e+00	0.000000e+00
1.270000e+00	1.280000e+00	1.000000e+00	0.000000e+00	0.000000e+00
1.280000e+00	1.290000e+00	1.000000e+00	0.000000e+00	0.000000e+00
1.290000e+00	1.300000e+00	1.000000e+00	0.000000e+00	0.000000e+00
1.300000e+00	1.310000e+00	1.000000e+00	0.000000e+00	0.000000e+00
1.310000e+00	1.320000e+00	1.000000e+00	0.000000e+00	0.000000e+00
1.320000e+00	1.330000e+00	1.000000e+00	0.000000e+00	0.000000e+00
1.330000e+00	1.340000e+00	1.000000e+00	0.000000e+00	0.000000e+00
1.340000e+00	1.350000e+00	1.000000e+00	0.000000e+00	0.000000e+00
1.350000e+00	1.360000e+00	1.000000e+00	0.000000e+00	0.000000e+00
1.360000e+00	1.370000e+00	1.000000e+00	0.000000e+00	0.000000e+00
1.370000e+00	1.380000e+00	1.000000e+00	0.000000e+00	0.000000e+00
1.380000e+00	1.390000e+00	1.000000e+00	0.000000e+00	0.000000e+00
1.390000e+00	1.400000e+00	1.000000e+00	0.000000e+00	0.000000e+00
1.400000e+00	1.410000e+00	1.000000e+00	0.000000e+00	0.000000e+00
1.410000e+00	1.420000e+00	1.000000e+00	0.000000e+00	0.000000e+00
1.420000e+00	1.430000e+00	1.000000e+00	0.000000e+00	0.000000e+00
1.430000e+00	1.440000e+00	1.000000e+00	0.000000e+00	0.000000e+00
1.440000e+00	1.450000e+00	1.000000e+00	0.000000e+00	0.000000e+00
1.450000e+00	1.460000e+00	1.000000e+00	0.000000e+00	0.000000e+00
1.460000e+00	1.470000e+00	1.000000e+00	0.000000e+00	0.000000e+00
1.470000e+00	1.480000e+00	1.000000e+00	0.000000e+00	0.000000e+00
1.480000e+00	1.490000e+00	1.000000e+00	0.000000e+00	0.000000e+00
1.490000e+00	1.500000e+00	1.000000e+00	0.000000e+00	0.000000e+00
# END HISTO1D

