# BEGIN PLOT
XTwosidedTicks=1
DrawOnly=//nfs/farm/g/theory/qcdsim/shoeche/runs/lhjets/hj/mcnlo/css/run.yoda/LH2017_ZHSHAPES/psi_0.7_200 //nfs/farm/g/theory/qcdsim/shoeche/runs/lhjets/hj/mcnlo/css-1em/run.yoda/LH2017_ZHSHAPES/psi_0.7_200 //nfs/farm/g/theory/qcdsim/shoeche/runs/lhjets/hj/nlo/cs/run.yoda/LH2017_ZHSHAPES/psi_0.7_200
RatioPlotReference=//nfs/farm/g/theory/qcdsim/shoeche/runs/lhjets/hj/nlo/cs/run.yoda/LH2017_ZHSHAPES/psi_0.7_200
XTwosidedTicks=1
YTwosidedTicks=1
TopMargin=0.0
RatioPlot=1
BottomMargin=0.0
MainPlot=0
RatioPlotYSize=2.5
XMax=0.7
DrawSpecialInRatio=1
LegendXPos=0.35
LegendYPos=0.8
LogY=1
RatioPlotYLabel=
LegendOnly=//nfs/farm/g/theory/qcdsim/shoeche/runs/lhjets/hj/nlo/cs/run.yoda/LH2017_ZHSHAPES/psi_0.7_200
RatioPlotSameStyle=1
YTwosidedTicks=1
Legend=1
# END PLOT
# BEGIN SPECIAL text
\rput[br](0.95,0.2){$k_T>200GeV$}
# END SPECIAL

# BEGIN HISTO1D //nfs/farm/g/theory/qcdsim/shoeche/runs/lhjets/hj/mcnlo/css/run.yoda/LH2017_ZHSHAPES/psi_0.7_200
ErrorBars=1
LineColor=red
LineStyle=solid
Path=//nfs/farm/g/theory/qcdsim/shoeche/runs/lhjets/hj/mcnlo/css/run.yoda/LH2017_ZHSHAPES/psi_0.7_200
Title=MC@NLO
XLabel=
YLabel=
# xlow	 xhigh	 val	 errminus	 errplus
0.000000e+00	1.000000e-02	1.438216e-01	1.076650e-04	1.076650e-04
1.000000e-02	2.000000e-02	2.737553e-01	1.306784e-04	1.306784e-04
2.000000e-02	3.000000e-02	3.717314e-01	1.374855e-04	1.374855e-04
3.000000e-02	4.000000e-02	4.482017e-01	1.381564e-04	1.381564e-04
4.000000e-02	5.000000e-02	5.096048e-01	1.359739e-04	1.359739e-04
5.000000e-02	6.000000e-02	5.601478e-01	1.323542e-04	1.323542e-04
6.000000e-02	7.000000e-02	6.026015e-01	1.279876e-04	1.279876e-04
7.000000e-02	8.000000e-02	6.386299e-01	1.232716e-04	1.232716e-04
8.000000e-02	9.000000e-02	6.697481e-01	1.183907e-04	1.183907e-04
9.000000e-02	1.000000e-01	6.968837e-01	1.134802e-04	1.134802e-04
1.000000e-01	1.100000e-01	7.207498e-01	1.086181e-04	1.086181e-04
1.100000e-01	1.200000e-01	7.418939e-01	1.038584e-04	1.038584e-04
1.200000e-01	1.300000e-01	7.608259e-01	9.918734e-05	9.918734e-05
1.300000e-01	1.400000e-01	7.778522e-01	9.464656e-05	9.464656e-05
1.400000e-01	1.500000e-01	7.932302e-01	9.024751e-05	9.024751e-05
1.500000e-01	1.600000e-01	8.071980e-01	8.598514e-05	8.598514e-05
1.600000e-01	1.700000e-01	8.199317e-01	8.185207e-05	8.185207e-05
1.700000e-01	1.800000e-01	8.316048e-01	7.785630e-05	7.785630e-05
1.800000e-01	1.900000e-01	8.423287e-01	7.400091e-05	7.400091e-05
1.900000e-01	2.000000e-01	8.522283e-01	7.027046e-05	7.027046e-05
2.000000e-01	2.100000e-01	8.613472e-01	6.668368e-05	6.668368e-05
2.100000e-01	2.200000e-01	8.697939e-01	6.324552e-05	6.324552e-05
2.200000e-01	2.300000e-01	8.776618e-01	5.991536e-05	5.991536e-05
2.300000e-01	2.400000e-01	8.849897e-01	5.671631e-05	5.671631e-05
2.400000e-01	2.500000e-01	8.918314e-01	5.365650e-05	5.365650e-05
2.500000e-01	2.600000e-01	8.982101e-01	5.073690e-05	5.073690e-05
2.600000e-01	2.700000e-01	9.041779e-01	4.795244e-05	4.795244e-05
2.700000e-01	2.800000e-01	9.097848e-01	4.529093e-05	4.529093e-05
2.800000e-01	2.900000e-01	9.150478e-01	4.276824e-05	4.276824e-05
2.900000e-01	3.000000e-01	9.199913e-01	4.038759e-05	4.038759e-05
3.000000e-01	3.100000e-01	9.246498e-01	3.815570e-05	3.815570e-05
3.100000e-01	3.200000e-01	9.290626e-01	3.604307e-05	3.604307e-05
3.200000e-01	3.300000e-01	9.332331e-01	3.407982e-05	3.407982e-05
3.300000e-01	3.400000e-01	9.371830e-01	3.225272e-05	3.225272e-05
3.400000e-01	3.500000e-01	9.409111e-01	3.054786e-05	3.054786e-05
3.500000e-01	3.600000e-01	9.444782e-01	2.893661e-05	2.893661e-05
3.600000e-01	3.700000e-01	9.478487e-01	2.743983e-05	2.743983e-05
3.700000e-01	3.800000e-01	9.510593e-01	2.602198e-05	2.602198e-05
3.800000e-01	3.900000e-01	9.541184e-01	2.467504e-05	2.467504e-05
3.900000e-01	4.000000e-01	9.570346e-01	2.339209e-05	2.339209e-05
4.000000e-01	4.100000e-01	9.598118e-01	2.216830e-05	2.216830e-05
4.100000e-01	4.200000e-01	9.624605e-01	2.098999e-05	2.098999e-05
4.200000e-01	4.300000e-01	9.650009e-01	1.985596e-05	1.985596e-05
4.300000e-01	4.400000e-01	9.674159e-01	1.877579e-05	1.877579e-05
4.400000e-01	4.500000e-01	9.697288e-01	1.772552e-05	1.772552e-05
4.500000e-01	4.600000e-01	9.719359e-01	1.672070e-05	1.672070e-05
4.600000e-01	4.700000e-01	9.740383e-01	1.575155e-05	1.575155e-05
4.700000e-01	4.800000e-01	9.760456e-01	1.481109e-05	1.481109e-05
4.800000e-01	4.900000e-01	9.779582e-01	1.390484e-05	1.390484e-05
4.900000e-01	5.000000e-01	9.797950e-01	1.302433e-05	1.302433e-05
5.000000e-01	5.100000e-01	9.815541e-01	1.215645e-05	1.215645e-05
5.100000e-01	5.200000e-01	9.832337e-01	1.132254e-05	1.132254e-05
5.200000e-01	5.300000e-01	9.848356e-01	1.051271e-05	1.051271e-05
5.300000e-01	5.400000e-01	9.863629e-01	9.723732e-06	9.723732e-06
5.400000e-01	5.500000e-01	9.878207e-01	8.950959e-06	8.950959e-06
5.500000e-01	5.600000e-01	9.892071e-01	8.198585e-06	8.198585e-06
5.600000e-01	5.700000e-01	9.905190e-01	7.467620e-06	7.467620e-06
5.700000e-01	5.800000e-01	9.917594e-01	6.750199e-06	6.750199e-06
5.800000e-01	5.900000e-01	9.929340e-01	6.056552e-06	6.056552e-06
5.900000e-01	6.000000e-01	9.940391e-01	5.368836e-06	5.368836e-06
6.000000e-01	6.100000e-01	9.950665e-01	4.694012e-06	4.694012e-06
6.100000e-01	6.200000e-01	9.960125e-01	4.052792e-06	4.052792e-06
6.200000e-01	6.300000e-01	9.968814e-01	3.422758e-06	3.422758e-06
6.300000e-01	6.400000e-01	9.976608e-01	2.817976e-06	2.817976e-06
6.400000e-01	6.500000e-01	9.983436e-01	2.223351e-06	2.223351e-06
6.500000e-01	6.600000e-01	9.989200e-01	1.701919e-06	1.701919e-06
6.600000e-01	6.700000e-01	9.993798e-01	1.226018e-06	1.226018e-06
6.700000e-01	6.800000e-01	9.997043e-01	8.539497e-07	8.539497e-07
6.800000e-01	6.900000e-01	9.998778e-01	6.334619e-07	6.334619e-07
6.900000e-01	7.000000e-01	9.999186e-01	5.175630e-07	5.175630e-07
7.000000e-01	7.100000e-01	9.999323e-01	4.482701e-07	4.482701e-07
7.100000e-01	7.200000e-01	9.999436e-01	4.484373e-07	4.484373e-07
7.200000e-01	7.300000e-01	9.999536e-01	2.586798e-07	2.586798e-07
7.300000e-01	7.400000e-01	9.999618e-01	1.251093e-08	1.251093e-08
7.400000e-01	7.500000e-01	9.999680e-01	3.663083e-07	3.663083e-07
7.500000e-01	7.600000e-01	9.999737e-01	3.663564e-07	3.663564e-07
7.600000e-01	7.700000e-01	9.999787e-01	6.973305e-09	6.973305e-09
7.700000e-01	7.800000e-01	9.999825e-01	2.590610e-07	2.590610e-07
7.800000e-01	7.900000e-01	9.999862e-01	4.512138e-09	4.512138e-09
7.900000e-01	8.000000e-01	9.999887e-01	2.590984e-07	2.590984e-07
8.000000e-01	8.100000e-01	9.999912e-01	2.871359e-09	2.871359e-09
8.100000e-01	8.200000e-01	9.999931e-01	2.256069e-09	2.256069e-09
8.200000e-01	8.300000e-01	9.999944e-01	2.591181e-07	2.591181e-07
8.300000e-01	8.400000e-01	9.999962e-01	2.591276e-07	2.591276e-07
8.400000e-01	8.500000e-01	9.999969e-01	1.025485e-09	1.025485e-09
8.500000e-01	8.600000e-01	9.999975e-01	2.591234e-07	2.591234e-07
8.600000e-01	8.700000e-01	9.999981e-01	6.152895e-10	6.152895e-10
8.700000e-01	8.800000e-01	9.999987e-01	4.101813e-10	4.101813e-10
8.800000e-01	8.900000e-01	9.999994e-01	2.591247e-07	2.591247e-07
8.900000e-01	9.000000e-01	9.999994e-01	2.050907e-10	2.050907e-10
9.000000e-01	9.100000e-01	1.000000e+00	2.591247e-07	2.591247e-07
9.100000e-01	9.200000e-01	1.000000e+00	2.591247e-07	2.591247e-07
9.200000e-01	9.300000e-01	1.000000e+00	0.000000e+00	0.000000e+00
9.300000e-01	9.400000e-01	1.000000e+00	0.000000e+00	0.000000e+00
9.400000e-01	9.500000e-01	1.000000e+00	0.000000e+00	0.000000e+00
9.500000e-01	9.600000e-01	1.000000e+00	0.000000e+00	0.000000e+00
9.600000e-01	9.700000e-01	1.000000e+00	0.000000e+00	0.000000e+00
9.700000e-01	9.800000e-01	1.000000e+00	0.000000e+00	0.000000e+00
9.800000e-01	9.900000e-01	1.000000e+00	0.000000e+00	0.000000e+00
9.900000e-01	1.000000e+00	1.000000e+00	0.000000e+00	0.000000e+00
1.000000e+00	1.010000e+00	1.000000e+00	0.000000e+00	0.000000e+00
1.010000e+00	1.020000e+00	1.000000e+00	0.000000e+00	0.000000e+00
1.020000e+00	1.030000e+00	1.000000e+00	0.000000e+00	0.000000e+00
1.030000e+00	1.040000e+00	1.000000e+00	0.000000e+00	0.000000e+00
1.040000e+00	1.050000e+00	1.000000e+00	0.000000e+00	0.000000e+00
1.050000e+00	1.060000e+00	1.000000e+00	0.000000e+00	0.000000e+00
1.060000e+00	1.070000e+00	1.000000e+00	0.000000e+00	0.000000e+00
1.070000e+00	1.080000e+00	1.000000e+00	0.000000e+00	0.000000e+00
1.080000e+00	1.090000e+00	1.000000e+00	0.000000e+00	0.000000e+00
1.090000e+00	1.100000e+00	1.000000e+00	0.000000e+00	0.000000e+00
1.100000e+00	1.110000e+00	1.000000e+00	0.000000e+00	0.000000e+00
1.110000e+00	1.120000e+00	1.000000e+00	0.000000e+00	0.000000e+00
1.120000e+00	1.130000e+00	1.000000e+00	0.000000e+00	0.000000e+00
1.130000e+00	1.140000e+00	1.000000e+00	0.000000e+00	0.000000e+00
1.140000e+00	1.150000e+00	1.000000e+00	0.000000e+00	0.000000e+00
1.150000e+00	1.160000e+00	1.000000e+00	0.000000e+00	0.000000e+00
1.160000e+00	1.170000e+00	1.000000e+00	0.000000e+00	0.000000e+00
1.170000e+00	1.180000e+00	1.000000e+00	0.000000e+00	0.000000e+00
1.180000e+00	1.190000e+00	1.000000e+00	0.000000e+00	0.000000e+00
1.190000e+00	1.200000e+00	1.000000e+00	0.000000e+00	0.000000e+00
1.200000e+00	1.210000e+00	1.000000e+00	0.000000e+00	0.000000e+00
1.210000e+00	1.220000e+00	1.000000e+00	0.000000e+00	0.000000e+00
1.220000e+00	1.230000e+00	1.000000e+00	0.000000e+00	0.000000e+00
1.230000e+00	1.240000e+00	1.000000e+00	0.000000e+00	0.000000e+00
1.240000e+00	1.250000e+00	1.000000e+00	0.000000e+00	0.000000e+00
1.250000e+00	1.260000e+00	1.000000e+00	0.000000e+00	0.000000e+00
1.260000e+00	1.270000e+00	1.000000e+00	0.000000e+00	0.000000e+00
1.270000e+00	1.280000e+00	1.000000e+00	0.000000e+00	0.000000e+00
1.280000e+00	1.290000e+00	1.000000e+00	0.000000e+00	0.000000e+00
1.290000e+00	1.300000e+00	1.000000e+00	0.000000e+00	0.000000e+00
1.300000e+00	1.310000e+00	1.000000e+00	0.000000e+00	0.000000e+00
1.310000e+00	1.320000e+00	1.000000e+00	0.000000e+00	0.000000e+00
1.320000e+00	1.330000e+00	1.000000e+00	0.000000e+00	0.000000e+00
1.330000e+00	1.340000e+00	1.000000e+00	0.000000e+00	0.000000e+00
1.340000e+00	1.350000e+00	1.000000e+00	0.000000e+00	0.000000e+00
1.350000e+00	1.360000e+00	1.000000e+00	0.000000e+00	0.000000e+00
1.360000e+00	1.370000e+00	1.000000e+00	0.000000e+00	0.000000e+00
1.370000e+00	1.380000e+00	1.000000e+00	0.000000e+00	0.000000e+00
1.380000e+00	1.390000e+00	1.000000e+00	0.000000e+00	0.000000e+00
1.390000e+00	1.400000e+00	1.000000e+00	0.000000e+00	0.000000e+00
1.400000e+00	1.410000e+00	1.000000e+00	0.000000e+00	0.000000e+00
1.410000e+00	1.420000e+00	1.000000e+00	0.000000e+00	0.000000e+00
1.420000e+00	1.430000e+00	1.000000e+00	0.000000e+00	0.000000e+00
1.430000e+00	1.440000e+00	1.000000e+00	0.000000e+00	0.000000e+00
1.440000e+00	1.450000e+00	1.000000e+00	0.000000e+00	0.000000e+00
1.450000e+00	1.460000e+00	1.000000e+00	0.000000e+00	0.000000e+00
1.460000e+00	1.470000e+00	1.000000e+00	0.000000e+00	0.000000e+00
1.470000e+00	1.480000e+00	1.000000e+00	0.000000e+00	0.000000e+00
1.480000e+00	1.490000e+00	1.000000e+00	0.000000e+00	0.000000e+00
1.490000e+00	1.500000e+00	1.000000e+00	0.000000e+00	0.000000e+00
# END HISTO1D

# BEGIN HISTO1D //nfs/farm/g/theory/qcdsim/shoeche/runs/lhjets/hj/mcnlo/css-1em/run.yoda/LH2017_ZHSHAPES/psi_0.7_200
ErrorBars=1
LineColor=blue
LineStyle=solid
Path=//nfs/farm/g/theory/qcdsim/shoeche/runs/lhjets/hj/mcnlo/css-1em/run.yoda/LH2017_ZHSHAPES/psi_0.7_200
Title=MC@NLO~1em
XLabel=
YLabel=
# xlow	 xhigh	 val	 errminus	 errplus
0.000000e+00	1.000000e-02	9.083796e-01	2.001484e-04	2.001484e-04
1.000000e-02	2.000000e-02	9.106265e-01	1.977143e-04	1.977143e-04
2.000000e-02	3.000000e-02	9.138978e-01	1.939956e-04	1.939956e-04
3.000000e-02	4.000000e-02	9.176503e-01	1.895162e-04	1.895162e-04
4.000000e-02	5.000000e-02	9.217232e-01	1.844147e-04	1.844147e-04
5.000000e-02	6.000000e-02	9.259309e-01	1.788579e-04	1.788579e-04
6.000000e-02	7.000000e-02	9.301802e-01	1.729612e-04	1.729612e-04
7.000000e-02	8.000000e-02	9.343083e-01	1.669259e-04	1.669259e-04
8.000000e-02	9.000000e-02	9.383470e-01	1.607273e-04	1.607273e-04
9.000000e-02	1.000000e-01	9.421822e-01	1.545358e-04	1.545358e-04
1.000000e-01	1.100000e-01	9.458093e-01	1.483926e-04	1.483926e-04
1.100000e-01	1.200000e-01	9.492370e-01	1.423263e-04	1.423263e-04
1.200000e-01	1.300000e-01	9.525180e-01	1.362253e-04	1.362253e-04
1.300000e-01	1.400000e-01	9.555920e-01	1.302777e-04	1.302777e-04
1.400000e-01	1.500000e-01	9.585154e-01	1.243191e-04	1.243191e-04
1.500000e-01	1.600000e-01	9.613350e-01	1.183208e-04	1.183208e-04
1.600000e-01	1.700000e-01	9.639530e-01	1.124780e-04	1.124780e-04
1.700000e-01	1.800000e-01	9.663851e-01	1.068239e-04	1.068239e-04
1.800000e-01	1.900000e-01	9.686898e-01	1.012318e-04	1.012318e-04
1.900000e-01	2.000000e-01	9.708279e-01	9.583400e-05	9.583400e-05
2.000000e-01	2.100000e-01	9.728308e-01	9.053879e-05	9.053879e-05
2.100000e-01	2.200000e-01	9.747677e-01	8.525896e-05	8.525896e-05
2.200000e-01	2.300000e-01	9.765486e-01	8.013146e-05	8.013146e-05
2.300000e-01	2.400000e-01	9.782238e-01	7.524759e-05	7.524759e-05
2.400000e-01	2.500000e-01	9.797980e-01	7.048776e-05	7.048776e-05
2.500000e-01	2.600000e-01	9.812857e-01	6.573725e-05	6.573725e-05
2.600000e-01	2.700000e-01	9.826913e-01	6.113999e-05	6.113999e-05
2.700000e-01	2.800000e-01	9.839807e-01	5.685333e-05	5.685333e-05
2.800000e-01	2.900000e-01	9.852117e-01	5.274616e-05	5.274616e-05
2.900000e-01	3.000000e-01	9.863675e-01	4.879706e-05	4.879706e-05
3.000000e-01	3.100000e-01	9.874420e-01	4.515233e-05	4.515233e-05
3.100000e-01	3.200000e-01	9.884717e-01	4.166930e-05	4.166930e-05
3.200000e-01	3.300000e-01	9.894253e-01	3.860874e-05	3.860874e-05
3.300000e-01	3.400000e-01	9.903224e-01	3.585883e-05	3.585883e-05
3.400000e-01	3.500000e-01	9.911727e-01	3.353879e-05	3.353879e-05
3.500000e-01	3.600000e-01	9.919735e-01	3.153032e-05	3.153032e-05
3.600000e-01	3.700000e-01	9.927187e-01	2.959293e-05	2.959293e-05
3.700000e-01	3.800000e-01	9.933932e-01	2.778679e-05	2.778679e-05
3.800000e-01	3.900000e-01	9.940192e-01	2.605146e-05	2.605146e-05
3.900000e-01	4.000000e-01	9.946070e-01	2.436241e-05	2.436241e-05
4.000000e-01	4.100000e-01	9.951471e-01	2.275475e-05	2.275475e-05
4.100000e-01	4.200000e-01	9.956545e-01	2.118826e-05	2.118826e-05
4.200000e-01	4.300000e-01	9.961369e-01	1.964307e-05	1.964307e-05
4.300000e-01	4.400000e-01	9.965766e-01	1.817352e-05	1.817352e-05
4.400000e-01	4.500000e-01	9.969714e-01	1.678443e-05	1.678443e-05
4.500000e-01	4.600000e-01	9.973479e-01	1.541182e-05	1.541182e-05
4.600000e-01	4.700000e-01	9.976936e-01	1.408973e-05	1.408973e-05
4.700000e-01	4.800000e-01	9.980011e-01	1.284520e-05	1.284520e-05
4.800000e-01	4.900000e-01	9.982757e-01	1.168115e-05	1.168115e-05
4.900000e-01	5.000000e-01	9.985312e-01	1.054786e-05	1.054786e-05
5.000000e-01	5.100000e-01	9.987638e-01	9.449590e-06	9.449590e-06
5.100000e-01	5.200000e-01	9.989711e-01	8.409081e-06	8.409081e-06
5.200000e-01	5.300000e-01	9.991532e-01	7.423702e-06	7.423702e-06
5.300000e-01	5.400000e-01	9.993071e-01	6.508760e-06	6.508760e-06
5.400000e-01	5.500000e-01	9.994409e-01	5.675450e-06	5.675450e-06
5.500000e-01	5.600000e-01	9.995592e-01	4.895911e-06	4.895911e-06
5.600000e-01	5.700000e-01	9.996577e-01	4.184157e-06	4.184157e-06
5.700000e-01	5.800000e-01	9.997407e-01	3.503708e-06	3.503708e-06
5.800000e-01	5.900000e-01	9.998099e-01	2.877561e-06	2.877561e-06
5.900000e-01	6.000000e-01	9.998642e-01	2.350097e-06	2.350097e-06
6.000000e-01	6.100000e-01	9.999095e-01	1.782377e-06	1.782377e-06
6.100000e-01	6.200000e-01	9.999411e-01	1.340216e-06	1.340216e-06
6.200000e-01	6.300000e-01	9.999647e-01	1.051555e-06	1.051555e-06
6.300000e-01	6.400000e-01	9.999813e-01	5.257607e-07	5.257607e-07
6.400000e-01	6.500000e-01	9.999911e-01	3.718305e-07	3.718305e-07
6.500000e-01	6.600000e-01	9.999963e-01	2.590622e-09	2.590622e-09
6.600000e-01	6.700000e-01	9.999989e-01	7.971146e-10	7.971146e-10
6.700000e-01	6.800000e-01	1.000000e+00	3.718818e-07	3.718818e-07
6.800000e-01	6.900000e-01	1.000000e+00	0.000000e+00	0.000000e+00
6.900000e-01	7.000000e-01	1.000000e+00	0.000000e+00	0.000000e+00
7.000000e-01	7.100000e-01	1.000000e+00	0.000000e+00	0.000000e+00
7.100000e-01	7.200000e-01	1.000000e+00	0.000000e+00	0.000000e+00
7.200000e-01	7.300000e-01	1.000000e+00	0.000000e+00	0.000000e+00
7.300000e-01	7.400000e-01	1.000000e+00	0.000000e+00	0.000000e+00
7.400000e-01	7.500000e-01	1.000000e+00	0.000000e+00	0.000000e+00
7.500000e-01	7.600000e-01	1.000000e+00	0.000000e+00	0.000000e+00
7.600000e-01	7.700000e-01	1.000000e+00	0.000000e+00	0.000000e+00
7.700000e-01	7.800000e-01	1.000000e+00	0.000000e+00	0.000000e+00
7.800000e-01	7.900000e-01	1.000000e+00	0.000000e+00	0.000000e+00
7.900000e-01	8.000000e-01	1.000000e+00	0.000000e+00	0.000000e+00
8.000000e-01	8.100000e-01	1.000000e+00	0.000000e+00	0.000000e+00
8.100000e-01	8.200000e-01	1.000000e+00	0.000000e+00	0.000000e+00
8.200000e-01	8.300000e-01	1.000000e+00	0.000000e+00	0.000000e+00
8.300000e-01	8.400000e-01	1.000000e+00	0.000000e+00	0.000000e+00
8.400000e-01	8.500000e-01	1.000000e+00	0.000000e+00	0.000000e+00
8.500000e-01	8.600000e-01	1.000000e+00	0.000000e+00	0.000000e+00
8.600000e-01	8.700000e-01	1.000000e+00	0.000000e+00	0.000000e+00
8.700000e-01	8.800000e-01	1.000000e+00	0.000000e+00	0.000000e+00
8.800000e-01	8.900000e-01	1.000000e+00	0.000000e+00	0.000000e+00
8.900000e-01	9.000000e-01	1.000000e+00	0.000000e+00	0.000000e+00
9.000000e-01	9.100000e-01	1.000000e+00	0.000000e+00	0.000000e+00
9.100000e-01	9.200000e-01	1.000000e+00	0.000000e+00	0.000000e+00
9.200000e-01	9.300000e-01	1.000000e+00	0.000000e+00	0.000000e+00
9.300000e-01	9.400000e-01	1.000000e+00	0.000000e+00	0.000000e+00
9.400000e-01	9.500000e-01	1.000000e+00	0.000000e+00	0.000000e+00
9.500000e-01	9.600000e-01	1.000000e+00	0.000000e+00	0.000000e+00
9.600000e-01	9.700000e-01	1.000000e+00	0.000000e+00	0.000000e+00
9.700000e-01	9.800000e-01	1.000000e+00	0.000000e+00	0.000000e+00
9.800000e-01	9.900000e-01	1.000000e+00	0.000000e+00	0.000000e+00
9.900000e-01	1.000000e+00	1.000000e+00	0.000000e+00	0.000000e+00
1.000000e+00	1.010000e+00	1.000000e+00	0.000000e+00	0.000000e+00
1.010000e+00	1.020000e+00	1.000000e+00	0.000000e+00	0.000000e+00
1.020000e+00	1.030000e+00	1.000000e+00	0.000000e+00	0.000000e+00
1.030000e+00	1.040000e+00	1.000000e+00	0.000000e+00	0.000000e+00
1.040000e+00	1.050000e+00	1.000000e+00	0.000000e+00	0.000000e+00
1.050000e+00	1.060000e+00	1.000000e+00	0.000000e+00	0.000000e+00
1.060000e+00	1.070000e+00	1.000000e+00	0.000000e+00	0.000000e+00
1.070000e+00	1.080000e+00	1.000000e+00	0.000000e+00	0.000000e+00
1.080000e+00	1.090000e+00	1.000000e+00	0.000000e+00	0.000000e+00
1.090000e+00	1.100000e+00	1.000000e+00	0.000000e+00	0.000000e+00
1.100000e+00	1.110000e+00	1.000000e+00	0.000000e+00	0.000000e+00
1.110000e+00	1.120000e+00	1.000000e+00	0.000000e+00	0.000000e+00
1.120000e+00	1.130000e+00	1.000000e+00	0.000000e+00	0.000000e+00
1.130000e+00	1.140000e+00	1.000000e+00	0.000000e+00	0.000000e+00
1.140000e+00	1.150000e+00	1.000000e+00	0.000000e+00	0.000000e+00
1.150000e+00	1.160000e+00	1.000000e+00	0.000000e+00	0.000000e+00
1.160000e+00	1.170000e+00	1.000000e+00	0.000000e+00	0.000000e+00
1.170000e+00	1.180000e+00	1.000000e+00	0.000000e+00	0.000000e+00
1.180000e+00	1.190000e+00	1.000000e+00	0.000000e+00	0.000000e+00
1.190000e+00	1.200000e+00	1.000000e+00	0.000000e+00	0.000000e+00
1.200000e+00	1.210000e+00	1.000000e+00	0.000000e+00	0.000000e+00
1.210000e+00	1.220000e+00	1.000000e+00	0.000000e+00	0.000000e+00
1.220000e+00	1.230000e+00	1.000000e+00	0.000000e+00	0.000000e+00
1.230000e+00	1.240000e+00	1.000000e+00	0.000000e+00	0.000000e+00
1.240000e+00	1.250000e+00	1.000000e+00	0.000000e+00	0.000000e+00
1.250000e+00	1.260000e+00	1.000000e+00	0.000000e+00	0.000000e+00
1.260000e+00	1.270000e+00	1.000000e+00	0.000000e+00	0.000000e+00
1.270000e+00	1.280000e+00	1.000000e+00	0.000000e+00	0.000000e+00
1.280000e+00	1.290000e+00	1.000000e+00	0.000000e+00	0.000000e+00
1.290000e+00	1.300000e+00	1.000000e+00	0.000000e+00	0.000000e+00
1.300000e+00	1.310000e+00	1.000000e+00	0.000000e+00	0.000000e+00
1.310000e+00	1.320000e+00	1.000000e+00	0.000000e+00	0.000000e+00
1.320000e+00	1.330000e+00	1.000000e+00	0.000000e+00	0.000000e+00
1.330000e+00	1.340000e+00	1.000000e+00	0.000000e+00	0.000000e+00
1.340000e+00	1.350000e+00	1.000000e+00	0.000000e+00	0.000000e+00
1.350000e+00	1.360000e+00	1.000000e+00	0.000000e+00	0.000000e+00
1.360000e+00	1.370000e+00	1.000000e+00	0.000000e+00	0.000000e+00
1.370000e+00	1.380000e+00	1.000000e+00	0.000000e+00	0.000000e+00
1.380000e+00	1.390000e+00	1.000000e+00	0.000000e+00	0.000000e+00
1.390000e+00	1.400000e+00	1.000000e+00	0.000000e+00	0.000000e+00
1.400000e+00	1.410000e+00	1.000000e+00	0.000000e+00	0.000000e+00
1.410000e+00	1.420000e+00	1.000000e+00	0.000000e+00	0.000000e+00
1.420000e+00	1.430000e+00	1.000000e+00	0.000000e+00	0.000000e+00
1.430000e+00	1.440000e+00	1.000000e+00	0.000000e+00	0.000000e+00
1.440000e+00	1.450000e+00	1.000000e+00	0.000000e+00	0.000000e+00
1.450000e+00	1.460000e+00	1.000000e+00	0.000000e+00	0.000000e+00
1.460000e+00	1.470000e+00	1.000000e+00	0.000000e+00	0.000000e+00
1.470000e+00	1.480000e+00	1.000000e+00	0.000000e+00	0.000000e+00
1.480000e+00	1.490000e+00	1.000000e+00	0.000000e+00	0.000000e+00
1.490000e+00	1.500000e+00	1.000000e+00	0.000000e+00	0.000000e+00
# END HISTO1D

# BEGIN HISTO1D //nfs/farm/g/theory/qcdsim/shoeche/runs/lhjets/hj/nlo/cs/run.yoda/LH2017_ZHSHAPES/psi_0.7_200
ErrorBars=0
LineColor={[HTML]{2da334}}
LineStyle=solid
Path=//nfs/farm/g/theory/qcdsim/shoeche/runs/lhjets/hj/nlo/cs/run.yoda/LH2017_ZHSHAPES/psi_0.7_200
Title=NLO
XLabel=
YLabel=
# xlow	 xhigh	 val	 errminus	 errplus
0.000000e+00	1.000000e-02	3.647312e-01	1.081844e-01	1.081844e-01
1.000000e-02	2.000000e-02	5.598721e-01	1.124816e-01	1.124816e-01
2.000000e-02	3.000000e-02	6.576494e-01	1.064723e-01	1.064723e-01
3.000000e-02	4.000000e-02	7.184514e-01	9.970489e-02	9.970489e-02
4.000000e-02	5.000000e-02	7.612155e-01	9.321432e-02	9.321432e-02
5.000000e-02	6.000000e-02	7.929963e-01	8.729706e-02	8.729706e-02
6.000000e-02	7.000000e-02	8.179776e-01	8.187374e-02	8.187374e-02
7.000000e-02	8.000000e-02	8.381061e-01	7.695421e-02	7.695421e-02
8.000000e-02	9.000000e-02	8.549603e-01	7.239172e-02	7.239172e-02
9.000000e-02	1.000000e-01	8.691194e-01	6.815871e-02	6.815871e-02
1.000000e-01	1.100000e-01	8.812183e-01	6.424493e-02	6.424493e-02
1.100000e-01	1.200000e-01	8.916124e-01	6.059084e-02	6.059084e-02
1.200000e-01	1.300000e-01	9.006918e-01	5.718455e-02	5.718455e-02
1.300000e-01	1.400000e-01	9.088514e-01	5.394345e-02	5.394345e-02
1.400000e-01	1.500000e-01	9.162058e-01	5.090393e-02	5.090393e-02
1.500000e-01	1.600000e-01	9.226335e-01	4.803290e-02	4.803290e-02
1.600000e-01	1.700000e-01	9.284456e-01	4.527436e-02	4.527436e-02
1.700000e-01	1.800000e-01	9.337119e-01	4.267300e-02	4.267300e-02
1.800000e-01	1.900000e-01	9.384913e-01	4.019855e-02	4.019855e-02
1.900000e-01	2.000000e-01	9.428494e-01	3.786146e-02	3.786146e-02
2.000000e-01	2.100000e-01	9.468282e-01	3.564249e-02	3.564249e-02
2.100000e-01	2.200000e-01	9.505027e-01	3.351546e-02	3.351546e-02
2.200000e-01	2.300000e-01	9.539054e-01	3.147987e-02	3.147987e-02
2.300000e-01	2.400000e-01	9.570565e-01	2.952166e-02	2.952166e-02
2.400000e-01	2.500000e-01	9.599754e-01	2.765208e-02	2.765208e-02
2.500000e-01	2.600000e-01	9.626612e-01	2.585912e-02	2.585912e-02
2.600000e-01	2.700000e-01	9.651968e-01	2.416018e-02	2.416018e-02
2.700000e-01	2.800000e-01	9.675210e-01	2.257519e-02	2.257519e-02
2.800000e-01	2.900000e-01	9.697137e-01	2.107045e-02	2.107045e-02
2.900000e-01	3.000000e-01	9.717630e-01	1.965862e-02	1.965862e-02
3.000000e-01	3.100000e-01	9.736769e-01	1.835552e-02	1.835552e-02
3.100000e-01	3.200000e-01	9.754786e-01	1.714360e-02	1.714360e-02
3.200000e-01	3.300000e-01	9.771811e-01	1.604713e-02	1.604713e-02
3.300000e-01	3.400000e-01	9.787636e-01	1.509320e-02	1.509320e-02
3.400000e-01	3.500000e-01	9.802556e-01	1.428620e-02	1.428620e-02
3.500000e-01	3.600000e-01	9.816639e-01	1.356254e-02	1.356254e-02
3.600000e-01	3.700000e-01	9.829878e-01	1.285589e-02	1.285589e-02
3.700000e-01	3.800000e-01	9.842398e-01	1.217601e-02	1.217601e-02
3.800000e-01	3.900000e-01	9.854135e-01	1.152650e-02	1.152650e-02
3.900000e-01	4.000000e-01	9.865307e-01	1.088452e-02	1.088452e-02
4.000000e-01	4.100000e-01	9.875728e-01	1.027995e-02	1.027995e-02
4.100000e-01	4.200000e-01	9.885631e-01	9.687580e-03	9.687580e-03
4.200000e-01	4.300000e-01	9.895061e-01	9.113909e-03	9.113909e-03
4.300000e-01	4.400000e-01	9.903802e-01	8.556391e-03	8.556391e-03
4.400000e-01	4.500000e-01	9.912024e-01	8.024082e-03	8.024082e-03
4.500000e-01	4.600000e-01	9.919743e-01	7.510433e-03	7.510433e-03
4.600000e-01	4.700000e-01	9.927052e-01	7.003676e-03	7.003676e-03
4.700000e-01	4.800000e-01	9.933827e-01	6.528143e-03	6.528143e-03
4.800000e-01	4.900000e-01	9.940106e-01	6.072309e-03	6.072309e-03
4.900000e-01	5.000000e-01	9.946160e-01	5.613062e-03	5.613062e-03
5.000000e-01	5.100000e-01	9.951835e-01	5.177652e-03	5.177652e-03
5.100000e-01	5.200000e-01	9.957115e-01	4.757898e-03	4.757898e-03
5.200000e-01	5.300000e-01	9.962063e-01	4.348283e-03	4.348283e-03
5.300000e-01	5.400000e-01	9.966584e-01	3.958474e-03	3.958474e-03
5.400000e-01	5.500000e-01	9.970866e-01	3.583198e-03	3.583198e-03
5.500000e-01	5.600000e-01	9.974776e-01	3.212211e-03	3.212211e-03
5.600000e-01	5.700000e-01	9.978422e-01	2.865896e-03	2.865896e-03
5.700000e-01	5.800000e-01	9.981643e-01	2.534957e-03	2.534957e-03
5.800000e-01	5.900000e-01	9.984701e-01	2.228595e-03	2.228595e-03
5.900000e-01	6.000000e-01	9.987396e-01	1.932761e-03	1.932761e-03
6.000000e-01	6.100000e-01	9.989950e-01	1.640197e-03	1.640197e-03
6.100000e-01	6.200000e-01	9.992111e-01	1.352597e-03	1.352597e-03
6.200000e-01	6.300000e-01	9.994031e-01	1.120801e-03	1.120801e-03
6.300000e-01	6.400000e-01	9.995626e-01	8.802368e-04	8.802368e-04
6.400000e-01	6.500000e-01	9.996965e-01	6.226034e-04	6.226034e-04
6.500000e-01	6.600000e-01	9.998049e-01	4.408231e-04	4.408231e-04
6.600000e-01	6.700000e-01	9.998877e-01	3.123636e-04	3.123636e-04
6.700000e-01	6.800000e-01	9.999489e-01	1.287950e-05	1.287950e-05
6.800000e-01	6.900000e-01	9.999876e-01	3.122304e-06	3.122304e-06
6.900000e-01	7.000000e-01	1.000000e+00	0.000000e+00	0.000000e+00
7.000000e-01	7.100000e-01	1.000000e+00	0.000000e+00	0.000000e+00
7.100000e-01	7.200000e-01	1.000000e+00	0.000000e+00	0.000000e+00
7.200000e-01	7.300000e-01	1.000000e+00	0.000000e+00	0.000000e+00
7.300000e-01	7.400000e-01	1.000000e+00	0.000000e+00	0.000000e+00
7.400000e-01	7.500000e-01	1.000000e+00	0.000000e+00	0.000000e+00
7.500000e-01	7.600000e-01	1.000000e+00	0.000000e+00	0.000000e+00
7.600000e-01	7.700000e-01	1.000000e+00	0.000000e+00	0.000000e+00
7.700000e-01	7.800000e-01	1.000000e+00	0.000000e+00	0.000000e+00
7.800000e-01	7.900000e-01	1.000000e+00	0.000000e+00	0.000000e+00
7.900000e-01	8.000000e-01	1.000000e+00	0.000000e+00	0.000000e+00
8.000000e-01	8.100000e-01	1.000000e+00	0.000000e+00	0.000000e+00
8.100000e-01	8.200000e-01	1.000000e+00	0.000000e+00	0.000000e+00
8.200000e-01	8.300000e-01	1.000000e+00	0.000000e+00	0.000000e+00
8.300000e-01	8.400000e-01	1.000000e+00	0.000000e+00	0.000000e+00
8.400000e-01	8.500000e-01	1.000000e+00	0.000000e+00	0.000000e+00
8.500000e-01	8.600000e-01	1.000000e+00	0.000000e+00	0.000000e+00
8.600000e-01	8.700000e-01	1.000000e+00	0.000000e+00	0.000000e+00
8.700000e-01	8.800000e-01	1.000000e+00	0.000000e+00	0.000000e+00
8.800000e-01	8.900000e-01	1.000000e+00	0.000000e+00	0.000000e+00
8.900000e-01	9.000000e-01	1.000000e+00	0.000000e+00	0.000000e+00
9.000000e-01	9.100000e-01	1.000000e+00	0.000000e+00	0.000000e+00
9.100000e-01	9.200000e-01	1.000000e+00	0.000000e+00	0.000000e+00
9.200000e-01	9.300000e-01	1.000000e+00	0.000000e+00	0.000000e+00
9.300000e-01	9.400000e-01	1.000000e+00	0.000000e+00	0.000000e+00
9.400000e-01	9.500000e-01	1.000000e+00	0.000000e+00	0.000000e+00
9.500000e-01	9.600000e-01	1.000000e+00	0.000000e+00	0.000000e+00
9.600000e-01	9.700000e-01	1.000000e+00	0.000000e+00	0.000000e+00
9.700000e-01	9.800000e-01	1.000000e+00	0.000000e+00	0.000000e+00
9.800000e-01	9.900000e-01	1.000000e+00	0.000000e+00	0.000000e+00
9.900000e-01	1.000000e+00	1.000000e+00	0.000000e+00	0.000000e+00
1.000000e+00	1.010000e+00	1.000000e+00	0.000000e+00	0.000000e+00
1.010000e+00	1.020000e+00	1.000000e+00	0.000000e+00	0.000000e+00
1.020000e+00	1.030000e+00	1.000000e+00	0.000000e+00	0.000000e+00
1.030000e+00	1.040000e+00	1.000000e+00	0.000000e+00	0.000000e+00
1.040000e+00	1.050000e+00	1.000000e+00	0.000000e+00	0.000000e+00
1.050000e+00	1.060000e+00	1.000000e+00	0.000000e+00	0.000000e+00
1.060000e+00	1.070000e+00	1.000000e+00	0.000000e+00	0.000000e+00
1.070000e+00	1.080000e+00	1.000000e+00	0.000000e+00	0.000000e+00
1.080000e+00	1.090000e+00	1.000000e+00	0.000000e+00	0.000000e+00
1.090000e+00	1.100000e+00	1.000000e+00	0.000000e+00	0.000000e+00
1.100000e+00	1.110000e+00	1.000000e+00	0.000000e+00	0.000000e+00
1.110000e+00	1.120000e+00	1.000000e+00	0.000000e+00	0.000000e+00
1.120000e+00	1.130000e+00	1.000000e+00	0.000000e+00	0.000000e+00
1.130000e+00	1.140000e+00	1.000000e+00	0.000000e+00	0.000000e+00
1.140000e+00	1.150000e+00	1.000000e+00	0.000000e+00	0.000000e+00
1.150000e+00	1.160000e+00	1.000000e+00	0.000000e+00	0.000000e+00
1.160000e+00	1.170000e+00	1.000000e+00	0.000000e+00	0.000000e+00
1.170000e+00	1.180000e+00	1.000000e+00	0.000000e+00	0.000000e+00
1.180000e+00	1.190000e+00	1.000000e+00	0.000000e+00	0.000000e+00
1.190000e+00	1.200000e+00	1.000000e+00	0.000000e+00	0.000000e+00
1.200000e+00	1.210000e+00	1.000000e+00	0.000000e+00	0.000000e+00
1.210000e+00	1.220000e+00	1.000000e+00	0.000000e+00	0.000000e+00
1.220000e+00	1.230000e+00	1.000000e+00	0.000000e+00	0.000000e+00
1.230000e+00	1.240000e+00	1.000000e+00	0.000000e+00	0.000000e+00
1.240000e+00	1.250000e+00	1.000000e+00	0.000000e+00	0.000000e+00
1.250000e+00	1.260000e+00	1.000000e+00	0.000000e+00	0.000000e+00
1.260000e+00	1.270000e+00	1.000000e+00	0.000000e+00	0.000000e+00
1.270000e+00	1.280000e+00	1.000000e+00	0.000000e+00	0.000000e+00
1.280000e+00	1.290000e+00	1.000000e+00	0.000000e+00	0.000000e+00
1.290000e+00	1.300000e+00	1.000000e+00	0.000000e+00	0.000000e+00
1.300000e+00	1.310000e+00	1.000000e+00	0.000000e+00	0.000000e+00
1.310000e+00	1.320000e+00	1.000000e+00	0.000000e+00	0.000000e+00
1.320000e+00	1.330000e+00	1.000000e+00	0.000000e+00	0.000000e+00
1.330000e+00	1.340000e+00	1.000000e+00	0.000000e+00	0.000000e+00
1.340000e+00	1.350000e+00	1.000000e+00	0.000000e+00	0.000000e+00
1.350000e+00	1.360000e+00	1.000000e+00	0.000000e+00	0.000000e+00
1.360000e+00	1.370000e+00	1.000000e+00	0.000000e+00	0.000000e+00
1.370000e+00	1.380000e+00	1.000000e+00	0.000000e+00	0.000000e+00
1.380000e+00	1.390000e+00	1.000000e+00	0.000000e+00	0.000000e+00
1.390000e+00	1.400000e+00	1.000000e+00	0.000000e+00	0.000000e+00
1.400000e+00	1.410000e+00	1.000000e+00	0.000000e+00	0.000000e+00
1.410000e+00	1.420000e+00	1.000000e+00	0.000000e+00	0.000000e+00
1.420000e+00	1.430000e+00	1.000000e+00	0.000000e+00	0.000000e+00
1.430000e+00	1.440000e+00	1.000000e+00	0.000000e+00	0.000000e+00
1.440000e+00	1.450000e+00	1.000000e+00	0.000000e+00	0.000000e+00
1.450000e+00	1.460000e+00	1.000000e+00	0.000000e+00	0.000000e+00
1.460000e+00	1.470000e+00	1.000000e+00	0.000000e+00	0.000000e+00
1.470000e+00	1.480000e+00	1.000000e+00	0.000000e+00	0.000000e+00
1.480000e+00	1.490000e+00	1.000000e+00	0.000000e+00	0.000000e+00
1.490000e+00	1.500000e+00	1.000000e+00	0.000000e+00	0.000000e+00
# END HISTO1D

