# BEGIN PLOT
XTwosidedTicks=1
DrawOnly=//nfs/farm/g/theory/qcdsim/shoeche/runs/lhjets/hj/mcnlo/css/run.yoda/LH2017_ZHSHAPES/psi_0.5_200 //nfs/farm/g/theory/qcdsim/shoeche/runs/lhjets/hj/mcnlo/css-1em/run.yoda/LH2017_ZHSHAPES/psi_0.5_200 //nfs/farm/g/theory/qcdsim/shoeche/runs/lhjets/hj/nlo/cs/run.yoda/LH2017_ZHSHAPES/psi_0.5_200
RatioPlotReference=//nfs/farm/g/theory/qcdsim/shoeche/runs/lhjets/hj/nlo/cs/run.yoda/LH2017_ZHSHAPES/psi_0.5_200
XTwosidedTicks=1
YTwosidedTicks=1
TopMargin=0.0
RatioPlot=1
BottomMargin=0.0
MainPlot=0
RatioPlotYSize=2.5
XMax=0.5
DrawSpecialInRatio=1
LegendXPos=0.35
LegendYPos=0.8
LogY=1
RatioPlotYLabel=
LegendOnly=//nfs/farm/g/theory/qcdsim/shoeche/runs/lhjets/hj/nlo/cs/run.yoda/LH2017_ZHSHAPES/psi_0.5_200
RatioPlotSameStyle=1
YTwosidedTicks=1
Legend=1
# END PLOT
# BEGIN SPECIAL text
\rput[br](0.95,0.2){$k_T>200GeV$}
# END SPECIAL

# BEGIN HISTO1D //nfs/farm/g/theory/qcdsim/shoeche/runs/lhjets/hj/mcnlo/css/run.yoda/LH2017_ZHSHAPES/psi_0.5_200
ErrorBars=1
LineColor=red
LineStyle=solid
Path=//nfs/farm/g/theory/qcdsim/shoeche/runs/lhjets/hj/mcnlo/css/run.yoda/LH2017_ZHSHAPES/psi_0.5_200
Title=MC@NLO
XLabel=
YLabel=
# xlow	 xhigh	 val	 errminus	 errplus
0.000000e+00	1.000000e-02	2.024308e-01	1.290657e-04	1.290657e-04
1.000000e-02	2.000000e-02	3.579975e-01	1.458368e-04	1.458368e-04
2.000000e-02	3.000000e-02	4.662988e-01	1.460904e-04	1.460904e-04
3.000000e-02	4.000000e-02	5.463460e-01	1.412161e-04	1.412161e-04
4.000000e-02	5.000000e-02	6.080974e-01	1.344693e-04	1.344693e-04
5.000000e-02	6.000000e-02	6.572924e-01	1.270861e-04	1.270861e-04
6.000000e-02	7.000000e-02	6.974769e-01	1.195922e-04	1.195922e-04
7.000000e-02	8.000000e-02	7.309235e-01	1.122519e-04	1.122519e-04
8.000000e-02	9.000000e-02	7.591722e-01	1.051751e-04	1.051751e-04
9.000000e-02	1.000000e-01	7.834458e-01	9.836041e-05	9.836041e-05
1.000000e-01	1.100000e-01	8.044035e-01	9.189750e-05	9.189750e-05
1.100000e-01	1.200000e-01	8.227532e-01	8.575177e-05	8.575177e-05
1.200000e-01	1.300000e-01	8.389577e-01	7.988693e-05	7.988693e-05
1.300000e-01	1.400000e-01	8.533420e-01	7.433607e-05	7.433607e-05
1.400000e-01	1.500000e-01	8.661891e-01	6.906991e-05	6.906991e-05
1.500000e-01	1.600000e-01	8.777294e-01	6.408188e-05	6.408188e-05
1.600000e-01	1.700000e-01	8.881156e-01	5.938018e-05	5.938018e-05
1.700000e-01	1.800000e-01	8.975357e-01	5.494524e-05	5.494524e-05
1.800000e-01	1.900000e-01	9.061141e-01	5.076952e-05	5.076952e-05
1.900000e-01	2.000000e-01	9.139332e-01	4.685891e-05	4.685891e-05
2.000000e-01	2.100000e-01	9.210639e-01	4.326224e-05	4.326224e-05
2.100000e-01	2.200000e-01	9.276068e-01	3.993652e-05	3.993652e-05
2.200000e-01	2.300000e-01	9.336438e-01	3.686455e-05	3.686455e-05
2.300000e-01	2.400000e-01	9.392117e-01	3.408257e-05	3.408257e-05
2.400000e-01	2.500000e-01	9.443784e-01	3.155066e-05	3.155066e-05
2.500000e-01	2.600000e-01	9.491738e-01	2.924102e-05	2.924102e-05
2.600000e-01	2.700000e-01	9.536133e-01	2.711967e-05	2.711967e-05
2.700000e-01	2.800000e-01	9.577432e-01	2.516204e-05	2.516204e-05
2.800000e-01	2.900000e-01	9.615920e-01	2.333826e-05	2.333826e-05
2.900000e-01	3.000000e-01	9.651876e-01	2.161854e-05	2.161854e-05
3.000000e-01	3.100000e-01	9.685527e-01	2.000116e-05	2.000116e-05
3.100000e-01	3.200000e-01	9.716979e-01	1.846140e-05	1.846140e-05
3.200000e-01	3.300000e-01	9.746369e-01	1.699879e-05	1.699879e-05
3.300000e-01	3.400000e-01	9.773955e-01	1.559832e-05	1.559832e-05
3.400000e-01	3.500000e-01	9.799681e-01	1.426400e-05	1.426400e-05
3.500000e-01	3.600000e-01	9.823832e-01	1.298361e-05	1.298361e-05
3.600000e-01	3.700000e-01	9.846310e-01	1.175350e-05	1.175350e-05
3.700000e-01	3.800000e-01	9.867317e-01	1.056826e-05	1.056826e-05
3.800000e-01	3.900000e-01	9.886970e-01	9.419139e-06	9.419139e-06
3.900000e-01	4.000000e-01	9.905104e-01	8.315487e-06	8.315487e-06
4.000000e-01	4.100000e-01	9.921850e-01	7.248226e-06	7.248226e-06
4.100000e-01	4.200000e-01	9.937173e-01	6.216130e-06	6.216130e-06
4.200000e-01	4.300000e-01	9.951116e-01	5.231810e-06	5.231810e-06
4.300000e-01	4.400000e-01	9.963552e-01	4.276324e-06	4.276324e-06
4.400000e-01	4.500000e-01	9.974357e-01	3.380600e-06	3.380600e-06
4.500000e-01	4.600000e-01	9.983559e-01	2.504142e-06	2.504142e-06
4.600000e-01	4.700000e-01	9.990867e-01	1.753283e-06	1.753283e-06
4.700000e-01	4.800000e-01	9.996030e-01	1.019207e-06	1.019207e-06
4.800000e-01	4.900000e-01	9.998786e-01	6.363221e-07	6.363221e-07
4.900000e-01	5.000000e-01	9.999375e-01	5.699564e-07	5.699564e-07
5.000000e-01	5.100000e-01	9.999521e-01	4.936718e-07	4.936718e-07
5.100000e-01	5.200000e-01	9.999632e-01	4.031069e-07	4.031069e-07
5.200000e-01	5.300000e-01	9.999722e-01	9.502817e-09	9.502817e-09
5.300000e-01	5.400000e-01	9.999792e-01	7.127113e-09	7.127113e-09
5.400000e-01	5.500000e-01	9.999840e-01	2.851263e-07	2.851263e-07
5.500000e-01	5.600000e-01	9.999882e-01	2.851500e-07	2.851500e-07
5.600000e-01	5.700000e-01	9.999917e-01	2.850845e-09	2.850845e-09
5.700000e-01	5.800000e-01	9.999938e-01	2.138133e-09	2.138133e-09
5.800000e-01	5.900000e-01	9.999958e-01	1.425423e-09	1.425423e-09
5.900000e-01	6.000000e-01	9.999972e-01	2.851802e-07	2.851802e-07
6.000000e-01	6.100000e-01	9.999979e-01	7.127087e-10	7.127087e-10
6.100000e-01	6.200000e-01	9.999986e-01	4.751409e-10	4.751409e-10
6.200000e-01	6.300000e-01	9.999993e-01	2.851787e-07	2.851787e-07
6.300000e-01	6.400000e-01	9.999993e-01	2.375628e-10	2.375628e-10
6.400000e-01	6.500000e-01	9.999993e-01	2.851785e-07	2.851785e-07
6.500000e-01	6.600000e-01	1.000000e+00	2.851786e-07	2.851786e-07
6.600000e-01	6.700000e-01	1.000000e+00	0.000000e+00	0.000000e+00
6.700000e-01	6.800000e-01	1.000000e+00	0.000000e+00	0.000000e+00
6.800000e-01	6.900000e-01	1.000000e+00	0.000000e+00	0.000000e+00
6.900000e-01	7.000000e-01	1.000000e+00	0.000000e+00	0.000000e+00
7.000000e-01	7.100000e-01	1.000000e+00	0.000000e+00	0.000000e+00
7.100000e-01	7.200000e-01	1.000000e+00	0.000000e+00	0.000000e+00
7.200000e-01	7.300000e-01	1.000000e+00	0.000000e+00	0.000000e+00
7.300000e-01	7.400000e-01	1.000000e+00	0.000000e+00	0.000000e+00
7.400000e-01	7.500000e-01	1.000000e+00	0.000000e+00	0.000000e+00
7.500000e-01	7.600000e-01	1.000000e+00	0.000000e+00	0.000000e+00
7.600000e-01	7.700000e-01	1.000000e+00	0.000000e+00	0.000000e+00
7.700000e-01	7.800000e-01	1.000000e+00	0.000000e+00	0.000000e+00
7.800000e-01	7.900000e-01	1.000000e+00	0.000000e+00	0.000000e+00
7.900000e-01	8.000000e-01	1.000000e+00	0.000000e+00	0.000000e+00
8.000000e-01	8.100000e-01	1.000000e+00	0.000000e+00	0.000000e+00
8.100000e-01	8.200000e-01	1.000000e+00	0.000000e+00	0.000000e+00
8.200000e-01	8.300000e-01	1.000000e+00	0.000000e+00	0.000000e+00
8.300000e-01	8.400000e-01	1.000000e+00	0.000000e+00	0.000000e+00
8.400000e-01	8.500000e-01	1.000000e+00	0.000000e+00	0.000000e+00
8.500000e-01	8.600000e-01	1.000000e+00	0.000000e+00	0.000000e+00
8.600000e-01	8.700000e-01	1.000000e+00	0.000000e+00	0.000000e+00
8.700000e-01	8.800000e-01	1.000000e+00	0.000000e+00	0.000000e+00
8.800000e-01	8.900000e-01	1.000000e+00	0.000000e+00	0.000000e+00
8.900000e-01	9.000000e-01	1.000000e+00	0.000000e+00	0.000000e+00
9.000000e-01	9.100000e-01	1.000000e+00	0.000000e+00	0.000000e+00
9.100000e-01	9.200000e-01	1.000000e+00	0.000000e+00	0.000000e+00
9.200000e-01	9.300000e-01	1.000000e+00	0.000000e+00	0.000000e+00
9.300000e-01	9.400000e-01	1.000000e+00	0.000000e+00	0.000000e+00
9.400000e-01	9.500000e-01	1.000000e+00	0.000000e+00	0.000000e+00
9.500000e-01	9.600000e-01	1.000000e+00	0.000000e+00	0.000000e+00
9.600000e-01	9.700000e-01	1.000000e+00	0.000000e+00	0.000000e+00
9.700000e-01	9.800000e-01	1.000000e+00	0.000000e+00	0.000000e+00
9.800000e-01	9.900000e-01	1.000000e+00	0.000000e+00	0.000000e+00
9.900000e-01	1.000000e+00	1.000000e+00	0.000000e+00	0.000000e+00
1.000000e+00	1.010000e+00	1.000000e+00	0.000000e+00	0.000000e+00
1.010000e+00	1.020000e+00	1.000000e+00	0.000000e+00	0.000000e+00
1.020000e+00	1.030000e+00	1.000000e+00	0.000000e+00	0.000000e+00
1.030000e+00	1.040000e+00	1.000000e+00	0.000000e+00	0.000000e+00
1.040000e+00	1.050000e+00	1.000000e+00	0.000000e+00	0.000000e+00
1.050000e+00	1.060000e+00	1.000000e+00	0.000000e+00	0.000000e+00
1.060000e+00	1.070000e+00	1.000000e+00	0.000000e+00	0.000000e+00
1.070000e+00	1.080000e+00	1.000000e+00	0.000000e+00	0.000000e+00
1.080000e+00	1.090000e+00	1.000000e+00	0.000000e+00	0.000000e+00
1.090000e+00	1.100000e+00	1.000000e+00	0.000000e+00	0.000000e+00
1.100000e+00	1.110000e+00	1.000000e+00	0.000000e+00	0.000000e+00
1.110000e+00	1.120000e+00	1.000000e+00	0.000000e+00	0.000000e+00
1.120000e+00	1.130000e+00	1.000000e+00	0.000000e+00	0.000000e+00
1.130000e+00	1.140000e+00	1.000000e+00	0.000000e+00	0.000000e+00
1.140000e+00	1.150000e+00	1.000000e+00	0.000000e+00	0.000000e+00
1.150000e+00	1.160000e+00	1.000000e+00	0.000000e+00	0.000000e+00
1.160000e+00	1.170000e+00	1.000000e+00	0.000000e+00	0.000000e+00
1.170000e+00	1.180000e+00	1.000000e+00	0.000000e+00	0.000000e+00
1.180000e+00	1.190000e+00	1.000000e+00	0.000000e+00	0.000000e+00
1.190000e+00	1.200000e+00	1.000000e+00	0.000000e+00	0.000000e+00
1.200000e+00	1.210000e+00	1.000000e+00	0.000000e+00	0.000000e+00
1.210000e+00	1.220000e+00	1.000000e+00	0.000000e+00	0.000000e+00
1.220000e+00	1.230000e+00	1.000000e+00	0.000000e+00	0.000000e+00
1.230000e+00	1.240000e+00	1.000000e+00	0.000000e+00	0.000000e+00
1.240000e+00	1.250000e+00	1.000000e+00	0.000000e+00	0.000000e+00
1.250000e+00	1.260000e+00	1.000000e+00	0.000000e+00	0.000000e+00
1.260000e+00	1.270000e+00	1.000000e+00	0.000000e+00	0.000000e+00
1.270000e+00	1.280000e+00	1.000000e+00	0.000000e+00	0.000000e+00
1.280000e+00	1.290000e+00	1.000000e+00	0.000000e+00	0.000000e+00
1.290000e+00	1.300000e+00	1.000000e+00	0.000000e+00	0.000000e+00
1.300000e+00	1.310000e+00	1.000000e+00	0.000000e+00	0.000000e+00
1.310000e+00	1.320000e+00	1.000000e+00	0.000000e+00	0.000000e+00
1.320000e+00	1.330000e+00	1.000000e+00	0.000000e+00	0.000000e+00
1.330000e+00	1.340000e+00	1.000000e+00	0.000000e+00	0.000000e+00
1.340000e+00	1.350000e+00	1.000000e+00	0.000000e+00	0.000000e+00
1.350000e+00	1.360000e+00	1.000000e+00	0.000000e+00	0.000000e+00
1.360000e+00	1.370000e+00	1.000000e+00	0.000000e+00	0.000000e+00
1.370000e+00	1.380000e+00	1.000000e+00	0.000000e+00	0.000000e+00
1.380000e+00	1.390000e+00	1.000000e+00	0.000000e+00	0.000000e+00
1.390000e+00	1.400000e+00	1.000000e+00	0.000000e+00	0.000000e+00
1.400000e+00	1.410000e+00	1.000000e+00	0.000000e+00	0.000000e+00
1.410000e+00	1.420000e+00	1.000000e+00	0.000000e+00	0.000000e+00
1.420000e+00	1.430000e+00	1.000000e+00	0.000000e+00	0.000000e+00
1.430000e+00	1.440000e+00	1.000000e+00	0.000000e+00	0.000000e+00
1.440000e+00	1.450000e+00	1.000000e+00	0.000000e+00	0.000000e+00
1.450000e+00	1.460000e+00	1.000000e+00	0.000000e+00	0.000000e+00
1.460000e+00	1.470000e+00	1.000000e+00	0.000000e+00	0.000000e+00
1.470000e+00	1.480000e+00	1.000000e+00	0.000000e+00	0.000000e+00
1.480000e+00	1.490000e+00	1.000000e+00	0.000000e+00	0.000000e+00
1.490000e+00	1.500000e+00	1.000000e+00	0.000000e+00	0.000000e+00
# END HISTO1D

# BEGIN HISTO1D //nfs/farm/g/theory/qcdsim/shoeche/runs/lhjets/hj/mcnlo/css-1em/run.yoda/LH2017_ZHSHAPES/psi_0.5_200
ErrorBars=1
LineColor=blue
LineStyle=solid
Path=//nfs/farm/g/theory/qcdsim/shoeche/runs/lhjets/hj/mcnlo/css-1em/run.yoda/LH2017_ZHSHAPES/psi_0.5_200
Title=MC@NLO~1em
XLabel=
YLabel=
# xlow	 xhigh	 val	 errminus	 errplus
0.000000e+00	1.000000e-02	9.488840e-01	1.542458e-04	1.542458e-04
1.000000e-02	2.000000e-02	9.507320e-01	1.513130e-04	1.513130e-04
2.000000e-02	3.000000e-02	9.532976e-01	1.470006e-04	1.470006e-04
3.000000e-02	4.000000e-02	9.561559e-01	1.419069e-04	1.419069e-04
4.000000e-02	5.000000e-02	9.591677e-01	1.362164e-04	1.362164e-04
5.000000e-02	6.000000e-02	9.621582e-01	1.301873e-04	1.301873e-04
6.000000e-02	7.000000e-02	9.651182e-01	1.238545e-04	1.238545e-04
7.000000e-02	8.000000e-02	9.679853e-01	1.173203e-04	1.173203e-04
8.000000e-02	9.000000e-02	9.706912e-01	1.107682e-04	1.107682e-04
9.000000e-02	1.000000e-01	9.731950e-01	1.043128e-04	1.043128e-04
1.000000e-01	1.100000e-01	9.755332e-01	9.792096e-05	9.792096e-05
1.100000e-01	1.200000e-01	9.777038e-01	9.165813e-05	9.165813e-05
1.200000e-01	1.300000e-01	9.797592e-01	8.534030e-05	8.534030e-05
1.300000e-01	1.400000e-01	9.816500e-01	7.924042e-05	7.924042e-05
1.400000e-01	1.500000e-01	9.833700e-01	7.332134e-05	7.332134e-05
1.500000e-01	1.600000e-01	9.850023e-01	6.741274e-05	6.741274e-05
1.600000e-01	1.700000e-01	9.864943e-01	6.167889e-05	6.167889e-05
1.700000e-01	1.800000e-01	9.878504e-01	5.623176e-05	5.623176e-05
1.800000e-01	1.900000e-01	9.891124e-01	5.091621e-05	5.091621e-05
1.900000e-01	2.000000e-01	9.902361e-01	4.606709e-05	4.606709e-05
2.000000e-01	2.100000e-01	9.912716e-01	4.139609e-05	4.139609e-05
2.100000e-01	2.200000e-01	9.922640e-01	3.691481e-05	3.691481e-05
2.200000e-01	2.300000e-01	9.931301e-01	3.296206e-05	3.296206e-05
2.300000e-01	2.400000e-01	9.939491e-01	2.956136e-05	2.956136e-05
2.400000e-01	2.500000e-01	9.947003e-01	2.675935e-05	2.675935e-05
2.500000e-01	2.600000e-01	9.953543e-01	2.457675e-05	2.457675e-05
2.600000e-01	2.700000e-01	9.959647e-01	2.241232e-05	2.241232e-05
2.700000e-01	2.800000e-01	9.964971e-01	2.043705e-05	2.043705e-05
2.800000e-01	2.900000e-01	9.969946e-01	1.852057e-05	1.852057e-05
2.900000e-01	3.000000e-01	9.974382e-01	1.671343e-05	1.671343e-05
3.000000e-01	3.100000e-01	9.978391e-01	1.497194e-05	1.497194e-05
3.100000e-01	3.200000e-01	9.981915e-01	1.334496e-05	1.334496e-05
3.200000e-01	3.300000e-01	9.985045e-01	1.181554e-05	1.181554e-05
3.300000e-01	3.400000e-01	9.987825e-01	1.036642e-05	1.036642e-05
3.400000e-01	3.500000e-01	9.990190e-01	9.021620e-06	9.021620e-06
3.500000e-01	3.600000e-01	9.992265e-01	7.772993e-06	7.772993e-06
3.600000e-01	3.700000e-01	9.994052e-01	6.556474e-06	6.556474e-06
3.700000e-01	3.800000e-01	9.995537e-01	5.461431e-06	5.461431e-06
3.800000e-01	3.900000e-01	9.996701e-01	4.513992e-06	4.513992e-06
3.900000e-01	4.000000e-01	9.997621e-01	3.654057e-06	3.654057e-06
4.000000e-01	4.100000e-01	9.998344e-01	2.886350e-06	2.886350e-06
4.100000e-01	4.200000e-01	9.998913e-01	2.210381e-06	2.210381e-06
4.200000e-01	4.300000e-01	9.999338e-01	1.652689e-06	1.652689e-06
4.300000e-01	4.400000e-01	9.999634e-01	1.137617e-06	1.137617e-06
4.400000e-01	4.500000e-01	9.999812e-01	7.584907e-07	7.584907e-07
4.500000e-01	4.600000e-01	9.999921e-01	3.792618e-07	3.792618e-07
4.600000e-01	4.700000e-01	9.999977e-01	1.642539e-09	1.642539e-09
4.700000e-01	4.800000e-01	9.999997e-01	3.793023e-07	3.793023e-07
4.800000e-01	4.900000e-01	1.000000e+00	0.000000e+00	0.000000e+00
4.900000e-01	5.000000e-01	1.000000e+00	0.000000e+00	0.000000e+00
5.000000e-01	5.100000e-01	1.000000e+00	0.000000e+00	0.000000e+00
5.100000e-01	5.200000e-01	1.000000e+00	0.000000e+00	0.000000e+00
5.200000e-01	5.300000e-01	1.000000e+00	0.000000e+00	0.000000e+00
5.300000e-01	5.400000e-01	1.000000e+00	0.000000e+00	0.000000e+00
5.400000e-01	5.500000e-01	1.000000e+00	0.000000e+00	0.000000e+00
5.500000e-01	5.600000e-01	1.000000e+00	0.000000e+00	0.000000e+00
5.600000e-01	5.700000e-01	1.000000e+00	0.000000e+00	0.000000e+00
5.700000e-01	5.800000e-01	1.000000e+00	0.000000e+00	0.000000e+00
5.800000e-01	5.900000e-01	1.000000e+00	0.000000e+00	0.000000e+00
5.900000e-01	6.000000e-01	1.000000e+00	0.000000e+00	0.000000e+00
6.000000e-01	6.100000e-01	1.000000e+00	0.000000e+00	0.000000e+00
6.100000e-01	6.200000e-01	1.000000e+00	0.000000e+00	0.000000e+00
6.200000e-01	6.300000e-01	1.000000e+00	0.000000e+00	0.000000e+00
6.300000e-01	6.400000e-01	1.000000e+00	0.000000e+00	0.000000e+00
6.400000e-01	6.500000e-01	1.000000e+00	0.000000e+00	0.000000e+00
6.500000e-01	6.600000e-01	1.000000e+00	0.000000e+00	0.000000e+00
6.600000e-01	6.700000e-01	1.000000e+00	0.000000e+00	0.000000e+00
6.700000e-01	6.800000e-01	1.000000e+00	0.000000e+00	0.000000e+00
6.800000e-01	6.900000e-01	1.000000e+00	0.000000e+00	0.000000e+00
6.900000e-01	7.000000e-01	1.000000e+00	0.000000e+00	0.000000e+00
7.000000e-01	7.100000e-01	1.000000e+00	0.000000e+00	0.000000e+00
7.100000e-01	7.200000e-01	1.000000e+00	0.000000e+00	0.000000e+00
7.200000e-01	7.300000e-01	1.000000e+00	0.000000e+00	0.000000e+00
7.300000e-01	7.400000e-01	1.000000e+00	0.000000e+00	0.000000e+00
7.400000e-01	7.500000e-01	1.000000e+00	0.000000e+00	0.000000e+00
7.500000e-01	7.600000e-01	1.000000e+00	0.000000e+00	0.000000e+00
7.600000e-01	7.700000e-01	1.000000e+00	0.000000e+00	0.000000e+00
7.700000e-01	7.800000e-01	1.000000e+00	0.000000e+00	0.000000e+00
7.800000e-01	7.900000e-01	1.000000e+00	0.000000e+00	0.000000e+00
7.900000e-01	8.000000e-01	1.000000e+00	0.000000e+00	0.000000e+00
8.000000e-01	8.100000e-01	1.000000e+00	0.000000e+00	0.000000e+00
8.100000e-01	8.200000e-01	1.000000e+00	0.000000e+00	0.000000e+00
8.200000e-01	8.300000e-01	1.000000e+00	0.000000e+00	0.000000e+00
8.300000e-01	8.400000e-01	1.000000e+00	0.000000e+00	0.000000e+00
8.400000e-01	8.500000e-01	1.000000e+00	0.000000e+00	0.000000e+00
8.500000e-01	8.600000e-01	1.000000e+00	0.000000e+00	0.000000e+00
8.600000e-01	8.700000e-01	1.000000e+00	0.000000e+00	0.000000e+00
8.700000e-01	8.800000e-01	1.000000e+00	0.000000e+00	0.000000e+00
8.800000e-01	8.900000e-01	1.000000e+00	0.000000e+00	0.000000e+00
8.900000e-01	9.000000e-01	1.000000e+00	0.000000e+00	0.000000e+00
9.000000e-01	9.100000e-01	1.000000e+00	0.000000e+00	0.000000e+00
9.100000e-01	9.200000e-01	1.000000e+00	0.000000e+00	0.000000e+00
9.200000e-01	9.300000e-01	1.000000e+00	0.000000e+00	0.000000e+00
9.300000e-01	9.400000e-01	1.000000e+00	0.000000e+00	0.000000e+00
9.400000e-01	9.500000e-01	1.000000e+00	0.000000e+00	0.000000e+00
9.500000e-01	9.600000e-01	1.000000e+00	0.000000e+00	0.000000e+00
9.600000e-01	9.700000e-01	1.000000e+00	0.000000e+00	0.000000e+00
9.700000e-01	9.800000e-01	1.000000e+00	0.000000e+00	0.000000e+00
9.800000e-01	9.900000e-01	1.000000e+00	0.000000e+00	0.000000e+00
9.900000e-01	1.000000e+00	1.000000e+00	0.000000e+00	0.000000e+00
1.000000e+00	1.010000e+00	1.000000e+00	0.000000e+00	0.000000e+00
1.010000e+00	1.020000e+00	1.000000e+00	0.000000e+00	0.000000e+00
1.020000e+00	1.030000e+00	1.000000e+00	0.000000e+00	0.000000e+00
1.030000e+00	1.040000e+00	1.000000e+00	0.000000e+00	0.000000e+00
1.040000e+00	1.050000e+00	1.000000e+00	0.000000e+00	0.000000e+00
1.050000e+00	1.060000e+00	1.000000e+00	0.000000e+00	0.000000e+00
1.060000e+00	1.070000e+00	1.000000e+00	0.000000e+00	0.000000e+00
1.070000e+00	1.080000e+00	1.000000e+00	0.000000e+00	0.000000e+00
1.080000e+00	1.090000e+00	1.000000e+00	0.000000e+00	0.000000e+00
1.090000e+00	1.100000e+00	1.000000e+00	0.000000e+00	0.000000e+00
1.100000e+00	1.110000e+00	1.000000e+00	0.000000e+00	0.000000e+00
1.110000e+00	1.120000e+00	1.000000e+00	0.000000e+00	0.000000e+00
1.120000e+00	1.130000e+00	1.000000e+00	0.000000e+00	0.000000e+00
1.130000e+00	1.140000e+00	1.000000e+00	0.000000e+00	0.000000e+00
1.140000e+00	1.150000e+00	1.000000e+00	0.000000e+00	0.000000e+00
1.150000e+00	1.160000e+00	1.000000e+00	0.000000e+00	0.000000e+00
1.160000e+00	1.170000e+00	1.000000e+00	0.000000e+00	0.000000e+00
1.170000e+00	1.180000e+00	1.000000e+00	0.000000e+00	0.000000e+00
1.180000e+00	1.190000e+00	1.000000e+00	0.000000e+00	0.000000e+00
1.190000e+00	1.200000e+00	1.000000e+00	0.000000e+00	0.000000e+00
1.200000e+00	1.210000e+00	1.000000e+00	0.000000e+00	0.000000e+00
1.210000e+00	1.220000e+00	1.000000e+00	0.000000e+00	0.000000e+00
1.220000e+00	1.230000e+00	1.000000e+00	0.000000e+00	0.000000e+00
1.230000e+00	1.240000e+00	1.000000e+00	0.000000e+00	0.000000e+00
1.240000e+00	1.250000e+00	1.000000e+00	0.000000e+00	0.000000e+00
1.250000e+00	1.260000e+00	1.000000e+00	0.000000e+00	0.000000e+00
1.260000e+00	1.270000e+00	1.000000e+00	0.000000e+00	0.000000e+00
1.270000e+00	1.280000e+00	1.000000e+00	0.000000e+00	0.000000e+00
1.280000e+00	1.290000e+00	1.000000e+00	0.000000e+00	0.000000e+00
1.290000e+00	1.300000e+00	1.000000e+00	0.000000e+00	0.000000e+00
1.300000e+00	1.310000e+00	1.000000e+00	0.000000e+00	0.000000e+00
1.310000e+00	1.320000e+00	1.000000e+00	0.000000e+00	0.000000e+00
1.320000e+00	1.330000e+00	1.000000e+00	0.000000e+00	0.000000e+00
1.330000e+00	1.340000e+00	1.000000e+00	0.000000e+00	0.000000e+00
1.340000e+00	1.350000e+00	1.000000e+00	0.000000e+00	0.000000e+00
1.350000e+00	1.360000e+00	1.000000e+00	0.000000e+00	0.000000e+00
1.360000e+00	1.370000e+00	1.000000e+00	0.000000e+00	0.000000e+00
1.370000e+00	1.380000e+00	1.000000e+00	0.000000e+00	0.000000e+00
1.380000e+00	1.390000e+00	1.000000e+00	0.000000e+00	0.000000e+00
1.390000e+00	1.400000e+00	1.000000e+00	0.000000e+00	0.000000e+00
1.400000e+00	1.410000e+00	1.000000e+00	0.000000e+00	0.000000e+00
1.410000e+00	1.420000e+00	1.000000e+00	0.000000e+00	0.000000e+00
1.420000e+00	1.430000e+00	1.000000e+00	0.000000e+00	0.000000e+00
1.430000e+00	1.440000e+00	1.000000e+00	0.000000e+00	0.000000e+00
1.440000e+00	1.450000e+00	1.000000e+00	0.000000e+00	0.000000e+00
1.450000e+00	1.460000e+00	1.000000e+00	0.000000e+00	0.000000e+00
1.460000e+00	1.470000e+00	1.000000e+00	0.000000e+00	0.000000e+00
1.470000e+00	1.480000e+00	1.000000e+00	0.000000e+00	0.000000e+00
1.480000e+00	1.490000e+00	1.000000e+00	0.000000e+00	0.000000e+00
1.490000e+00	1.500000e+00	1.000000e+00	0.000000e+00	0.000000e+00
# END HISTO1D

# BEGIN HISTO1D //nfs/farm/g/theory/qcdsim/shoeche/runs/lhjets/hj/nlo/cs/run.yoda/LH2017_ZHSHAPES/psi_0.5_200
ErrorBars=0
LineColor={[HTML]{2da334}}
LineStyle=solid
Path=//nfs/farm/g/theory/qcdsim/shoeche/runs/lhjets/hj/nlo/cs/run.yoda/LH2017_ZHSHAPES/psi_0.5_200
Title=NLO
XLabel=
YLabel=
# xlow	 xhigh	 val	 errminus	 errplus
0.000000e+00	1.000000e-02	4.650927e-01	1.175446e-01	1.175446e-01
1.000000e-02	2.000000e-02	6.429275e-01	1.120165e-01	1.120165e-01
2.000000e-02	3.000000e-02	7.304653e-01	1.018381e-01	1.018381e-01
3.000000e-02	4.000000e-02	7.837786e-01	9.264228e-02	9.264228e-02
4.000000e-02	5.000000e-02	8.207647e-01	8.446897e-02	8.446897e-02
5.000000e-02	6.000000e-02	8.478523e-01	7.732877e-02	7.732877e-02
6.000000e-02	7.000000e-02	8.689961e-01	7.091083e-02	7.091083e-02
7.000000e-02	8.000000e-02	8.857638e-01	6.523625e-02	6.523625e-02
8.000000e-02	9.000000e-02	8.996772e-01	6.004537e-02	6.004537e-02
9.000000e-02	1.000000e-01	9.112797e-01	5.526225e-02	5.526225e-02
1.000000e-01	1.100000e-01	9.211020e-01	5.088284e-02	5.088284e-02
1.100000e-01	1.200000e-01	9.293977e-01	4.686955e-02	4.686955e-02
1.200000e-01	1.300000e-01	9.365992e-01	4.314720e-02	4.314720e-02
1.300000e-01	1.400000e-01	9.430212e-01	3.963887e-02	3.963887e-02
1.400000e-01	1.500000e-01	9.487927e-01	3.637265e-02	3.637265e-02
1.500000e-01	1.600000e-01	9.537276e-01	3.336268e-02	3.336268e-02
1.600000e-01	1.700000e-01	9.581673e-01	3.047296e-02	3.047296e-02
1.700000e-01	1.800000e-01	9.621819e-01	2.776208e-02	2.776208e-02
1.800000e-01	1.900000e-01	9.657874e-01	2.523050e-02	2.523050e-02
1.900000e-01	2.000000e-01	9.690395e-01	2.292099e-02	2.292099e-02
2.000000e-01	2.100000e-01	9.719800e-01	2.080127e-02	2.080127e-02
2.100000e-01	2.200000e-01	9.746580e-01	1.888801e-02	1.888801e-02
2.200000e-01	2.300000e-01	9.771130e-01	1.718462e-02	1.718462e-02
2.300000e-01	2.400000e-01	9.793602e-01	1.568833e-02	1.568833e-02
2.400000e-01	2.500000e-01	9.814150e-01	1.446582e-02	1.446582e-02
2.500000e-01	2.600000e-01	9.832556e-01	1.344732e-02	1.344732e-02
2.600000e-01	2.700000e-01	9.849876e-01	1.245839e-02	1.245839e-02
2.700000e-01	2.800000e-01	9.865480e-01	1.153397e-02	1.153397e-02
2.800000e-01	2.900000e-01	9.879973e-01	1.064335e-02	1.064335e-02
2.900000e-01	3.000000e-01	9.893266e-01	9.787149e-03	9.787149e-03
3.000000e-01	3.100000e-01	9.905529e-01	8.973931e-03	8.973931e-03
3.100000e-01	3.200000e-01	9.916697e-01	8.198883e-03	8.198883e-03
3.200000e-01	3.300000e-01	9.927116e-01	7.449817e-03	7.449817e-03
3.300000e-01	3.400000e-01	9.936480e-01	6.748191e-03	6.748191e-03
3.400000e-01	3.500000e-01	9.945071e-01	6.074413e-03	6.074413e-03
3.500000e-01	3.600000e-01	9.952897e-01	5.441419e-03	5.441419e-03
3.600000e-01	3.700000e-01	9.959870e-01	4.832803e-03	4.832803e-03
3.700000e-01	3.800000e-01	9.966263e-01	4.256898e-03	4.256898e-03
3.800000e-01	3.900000e-01	9.971956e-01	3.730323e-03	3.730323e-03
3.900000e-01	4.000000e-01	9.977133e-01	3.203169e-03	3.203169e-03
4.000000e-01	4.100000e-01	9.981690e-01	2.717899e-03	2.717899e-03
4.100000e-01	4.200000e-01	9.985636e-01	2.279477e-03	2.279477e-03
4.200000e-01	4.300000e-01	9.989187e-01	1.865008e-03	1.865008e-03
4.300000e-01	4.400000e-01	9.992109e-01	1.476950e-03	1.476950e-03
4.400000e-01	4.500000e-01	9.994581e-01	1.096873e-03	1.096873e-03
4.500000e-01	4.600000e-01	9.996578e-01	7.769285e-04	7.769285e-04
4.600000e-01	4.700000e-01	9.998124e-01	4.690496e-04	4.690496e-04
4.700000e-01	4.800000e-01	9.999171e-01	2.348075e-04	2.348075e-04
4.800000e-01	4.900000e-01	9.999799e-01	2.357575e-04	2.357575e-04
4.900000e-01	5.000000e-01	1.000000e+00	0.000000e+00	0.000000e+00
5.000000e-01	5.100000e-01	1.000000e+00	0.000000e+00	0.000000e+00
5.100000e-01	5.200000e-01	1.000000e+00	0.000000e+00	0.000000e+00
5.200000e-01	5.300000e-01	1.000000e+00	0.000000e+00	0.000000e+00
5.300000e-01	5.400000e-01	1.000000e+00	0.000000e+00	0.000000e+00
5.400000e-01	5.500000e-01	1.000000e+00	0.000000e+00	0.000000e+00
5.500000e-01	5.600000e-01	1.000000e+00	0.000000e+00	0.000000e+00
5.600000e-01	5.700000e-01	1.000000e+00	0.000000e+00	0.000000e+00
5.700000e-01	5.800000e-01	1.000000e+00	0.000000e+00	0.000000e+00
5.800000e-01	5.900000e-01	1.000000e+00	0.000000e+00	0.000000e+00
5.900000e-01	6.000000e-01	1.000000e+00	0.000000e+00	0.000000e+00
6.000000e-01	6.100000e-01	1.000000e+00	0.000000e+00	0.000000e+00
6.100000e-01	6.200000e-01	1.000000e+00	0.000000e+00	0.000000e+00
6.200000e-01	6.300000e-01	1.000000e+00	0.000000e+00	0.000000e+00
6.300000e-01	6.400000e-01	1.000000e+00	0.000000e+00	0.000000e+00
6.400000e-01	6.500000e-01	1.000000e+00	0.000000e+00	0.000000e+00
6.500000e-01	6.600000e-01	1.000000e+00	0.000000e+00	0.000000e+00
6.600000e-01	6.700000e-01	1.000000e+00	0.000000e+00	0.000000e+00
6.700000e-01	6.800000e-01	1.000000e+00	0.000000e+00	0.000000e+00
6.800000e-01	6.900000e-01	1.000000e+00	0.000000e+00	0.000000e+00
6.900000e-01	7.000000e-01	1.000000e+00	0.000000e+00	0.000000e+00
7.000000e-01	7.100000e-01	1.000000e+00	0.000000e+00	0.000000e+00
7.100000e-01	7.200000e-01	1.000000e+00	0.000000e+00	0.000000e+00
7.200000e-01	7.300000e-01	1.000000e+00	0.000000e+00	0.000000e+00
7.300000e-01	7.400000e-01	1.000000e+00	0.000000e+00	0.000000e+00
7.400000e-01	7.500000e-01	1.000000e+00	0.000000e+00	0.000000e+00
7.500000e-01	7.600000e-01	1.000000e+00	0.000000e+00	0.000000e+00
7.600000e-01	7.700000e-01	1.000000e+00	0.000000e+00	0.000000e+00
7.700000e-01	7.800000e-01	1.000000e+00	0.000000e+00	0.000000e+00
7.800000e-01	7.900000e-01	1.000000e+00	0.000000e+00	0.000000e+00
7.900000e-01	8.000000e-01	1.000000e+00	0.000000e+00	0.000000e+00
8.000000e-01	8.100000e-01	1.000000e+00	0.000000e+00	0.000000e+00
8.100000e-01	8.200000e-01	1.000000e+00	0.000000e+00	0.000000e+00
8.200000e-01	8.300000e-01	1.000000e+00	0.000000e+00	0.000000e+00
8.300000e-01	8.400000e-01	1.000000e+00	0.000000e+00	0.000000e+00
8.400000e-01	8.500000e-01	1.000000e+00	0.000000e+00	0.000000e+00
8.500000e-01	8.600000e-01	1.000000e+00	0.000000e+00	0.000000e+00
8.600000e-01	8.700000e-01	1.000000e+00	0.000000e+00	0.000000e+00
8.700000e-01	8.800000e-01	1.000000e+00	0.000000e+00	0.000000e+00
8.800000e-01	8.900000e-01	1.000000e+00	0.000000e+00	0.000000e+00
8.900000e-01	9.000000e-01	1.000000e+00	0.000000e+00	0.000000e+00
9.000000e-01	9.100000e-01	1.000000e+00	0.000000e+00	0.000000e+00
9.100000e-01	9.200000e-01	1.000000e+00	0.000000e+00	0.000000e+00
9.200000e-01	9.300000e-01	1.000000e+00	0.000000e+00	0.000000e+00
9.300000e-01	9.400000e-01	1.000000e+00	0.000000e+00	0.000000e+00
9.400000e-01	9.500000e-01	1.000000e+00	0.000000e+00	0.000000e+00
9.500000e-01	9.600000e-01	1.000000e+00	0.000000e+00	0.000000e+00
9.600000e-01	9.700000e-01	1.000000e+00	0.000000e+00	0.000000e+00
9.700000e-01	9.800000e-01	1.000000e+00	0.000000e+00	0.000000e+00
9.800000e-01	9.900000e-01	1.000000e+00	0.000000e+00	0.000000e+00
9.900000e-01	1.000000e+00	1.000000e+00	0.000000e+00	0.000000e+00
1.000000e+00	1.010000e+00	1.000000e+00	0.000000e+00	0.000000e+00
1.010000e+00	1.020000e+00	1.000000e+00	0.000000e+00	0.000000e+00
1.020000e+00	1.030000e+00	1.000000e+00	0.000000e+00	0.000000e+00
1.030000e+00	1.040000e+00	1.000000e+00	0.000000e+00	0.000000e+00
1.040000e+00	1.050000e+00	1.000000e+00	0.000000e+00	0.000000e+00
1.050000e+00	1.060000e+00	1.000000e+00	0.000000e+00	0.000000e+00
1.060000e+00	1.070000e+00	1.000000e+00	0.000000e+00	0.000000e+00
1.070000e+00	1.080000e+00	1.000000e+00	0.000000e+00	0.000000e+00
1.080000e+00	1.090000e+00	1.000000e+00	0.000000e+00	0.000000e+00
1.090000e+00	1.100000e+00	1.000000e+00	0.000000e+00	0.000000e+00
1.100000e+00	1.110000e+00	1.000000e+00	0.000000e+00	0.000000e+00
1.110000e+00	1.120000e+00	1.000000e+00	0.000000e+00	0.000000e+00
1.120000e+00	1.130000e+00	1.000000e+00	0.000000e+00	0.000000e+00
1.130000e+00	1.140000e+00	1.000000e+00	0.000000e+00	0.000000e+00
1.140000e+00	1.150000e+00	1.000000e+00	0.000000e+00	0.000000e+00
1.150000e+00	1.160000e+00	1.000000e+00	0.000000e+00	0.000000e+00
1.160000e+00	1.170000e+00	1.000000e+00	0.000000e+00	0.000000e+00
1.170000e+00	1.180000e+00	1.000000e+00	0.000000e+00	0.000000e+00
1.180000e+00	1.190000e+00	1.000000e+00	0.000000e+00	0.000000e+00
1.190000e+00	1.200000e+00	1.000000e+00	0.000000e+00	0.000000e+00
1.200000e+00	1.210000e+00	1.000000e+00	0.000000e+00	0.000000e+00
1.210000e+00	1.220000e+00	1.000000e+00	0.000000e+00	0.000000e+00
1.220000e+00	1.230000e+00	1.000000e+00	0.000000e+00	0.000000e+00
1.230000e+00	1.240000e+00	1.000000e+00	0.000000e+00	0.000000e+00
1.240000e+00	1.250000e+00	1.000000e+00	0.000000e+00	0.000000e+00
1.250000e+00	1.260000e+00	1.000000e+00	0.000000e+00	0.000000e+00
1.260000e+00	1.270000e+00	1.000000e+00	0.000000e+00	0.000000e+00
1.270000e+00	1.280000e+00	1.000000e+00	0.000000e+00	0.000000e+00
1.280000e+00	1.290000e+00	1.000000e+00	0.000000e+00	0.000000e+00
1.290000e+00	1.300000e+00	1.000000e+00	0.000000e+00	0.000000e+00
1.300000e+00	1.310000e+00	1.000000e+00	0.000000e+00	0.000000e+00
1.310000e+00	1.320000e+00	1.000000e+00	0.000000e+00	0.000000e+00
1.320000e+00	1.330000e+00	1.000000e+00	0.000000e+00	0.000000e+00
1.330000e+00	1.340000e+00	1.000000e+00	0.000000e+00	0.000000e+00
1.340000e+00	1.350000e+00	1.000000e+00	0.000000e+00	0.000000e+00
1.350000e+00	1.360000e+00	1.000000e+00	0.000000e+00	0.000000e+00
1.360000e+00	1.370000e+00	1.000000e+00	0.000000e+00	0.000000e+00
1.370000e+00	1.380000e+00	1.000000e+00	0.000000e+00	0.000000e+00
1.380000e+00	1.390000e+00	1.000000e+00	0.000000e+00	0.000000e+00
1.390000e+00	1.400000e+00	1.000000e+00	0.000000e+00	0.000000e+00
1.400000e+00	1.410000e+00	1.000000e+00	0.000000e+00	0.000000e+00
1.410000e+00	1.420000e+00	1.000000e+00	0.000000e+00	0.000000e+00
1.420000e+00	1.430000e+00	1.000000e+00	0.000000e+00	0.000000e+00
1.430000e+00	1.440000e+00	1.000000e+00	0.000000e+00	0.000000e+00
1.440000e+00	1.450000e+00	1.000000e+00	0.000000e+00	0.000000e+00
1.450000e+00	1.460000e+00	1.000000e+00	0.000000e+00	0.000000e+00
1.460000e+00	1.470000e+00	1.000000e+00	0.000000e+00	0.000000e+00
1.470000e+00	1.480000e+00	1.000000e+00	0.000000e+00	0.000000e+00
1.480000e+00	1.490000e+00	1.000000e+00	0.000000e+00	0.000000e+00
1.490000e+00	1.500000e+00	1.000000e+00	0.000000e+00	0.000000e+00
# END HISTO1D

