# BEGIN PLOT
XTwosidedTicks=1
DrawOnly=//nfs/farm/g/theory/qcdsim/shoeche/runs/lhjets/hj/mcnlo/css/run.yoda/LH2017_ZHSHAPES/psi_0.7_1600 //nfs/farm/g/theory/qcdsim/shoeche/runs/lhjets/hj/mcnlo/css-1em/run.yoda/LH2017_ZHSHAPES/psi_0.7_1600 //nfs/farm/g/theory/qcdsim/shoeche/runs/lhjets/hj/nlo/cs/run.yoda/LH2017_ZHSHAPES/psi_0.7_1600
RatioPlotReference=//nfs/farm/g/theory/qcdsim/shoeche/runs/lhjets/hj/nlo/cs/run.yoda/LH2017_ZHSHAPES/psi_0.7_1600
XTwosidedTicks=1
YTwosidedTicks=1
TopMargin=0.0
RatioPlot=1
MainPlot=0
RatioPlotYSize=2.5
XMax=0.7
DrawSpecialInRatio=1
LegendXPos=0.35
LegendYPos=0.8
LogY=1
RatioPlotYLabel=
LegendOnly=//nfs/farm/g/theory/qcdsim/shoeche/runs/lhjets/hj/mcnlo/css/run.yoda/LH2017_ZHSHAPES/psi_0.7_1600 //nfs/farm/g/theory/qcdsim/shoeche/runs/lhjets/hj/mcnlo/css-1em/run.yoda/LH2017_ZHSHAPES/psi_0.7_1600 //nfs/farm/g/theory/qcdsim/shoeche/runs/lhjets/hj/nlo/cs/run.yoda/LH2017_ZHSHAPES/psi_0.7_1600
RatioPlotSameStyle=1
YTwosidedTicks=1
Legend=0
# END PLOT
# BEGIN SPECIAL text
\rput[br](0.95,0.2){$k_T>1600GeV$}
# END SPECIAL

# BEGIN HISTO1D //nfs/farm/g/theory/qcdsim/shoeche/runs/lhjets/hj/mcnlo/css/run.yoda/LH2017_ZHSHAPES/psi_0.7_1600
ErrorBars=1
LineColor=red
LineStyle=solid
Path=//nfs/farm/g/theory/qcdsim/shoeche/runs/lhjets/hj/mcnlo/css/run.yoda/LH2017_ZHSHAPES/psi_0.7_1600
Title=MC@NLO
XLabel=
YLabel=
# xlow	 xhigh	 val	 errminus	 errplus
0.000000e+00	1.000000e-02	3.569200e-01	2.184223e-03	2.184223e-03
1.000000e-02	2.000000e-02	5.105300e-01	2.237185e-03	2.237185e-03
2.000000e-02	3.000000e-02	5.996876e-01	2.152752e-03	2.152752e-03
3.000000e-02	4.000000e-02	6.618417e-01	2.041209e-03	2.041209e-03
4.000000e-02	5.000000e-02	7.076530e-01	1.927109e-03	1.927109e-03
5.000000e-02	6.000000e-02	7.431924e-01	1.816143e-03	1.816143e-03
6.000000e-02	7.000000e-02	7.720480e-01	1.711280e-03	1.711280e-03
7.000000e-02	8.000000e-02	7.955106e-01	1.613778e-03	1.613778e-03
8.000000e-02	9.000000e-02	8.150773e-01	1.523181e-03	1.523181e-03
9.000000e-02	1.000000e-01	8.327629e-01	1.433140e-03	1.433140e-03
1.000000e-01	1.100000e-01	8.470136e-01	1.354790e-03	1.354790e-03
1.100000e-01	1.200000e-01	8.595409e-01	1.281445e-03	1.281445e-03
1.200000e-01	1.300000e-01	8.708982e-01	1.208827e-03	1.208827e-03
1.300000e-01	1.400000e-01	8.804899e-01	1.146210e-03	1.146210e-03
1.400000e-01	1.500000e-01	8.892286e-01	1.084353e-03	1.084353e-03
1.500000e-01	1.600000e-01	8.972488e-01	1.025129e-03	1.025129e-03
1.600000e-01	1.700000e-01	9.044887e-01	9.679573e-04	9.679573e-04
1.700000e-01	1.800000e-01	9.107405e-01	9.181956e-04	9.181956e-04
1.800000e-01	1.900000e-01	9.162930e-01	8.717169e-04	8.717169e-04
1.900000e-01	2.000000e-01	9.216331e-01	8.265187e-04	8.265187e-04
2.000000e-01	2.100000e-01	9.265395e-01	7.819790e-04	7.819790e-04
2.100000e-01	2.200000e-01	9.314345e-01	7.347819e-04	7.347819e-04
2.200000e-01	2.300000e-01	9.358720e-01	6.880240e-04	6.880240e-04
2.300000e-01	2.400000e-01	9.399367e-01	6.469483e-04	6.469483e-04
2.400000e-01	2.500000e-01	9.436357e-01	6.096529e-04	6.096529e-04
2.500000e-01	2.600000e-01	9.469015e-01	5.766073e-04	5.766073e-04
2.600000e-01	2.700000e-01	9.500695e-01	5.403301e-04	5.403301e-04
2.700000e-01	2.800000e-01	9.529787e-01	5.088069e-04	5.088069e-04
2.800000e-01	2.900000e-01	9.559157e-01	4.774413e-04	4.774413e-04
2.900000e-01	3.000000e-01	9.586267e-01	4.490054e-04	4.490054e-04
3.000000e-01	3.100000e-01	9.612054e-01	4.224262e-04	4.224262e-04
3.100000e-01	3.200000e-01	9.636194e-01	3.981102e-04	3.981102e-04
3.200000e-01	3.300000e-01	9.657779e-01	3.753186e-04	3.753186e-04
3.300000e-01	3.400000e-01	9.677482e-01	3.544093e-04	3.544093e-04
3.400000e-01	3.500000e-01	9.699176e-01	3.310958e-04	3.310958e-04
3.500000e-01	3.600000e-01	9.717656e-01	3.119863e-04	3.119863e-04
3.600000e-01	3.700000e-01	9.735394e-01	2.950756e-04	2.950756e-04
3.700000e-01	3.800000e-01	9.751977e-01	2.791308e-04	2.791308e-04
3.800000e-01	3.900000e-01	9.767697e-01	2.645599e-04	2.645599e-04
3.900000e-01	4.000000e-01	9.783948e-01	2.487419e-04	2.487419e-04
4.000000e-01	4.100000e-01	9.798103e-01	2.356103e-04	2.356103e-04
4.100000e-01	4.200000e-01	9.811749e-01	2.217545e-04	2.217545e-04
4.200000e-01	4.300000e-01	9.824413e-01	2.089554e-04	2.089554e-04
4.300000e-01	4.400000e-01	9.836540e-01	1.968786e-04	1.968786e-04
4.400000e-01	4.500000e-01	9.848722e-01	1.846441e-04	1.846441e-04
4.500000e-01	4.600000e-01	9.860062e-01	1.717210e-04	1.717210e-04
4.600000e-01	4.700000e-01	9.870703e-01	1.617242e-04	1.617242e-04
4.700000e-01	4.800000e-01	9.880638e-01	1.513131e-04	1.513131e-04
4.800000e-01	4.900000e-01	9.890264e-01	1.409726e-04	1.409726e-04
4.900000e-01	5.000000e-01	9.898818e-01	1.322376e-04	1.322376e-04
5.000000e-01	5.100000e-01	9.907371e-01	1.229683e-04	1.229683e-04
5.100000e-01	5.200000e-01	9.915324e-01	1.143123e-04	1.143123e-04
5.200000e-01	5.300000e-01	9.923054e-01	1.059170e-04	1.059170e-04
5.300000e-01	5.400000e-01	9.930188e-01	9.785443e-05	9.785443e-05
5.400000e-01	5.500000e-01	9.936900e-01	9.008652e-05	9.008652e-05
5.500000e-01	5.600000e-01	9.943943e-01	8.149878e-05	8.149878e-05
5.600000e-01	5.700000e-01	9.949545e-01	7.513865e-05	7.513865e-05
5.700000e-01	5.800000e-01	9.956361e-01	6.635429e-05	6.635429e-05
5.800000e-01	5.900000e-01	9.961509e-01	6.006865e-05	6.006865e-05
5.900000e-01	6.000000e-01	9.966715e-01	5.347541e-05	5.347541e-05
6.000000e-01	6.100000e-01	9.971608e-01	4.713321e-05	4.713321e-05
6.100000e-01	6.200000e-01	9.976078e-01	4.117079e-05	4.117079e-05
6.200000e-01	6.300000e-01	9.980620e-01	3.556093e-05	3.556093e-05
6.300000e-01	6.400000e-01	9.985104e-01	2.868829e-05	2.868829e-05
6.400000e-01	6.500000e-01	9.988919e-01	2.305847e-05	2.305847e-05
6.500000e-01	6.600000e-01	9.992070e-01	1.767516e-05	1.767516e-05
6.600000e-01	6.700000e-01	9.994834e-01	1.387971e-05	1.387971e-05
6.700000e-01	6.800000e-01	9.997290e-01	8.959085e-06	8.959085e-06
6.800000e-01	6.900000e-01	9.998963e-01	5.910535e-06	5.910535e-06
6.900000e-01	7.000000e-01	9.999627e-01	4.841352e-06	4.841352e-06
7.000000e-01	7.100000e-01	9.999691e-01	3.422369e-06	3.422369e-06
7.100000e-01	7.200000e-01	9.999723e-01	3.423073e-06	3.423073e-06
7.200000e-01	7.300000e-01	9.999773e-01	4.843680e-06	4.843680e-06
7.300000e-01	7.400000e-01	9.999823e-01	3.424788e-06	3.424788e-06
7.400000e-01	7.500000e-01	9.999859e-01	7.161661e-08	7.161661e-08
7.500000e-01	7.600000e-01	9.999877e-01	6.237573e-08	6.237573e-08
7.600000e-01	7.700000e-01	9.999891e-01	5.544513e-08	5.544513e-08
7.700000e-01	7.800000e-01	9.999909e-01	4.620426e-08	4.620426e-08
7.800000e-01	7.900000e-01	9.999927e-01	3.426172e-06	3.426172e-06
7.900000e-01	8.000000e-01	9.999941e-01	3.426104e-06	3.426104e-06
8.000000e-01	8.100000e-01	9.999945e-01	3.425861e-06	3.425861e-06
8.100000e-01	8.200000e-01	9.999955e-01	2.310213e-08	2.310213e-08
8.200000e-01	8.300000e-01	9.999964e-01	1.848181e-08	1.848181e-08
8.300000e-01	8.400000e-01	9.999968e-01	1.617133e-08	1.617133e-08
8.400000e-01	8.500000e-01	9.999973e-01	3.425945e-06	3.425945e-06
8.500000e-01	8.600000e-01	9.999982e-01	9.240958e-09	9.240958e-09
8.600000e-01	8.700000e-01	9.999986e-01	6.931086e-09	6.931086e-09
8.700000e-01	8.800000e-01	9.999991e-01	3.425970e-06	3.425970e-06
8.800000e-01	8.900000e-01	9.999991e-01	3.425970e-06	3.425970e-06
8.900000e-01	9.000000e-01	1.000000e+00	3.425973e-06	3.425973e-06
9.000000e-01	9.100000e-01	1.000000e+00	3.425973e-06	3.425973e-06
9.100000e-01	9.200000e-01	1.000000e+00	3.425973e-06	3.425973e-06
9.200000e-01	9.300000e-01	1.000000e+00	3.425973e-06	3.425973e-06
9.300000e-01	9.400000e-01	1.000000e+00	0.000000e+00	0.000000e+00
9.400000e-01	9.500000e-01	1.000000e+00	0.000000e+00	0.000000e+00
9.500000e-01	9.600000e-01	1.000000e+00	0.000000e+00	0.000000e+00
9.600000e-01	9.700000e-01	1.000000e+00	0.000000e+00	0.000000e+00
9.700000e-01	9.800000e-01	1.000000e+00	0.000000e+00	0.000000e+00
9.800000e-01	9.900000e-01	1.000000e+00	0.000000e+00	0.000000e+00
9.900000e-01	1.000000e+00	1.000000e+00	0.000000e+00	0.000000e+00
1.000000e+00	1.010000e+00	1.000000e+00	0.000000e+00	0.000000e+00
1.010000e+00	1.020000e+00	1.000000e+00	0.000000e+00	0.000000e+00
1.020000e+00	1.030000e+00	1.000000e+00	0.000000e+00	0.000000e+00
1.030000e+00	1.040000e+00	1.000000e+00	0.000000e+00	0.000000e+00
1.040000e+00	1.050000e+00	1.000000e+00	0.000000e+00	0.000000e+00
1.050000e+00	1.060000e+00	1.000000e+00	0.000000e+00	0.000000e+00
1.060000e+00	1.070000e+00	1.000000e+00	0.000000e+00	0.000000e+00
1.070000e+00	1.080000e+00	1.000000e+00	0.000000e+00	0.000000e+00
1.080000e+00	1.090000e+00	1.000000e+00	0.000000e+00	0.000000e+00
1.090000e+00	1.100000e+00	1.000000e+00	0.000000e+00	0.000000e+00
1.100000e+00	1.110000e+00	1.000000e+00	0.000000e+00	0.000000e+00
1.110000e+00	1.120000e+00	1.000000e+00	0.000000e+00	0.000000e+00
1.120000e+00	1.130000e+00	1.000000e+00	0.000000e+00	0.000000e+00
1.130000e+00	1.140000e+00	1.000000e+00	0.000000e+00	0.000000e+00
1.140000e+00	1.150000e+00	1.000000e+00	0.000000e+00	0.000000e+00
1.150000e+00	1.160000e+00	1.000000e+00	0.000000e+00	0.000000e+00
1.160000e+00	1.170000e+00	1.000000e+00	0.000000e+00	0.000000e+00
1.170000e+00	1.180000e+00	1.000000e+00	0.000000e+00	0.000000e+00
1.180000e+00	1.190000e+00	1.000000e+00	0.000000e+00	0.000000e+00
1.190000e+00	1.200000e+00	1.000000e+00	0.000000e+00	0.000000e+00
1.200000e+00	1.210000e+00	1.000000e+00	0.000000e+00	0.000000e+00
1.210000e+00	1.220000e+00	1.000000e+00	0.000000e+00	0.000000e+00
1.220000e+00	1.230000e+00	1.000000e+00	0.000000e+00	0.000000e+00
1.230000e+00	1.240000e+00	1.000000e+00	0.000000e+00	0.000000e+00
1.240000e+00	1.250000e+00	1.000000e+00	0.000000e+00	0.000000e+00
1.250000e+00	1.260000e+00	1.000000e+00	0.000000e+00	0.000000e+00
1.260000e+00	1.270000e+00	1.000000e+00	0.000000e+00	0.000000e+00
1.270000e+00	1.280000e+00	1.000000e+00	0.000000e+00	0.000000e+00
1.280000e+00	1.290000e+00	1.000000e+00	0.000000e+00	0.000000e+00
1.290000e+00	1.300000e+00	1.000000e+00	0.000000e+00	0.000000e+00
1.300000e+00	1.310000e+00	1.000000e+00	0.000000e+00	0.000000e+00
1.310000e+00	1.320000e+00	1.000000e+00	0.000000e+00	0.000000e+00
1.320000e+00	1.330000e+00	1.000000e+00	0.000000e+00	0.000000e+00
1.330000e+00	1.340000e+00	1.000000e+00	0.000000e+00	0.000000e+00
1.340000e+00	1.350000e+00	1.000000e+00	0.000000e+00	0.000000e+00
1.350000e+00	1.360000e+00	1.000000e+00	0.000000e+00	0.000000e+00
1.360000e+00	1.370000e+00	1.000000e+00	0.000000e+00	0.000000e+00
1.370000e+00	1.380000e+00	1.000000e+00	0.000000e+00	0.000000e+00
1.380000e+00	1.390000e+00	1.000000e+00	0.000000e+00	0.000000e+00
1.390000e+00	1.400000e+00	1.000000e+00	0.000000e+00	0.000000e+00
1.400000e+00	1.410000e+00	1.000000e+00	0.000000e+00	0.000000e+00
1.410000e+00	1.420000e+00	1.000000e+00	0.000000e+00	0.000000e+00
1.420000e+00	1.430000e+00	1.000000e+00	0.000000e+00	0.000000e+00
1.430000e+00	1.440000e+00	1.000000e+00	0.000000e+00	0.000000e+00
1.440000e+00	1.450000e+00	1.000000e+00	0.000000e+00	0.000000e+00
1.450000e+00	1.460000e+00	1.000000e+00	0.000000e+00	0.000000e+00
1.460000e+00	1.470000e+00	1.000000e+00	0.000000e+00	0.000000e+00
1.470000e+00	1.480000e+00	1.000000e+00	0.000000e+00	0.000000e+00
1.480000e+00	1.490000e+00	1.000000e+00	0.000000e+00	0.000000e+00
1.490000e+00	1.500000e+00	1.000000e+00	0.000000e+00	0.000000e+00
# END HISTO1D

# BEGIN HISTO1D //nfs/farm/g/theory/qcdsim/shoeche/runs/lhjets/hj/mcnlo/css-1em/run.yoda/LH2017_ZHSHAPES/psi_0.7_1600
ErrorBars=1
LineColor=blue
LineStyle=solid
Path=//nfs/farm/g/theory/qcdsim/shoeche/runs/lhjets/hj/mcnlo/css-1em/run.yoda/LH2017_ZHSHAPES/psi_0.7_1600
Title=MC@NLO~1em
XLabel=
YLabel=
# xlow	 xhigh	 val	 errminus	 errplus
0.000000e+00	1.000000e-02	8.074603e-01	4.274642e-03	4.274642e-03
1.000000e-02	2.000000e-02	8.252548e-01	4.095781e-03	4.095781e-03
2.000000e-02	3.000000e-02	8.424078e-01	3.902396e-03	3.902396e-03
3.000000e-02	4.000000e-02	8.583209e-01	3.700616e-03	3.700616e-03
4.000000e-02	5.000000e-02	8.720290e-01	3.511085e-03	3.511085e-03
5.000000e-02	6.000000e-02	8.856869e-01	3.306206e-03	3.306206e-03
6.000000e-02	7.000000e-02	8.941457e-01	3.171070e-03	3.171070e-03
7.000000e-02	8.000000e-02	9.031646e-01	3.008644e-03	3.008644e-03
8.000000e-02	9.000000e-02	9.122720e-01	2.835981e-03	2.835981e-03
9.000000e-02	1.000000e-01	9.208104e-01	2.656944e-03	2.656944e-03
1.000000e-01	1.100000e-01	9.276199e-01	2.510480e-03	2.510480e-03
1.100000e-01	1.200000e-01	9.326273e-01	2.397796e-03	2.397796e-03
1.200000e-01	1.300000e-01	9.374082e-01	2.287431e-03	2.287431e-03
1.300000e-01	1.400000e-01	9.428617e-01	2.148891e-03	2.148891e-03
1.400000e-01	1.500000e-01	9.470119e-01	2.037451e-03	2.037451e-03
1.500000e-01	1.600000e-01	9.519460e-01	1.880010e-03	1.880010e-03
1.600000e-01	1.700000e-01	9.553524e-01	1.772616e-03	1.772616e-03
1.700000e-01	1.800000e-01	9.581330e-01	1.689949e-03	1.689949e-03
1.800000e-01	1.900000e-01	9.607753e-01	1.603318e-03	1.603318e-03
1.900000e-01	2.000000e-01	9.632502e-01	1.525415e-03	1.525415e-03
2.000000e-01	2.100000e-01	9.651645e-01	1.464110e-03	1.464110e-03
2.100000e-01	2.200000e-01	9.676027e-01	1.381850e-03	1.381850e-03
2.200000e-01	2.300000e-01	9.696222e-01	1.303014e-03	1.303014e-03
2.300000e-01	2.400000e-01	9.718925e-01	1.219616e-03	1.219616e-03
2.400000e-01	2.500000e-01	9.734968e-01	1.163488e-03	1.163488e-03
2.500000e-01	2.600000e-01	9.748484e-01	1.121238e-03	1.121238e-03
2.600000e-01	2.700000e-01	9.772450e-01	1.019053e-03	1.019053e-03
2.700000e-01	2.800000e-01	9.797827e-01	9.131754e-04	9.131754e-04
2.800000e-01	2.900000e-01	9.810684e-01	8.590176e-04	8.590176e-04
2.900000e-01	3.000000e-01	9.825002e-01	7.815080e-04	7.815080e-04
3.000000e-01	3.100000e-01	9.839293e-01	7.336248e-04	7.336248e-04
3.100000e-01	3.200000e-01	9.848930e-01	6.968924e-04	6.968924e-04
3.200000e-01	3.300000e-01	9.865131e-01	6.292083e-04	6.292083e-04
3.300000e-01	3.400000e-01	9.874045e-01	5.868261e-04	5.868261e-04
3.400000e-01	3.500000e-01	9.882591e-01	5.529957e-04	5.529957e-04
3.500000e-01	3.600000e-01	9.896666e-01	5.008487e-04	5.008487e-04
3.600000e-01	3.700000e-01	9.906979e-01	4.626920e-04	4.626920e-04
3.700000e-01	3.800000e-01	9.915242e-01	4.340979e-04	4.340979e-04
3.800000e-01	3.900000e-01	9.920651e-01	4.135986e-04	4.135986e-04
3.900000e-01	4.000000e-01	9.926040e-01	3.937042e-04	3.937042e-04
4.000000e-01	4.100000e-01	9.933354e-01	3.647338e-04	3.647338e-04
4.100000e-01	4.200000e-01	9.938895e-01	3.451973e-04	3.451973e-04
4.200000e-01	4.300000e-01	9.944541e-01	3.234008e-04	3.234008e-04
4.300000e-01	4.400000e-01	9.949649e-01	3.037787e-04	3.037787e-04
4.400000e-01	4.500000e-01	9.954541e-01	2.845722e-04	2.845722e-04
4.500000e-01	4.600000e-01	9.958057e-01	2.700236e-04	2.700236e-04
4.600000e-01	4.700000e-01	9.962209e-01	2.508745e-04	2.508745e-04
4.700000e-01	4.800000e-01	9.965681e-01	2.348919e-04	2.348919e-04
4.800000e-01	4.900000e-01	9.970351e-01	2.139073e-04	2.139073e-04
4.900000e-01	5.000000e-01	9.973382e-01	1.987092e-04	1.987092e-04
5.000000e-01	5.100000e-01	9.976648e-01	1.818156e-04	1.818156e-04
5.100000e-01	5.200000e-01	9.979708e-01	1.658645e-04	1.658645e-04
5.200000e-01	5.300000e-01	9.982226e-01	1.505476e-04	1.505476e-04
5.300000e-01	5.400000e-01	9.983905e-01	1.409081e-04	1.409081e-04
5.400000e-01	5.500000e-01	9.985398e-01	1.326762e-04	1.326762e-04
5.500000e-01	5.600000e-01	9.987515e-01	1.195748e-04	1.195748e-04
5.600000e-01	5.700000e-01	9.991191e-01	9.762216e-05	9.762216e-05
5.700000e-01	5.800000e-01	9.994583e-01	6.928929e-05	6.928929e-05
5.800000e-01	5.900000e-01	9.995564e-01	6.038958e-05	6.038958e-05
5.900000e-01	6.000000e-01	9.996310e-01	5.394542e-05	5.394542e-05
6.000000e-01	6.100000e-01	9.997188e-01	4.415563e-05	4.415563e-05
6.100000e-01	6.200000e-01	9.997519e-01	4.067204e-05	4.067204e-05
6.200000e-01	6.300000e-01	9.998605e-01	3.106177e-05	3.106177e-05
6.300000e-01	6.400000e-01	9.999107e-01	2.279959e-05	2.279959e-05
6.400000e-01	6.500000e-01	9.999737e-01	9.955473e-06	9.955473e-06
6.500000e-01	6.600000e-01	9.999788e-01	9.956891e-06	9.956891e-06
6.600000e-01	6.700000e-01	9.999956e-01	4.979549e-06	4.979549e-06
6.700000e-01	6.800000e-01	9.999968e-01	4.979897e-06	4.979897e-06
6.800000e-01	6.900000e-01	1.000000e+00	0.000000e+00	0.000000e+00
6.900000e-01	7.000000e-01	1.000000e+00	0.000000e+00	0.000000e+00
7.000000e-01	7.100000e-01	1.000000e+00	0.000000e+00	0.000000e+00
7.100000e-01	7.200000e-01	1.000000e+00	0.000000e+00	0.000000e+00
7.200000e-01	7.300000e-01	1.000000e+00	0.000000e+00	0.000000e+00
7.300000e-01	7.400000e-01	1.000000e+00	0.000000e+00	0.000000e+00
7.400000e-01	7.500000e-01	1.000000e+00	0.000000e+00	0.000000e+00
7.500000e-01	7.600000e-01	1.000000e+00	0.000000e+00	0.000000e+00
7.600000e-01	7.700000e-01	1.000000e+00	0.000000e+00	0.000000e+00
7.700000e-01	7.800000e-01	1.000000e+00	0.000000e+00	0.000000e+00
7.800000e-01	7.900000e-01	1.000000e+00	0.000000e+00	0.000000e+00
7.900000e-01	8.000000e-01	1.000000e+00	0.000000e+00	0.000000e+00
8.000000e-01	8.100000e-01	1.000000e+00	0.000000e+00	0.000000e+00
8.100000e-01	8.200000e-01	1.000000e+00	0.000000e+00	0.000000e+00
8.200000e-01	8.300000e-01	1.000000e+00	0.000000e+00	0.000000e+00
8.300000e-01	8.400000e-01	1.000000e+00	0.000000e+00	0.000000e+00
8.400000e-01	8.500000e-01	1.000000e+00	0.000000e+00	0.000000e+00
8.500000e-01	8.600000e-01	1.000000e+00	0.000000e+00	0.000000e+00
8.600000e-01	8.700000e-01	1.000000e+00	0.000000e+00	0.000000e+00
8.700000e-01	8.800000e-01	1.000000e+00	0.000000e+00	0.000000e+00
8.800000e-01	8.900000e-01	1.000000e+00	0.000000e+00	0.000000e+00
8.900000e-01	9.000000e-01	1.000000e+00	0.000000e+00	0.000000e+00
9.000000e-01	9.100000e-01	1.000000e+00	0.000000e+00	0.000000e+00
9.100000e-01	9.200000e-01	1.000000e+00	0.000000e+00	0.000000e+00
9.200000e-01	9.300000e-01	1.000000e+00	0.000000e+00	0.000000e+00
9.300000e-01	9.400000e-01	1.000000e+00	0.000000e+00	0.000000e+00
9.400000e-01	9.500000e-01	1.000000e+00	0.000000e+00	0.000000e+00
9.500000e-01	9.600000e-01	1.000000e+00	0.000000e+00	0.000000e+00
9.600000e-01	9.700000e-01	1.000000e+00	0.000000e+00	0.000000e+00
9.700000e-01	9.800000e-01	1.000000e+00	0.000000e+00	0.000000e+00
9.800000e-01	9.900000e-01	1.000000e+00	0.000000e+00	0.000000e+00
9.900000e-01	1.000000e+00	1.000000e+00	0.000000e+00	0.000000e+00
1.000000e+00	1.010000e+00	1.000000e+00	0.000000e+00	0.000000e+00
1.010000e+00	1.020000e+00	1.000000e+00	0.000000e+00	0.000000e+00
1.020000e+00	1.030000e+00	1.000000e+00	0.000000e+00	0.000000e+00
1.030000e+00	1.040000e+00	1.000000e+00	0.000000e+00	0.000000e+00
1.040000e+00	1.050000e+00	1.000000e+00	0.000000e+00	0.000000e+00
1.050000e+00	1.060000e+00	1.000000e+00	0.000000e+00	0.000000e+00
1.060000e+00	1.070000e+00	1.000000e+00	0.000000e+00	0.000000e+00
1.070000e+00	1.080000e+00	1.000000e+00	0.000000e+00	0.000000e+00
1.080000e+00	1.090000e+00	1.000000e+00	0.000000e+00	0.000000e+00
1.090000e+00	1.100000e+00	1.000000e+00	0.000000e+00	0.000000e+00
1.100000e+00	1.110000e+00	1.000000e+00	0.000000e+00	0.000000e+00
1.110000e+00	1.120000e+00	1.000000e+00	0.000000e+00	0.000000e+00
1.120000e+00	1.130000e+00	1.000000e+00	0.000000e+00	0.000000e+00
1.130000e+00	1.140000e+00	1.000000e+00	0.000000e+00	0.000000e+00
1.140000e+00	1.150000e+00	1.000000e+00	0.000000e+00	0.000000e+00
1.150000e+00	1.160000e+00	1.000000e+00	0.000000e+00	0.000000e+00
1.160000e+00	1.170000e+00	1.000000e+00	0.000000e+00	0.000000e+00
1.170000e+00	1.180000e+00	1.000000e+00	0.000000e+00	0.000000e+00
1.180000e+00	1.190000e+00	1.000000e+00	0.000000e+00	0.000000e+00
1.190000e+00	1.200000e+00	1.000000e+00	0.000000e+00	0.000000e+00
1.200000e+00	1.210000e+00	1.000000e+00	0.000000e+00	0.000000e+00
1.210000e+00	1.220000e+00	1.000000e+00	0.000000e+00	0.000000e+00
1.220000e+00	1.230000e+00	1.000000e+00	0.000000e+00	0.000000e+00
1.230000e+00	1.240000e+00	1.000000e+00	0.000000e+00	0.000000e+00
1.240000e+00	1.250000e+00	1.000000e+00	0.000000e+00	0.000000e+00
1.250000e+00	1.260000e+00	1.000000e+00	0.000000e+00	0.000000e+00
1.260000e+00	1.270000e+00	1.000000e+00	0.000000e+00	0.000000e+00
1.270000e+00	1.280000e+00	1.000000e+00	0.000000e+00	0.000000e+00
1.280000e+00	1.290000e+00	1.000000e+00	0.000000e+00	0.000000e+00
1.290000e+00	1.300000e+00	1.000000e+00	0.000000e+00	0.000000e+00
1.300000e+00	1.310000e+00	1.000000e+00	0.000000e+00	0.000000e+00
1.310000e+00	1.320000e+00	1.000000e+00	0.000000e+00	0.000000e+00
1.320000e+00	1.330000e+00	1.000000e+00	0.000000e+00	0.000000e+00
1.330000e+00	1.340000e+00	1.000000e+00	0.000000e+00	0.000000e+00
1.340000e+00	1.350000e+00	1.000000e+00	0.000000e+00	0.000000e+00
1.350000e+00	1.360000e+00	1.000000e+00	0.000000e+00	0.000000e+00
1.360000e+00	1.370000e+00	1.000000e+00	0.000000e+00	0.000000e+00
1.370000e+00	1.380000e+00	1.000000e+00	0.000000e+00	0.000000e+00
1.380000e+00	1.390000e+00	1.000000e+00	0.000000e+00	0.000000e+00
1.390000e+00	1.400000e+00	1.000000e+00	0.000000e+00	0.000000e+00
1.400000e+00	1.410000e+00	1.000000e+00	0.000000e+00	0.000000e+00
1.410000e+00	1.420000e+00	1.000000e+00	0.000000e+00	0.000000e+00
1.420000e+00	1.430000e+00	1.000000e+00	0.000000e+00	0.000000e+00
1.430000e+00	1.440000e+00	1.000000e+00	0.000000e+00	0.000000e+00
1.440000e+00	1.450000e+00	1.000000e+00	0.000000e+00	0.000000e+00
1.450000e+00	1.460000e+00	1.000000e+00	0.000000e+00	0.000000e+00
1.460000e+00	1.470000e+00	1.000000e+00	0.000000e+00	0.000000e+00
1.470000e+00	1.480000e+00	1.000000e+00	0.000000e+00	0.000000e+00
1.480000e+00	1.490000e+00	1.000000e+00	0.000000e+00	0.000000e+00
1.490000e+00	1.500000e+00	1.000000e+00	0.000000e+00	0.000000e+00
# END HISTO1D

# BEGIN HISTO1D //nfs/farm/g/theory/qcdsim/shoeche/runs/lhjets/hj/nlo/cs/run.yoda/LH2017_ZHSHAPES/psi_0.7_1600
ErrorBars=0
LineColor={[HTML]{2da334}}
LineStyle=solid
Path=//nfs/farm/g/theory/qcdsim/shoeche/runs/lhjets/hj/nlo/cs/run.yoda/LH2017_ZHSHAPES/psi_0.7_1600
Title=NLO
XLabel=
YLabel=
# xlow	 xhigh	 val	 errminus	 errplus
0.000000e+00	1.000000e-02	6.298819e-01	nan	nan
1.000000e-02	2.000000e-02	7.446144e-01	nan	nan
2.000000e-02	3.000000e-02	7.991298e-01	nan	nan
3.000000e-02	4.000000e-02	8.339561e-01	nan	nan
4.000000e-02	5.000000e-02	8.584203e-01	nan	nan
5.000000e-02	6.000000e-02	8.765590e-01	nan	nan
6.000000e-02	7.000000e-02	8.913510e-01	nan	nan
7.000000e-02	8.000000e-02	9.028688e-01	nan	nan
8.000000e-02	9.000000e-02	9.127077e-01	nan	nan
9.000000e-02	1.000000e-01	9.222951e-01	nan	nan
1.000000e-01	1.100000e-01	9.289429e-01	nan	nan
1.100000e-01	1.200000e-01	9.356418e-01	nan	nan
1.200000e-01	1.300000e-01	9.410469e-01	nan	nan
1.300000e-01	1.400000e-01	9.454206e-01	nan	nan
1.400000e-01	1.500000e-01	9.495646e-01	nan	nan
1.500000e-01	1.600000e-01	9.533161e-01	nan	nan
1.600000e-01	1.700000e-01	9.570137e-01	nan	nan
1.700000e-01	1.800000e-01	9.604277e-01	nan	nan
1.800000e-01	1.900000e-01	9.633773e-01	nan	nan
1.900000e-01	2.000000e-01	9.659070e-01	nan	nan
2.000000e-01	2.100000e-01	9.680929e-01	nan	nan
2.100000e-01	2.200000e-01	9.701941e-01	nan	nan
2.200000e-01	2.300000e-01	9.724711e-01	nan	nan
2.300000e-01	2.400000e-01	9.742719e-01	nan	nan
2.400000e-01	2.500000e-01	9.761737e-01	nan	nan
2.500000e-01	2.600000e-01	9.777673e-01	nan	nan
2.600000e-01	2.700000e-01	9.792065e-01	nan	nan
2.700000e-01	2.800000e-01	9.808276e-01	nan	nan
2.800000e-01	2.900000e-01	9.821134e-01	nan	nan
2.900000e-01	3.000000e-01	9.834583e-01	nan	nan
3.000000e-01	3.100000e-01	9.845302e-01	nan	nan
3.100000e-01	3.200000e-01	9.855651e-01	nan	nan
3.200000e-01	3.300000e-01	9.864781e-01	nan	nan
3.300000e-01	3.400000e-01	9.873827e-01	nan	nan
3.400000e-01	3.500000e-01	9.882772e-01	nan	nan
3.500000e-01	3.600000e-01	9.890723e-01	nan	nan
3.600000e-01	3.700000e-01	9.899124e-01	nan	nan
3.700000e-01	3.800000e-01	9.906103e-01	nan	nan
3.800000e-01	3.900000e-01	9.913027e-01	nan	nan
3.900000e-01	4.000000e-01	9.919349e-01	nan	nan
4.000000e-01	4.100000e-01	9.925161e-01	nan	nan
4.100000e-01	4.200000e-01	9.931029e-01	nan	nan
4.200000e-01	4.300000e-01	9.936380e-01	nan	nan
4.300000e-01	4.400000e-01	9.941585e-01	nan	nan
4.400000e-01	4.500000e-01	9.947375e-01	nan	nan
4.500000e-01	4.600000e-01	9.951794e-01	nan	nan
4.600000e-01	4.700000e-01	9.955955e-01	nan	nan
4.700000e-01	4.800000e-01	9.959801e-01	nan	nan
4.800000e-01	4.900000e-01	9.963395e-01	nan	nan
4.900000e-01	5.000000e-01	9.966764e-01	nan	nan
5.000000e-01	5.100000e-01	9.970195e-01	nan	nan
5.100000e-01	5.200000e-01	9.973423e-01	nan	nan
5.200000e-01	5.300000e-01	9.976388e-01	nan	nan
5.300000e-01	5.400000e-01	9.978887e-01	nan	nan
5.400000e-01	5.500000e-01	9.981762e-01	nan	nan
5.500000e-01	5.600000e-01	9.984463e-01	nan	nan
5.600000e-01	5.700000e-01	9.986451e-01	nan	nan
5.700000e-01	5.800000e-01	9.988292e-01	nan	nan
5.800000e-01	5.900000e-01	9.990112e-01	nan	nan
5.900000e-01	6.000000e-01	9.991667e-01	nan	nan
6.000000e-01	6.100000e-01	9.993060e-01	nan	nan
6.100000e-01	6.200000e-01	9.994340e-01	nan	nan
6.200000e-01	6.300000e-01	9.995339e-01	nan	nan
6.300000e-01	6.400000e-01	9.996294e-01	nan	nan
6.400000e-01	6.500000e-01	9.998063e-01	nan	nan
6.500000e-01	6.600000e-01	9.998821e-01	nan	nan
6.600000e-01	6.700000e-01	9.999337e-01	nan	nan
6.700000e-01	6.800000e-01	9.999753e-01	nan	nan
6.800000e-01	6.900000e-01	9.999944e-01	nan	nan
6.900000e-01	7.000000e-01	1.000000e+00	nan	nan
7.000000e-01	7.100000e-01	1.000000e+00	nan	nan
7.100000e-01	7.200000e-01	1.000000e+00	nan	nan
7.200000e-01	7.300000e-01	1.000000e+00	nan	nan
7.300000e-01	7.400000e-01	1.000000e+00	nan	nan
7.400000e-01	7.500000e-01	1.000000e+00	nan	nan
7.500000e-01	7.600000e-01	1.000000e+00	nan	nan
7.600000e-01	7.700000e-01	1.000000e+00	nan	nan
7.700000e-01	7.800000e-01	1.000000e+00	nan	nan
7.800000e-01	7.900000e-01	1.000000e+00	nan	nan
7.900000e-01	8.000000e-01	1.000000e+00	nan	nan
8.000000e-01	8.100000e-01	1.000000e+00	nan	nan
8.100000e-01	8.200000e-01	1.000000e+00	nan	nan
8.200000e-01	8.300000e-01	1.000000e+00	nan	nan
8.300000e-01	8.400000e-01	1.000000e+00	nan	nan
8.400000e-01	8.500000e-01	1.000000e+00	nan	nan
8.500000e-01	8.600000e-01	1.000000e+00	nan	nan
8.600000e-01	8.700000e-01	1.000000e+00	nan	nan
8.700000e-01	8.800000e-01	1.000000e+00	nan	nan
8.800000e-01	8.900000e-01	1.000000e+00	nan	nan
8.900000e-01	9.000000e-01	1.000000e+00	nan	nan
9.000000e-01	9.100000e-01	1.000000e+00	nan	nan
9.100000e-01	9.200000e-01	1.000000e+00	nan	nan
9.200000e-01	9.300000e-01	1.000000e+00	nan	nan
9.300000e-01	9.400000e-01	1.000000e+00	nan	nan
9.400000e-01	9.500000e-01	1.000000e+00	nan	nan
9.500000e-01	9.600000e-01	1.000000e+00	nan	nan
9.600000e-01	9.700000e-01	1.000000e+00	nan	nan
9.700000e-01	9.800000e-01	1.000000e+00	nan	nan
9.800000e-01	9.900000e-01	1.000000e+00	nan	nan
9.900000e-01	1.000000e+00	1.000000e+00	nan	nan
1.000000e+00	1.010000e+00	1.000000e+00	nan	nan
1.010000e+00	1.020000e+00	1.000000e+00	nan	nan
1.020000e+00	1.030000e+00	1.000000e+00	nan	nan
1.030000e+00	1.040000e+00	1.000000e+00	nan	nan
1.040000e+00	1.050000e+00	1.000000e+00	nan	nan
1.050000e+00	1.060000e+00	1.000000e+00	nan	nan
1.060000e+00	1.070000e+00	1.000000e+00	nan	nan
1.070000e+00	1.080000e+00	1.000000e+00	nan	nan
1.080000e+00	1.090000e+00	1.000000e+00	nan	nan
1.090000e+00	1.100000e+00	1.000000e+00	nan	nan
1.100000e+00	1.110000e+00	1.000000e+00	nan	nan
1.110000e+00	1.120000e+00	1.000000e+00	nan	nan
1.120000e+00	1.130000e+00	1.000000e+00	nan	nan
1.130000e+00	1.140000e+00	1.000000e+00	nan	nan
1.140000e+00	1.150000e+00	1.000000e+00	nan	nan
1.150000e+00	1.160000e+00	1.000000e+00	nan	nan
1.160000e+00	1.170000e+00	1.000000e+00	nan	nan
1.170000e+00	1.180000e+00	1.000000e+00	nan	nan
1.180000e+00	1.190000e+00	1.000000e+00	nan	nan
1.190000e+00	1.200000e+00	1.000000e+00	nan	nan
1.200000e+00	1.210000e+00	1.000000e+00	nan	nan
1.210000e+00	1.220000e+00	1.000000e+00	nan	nan
1.220000e+00	1.230000e+00	1.000000e+00	nan	nan
1.230000e+00	1.240000e+00	1.000000e+00	nan	nan
1.240000e+00	1.250000e+00	1.000000e+00	nan	nan
1.250000e+00	1.260000e+00	1.000000e+00	nan	nan
1.260000e+00	1.270000e+00	1.000000e+00	nan	nan
1.270000e+00	1.280000e+00	1.000000e+00	nan	nan
1.280000e+00	1.290000e+00	1.000000e+00	nan	nan
1.290000e+00	1.300000e+00	1.000000e+00	nan	nan
1.300000e+00	1.310000e+00	1.000000e+00	nan	nan
1.310000e+00	1.320000e+00	1.000000e+00	nan	nan
1.320000e+00	1.330000e+00	1.000000e+00	nan	nan
1.330000e+00	1.340000e+00	1.000000e+00	nan	nan
1.340000e+00	1.350000e+00	1.000000e+00	nan	nan
1.350000e+00	1.360000e+00	1.000000e+00	nan	nan
1.360000e+00	1.370000e+00	1.000000e+00	nan	nan
1.370000e+00	1.380000e+00	1.000000e+00	nan	nan
1.380000e+00	1.390000e+00	1.000000e+00	nan	nan
1.390000e+00	1.400000e+00	1.000000e+00	nan	nan
1.400000e+00	1.410000e+00	1.000000e+00	nan	nan
1.410000e+00	1.420000e+00	1.000000e+00	nan	nan
1.420000e+00	1.430000e+00	1.000000e+00	nan	nan
1.430000e+00	1.440000e+00	1.000000e+00	nan	nan
1.440000e+00	1.450000e+00	1.000000e+00	nan	nan
1.450000e+00	1.460000e+00	1.000000e+00	nan	nan
1.460000e+00	1.470000e+00	1.000000e+00	nan	nan
1.470000e+00	1.480000e+00	1.000000e+00	nan	nan
1.480000e+00	1.490000e+00	1.000000e+00	nan	nan
1.490000e+00	1.500000e+00	1.000000e+00	nan	nan
# END HISTO1D

