# BEGIN PLOT
XTwosidedTicks=1
DrawOnly=//nfs/farm/g/theory/qcdsim/shoeche/runs/lhjets/hj/mcnlo/css/run.yoda/LH2017_ZHSHAPES/psi_0.5_800 //nfs/farm/g/theory/qcdsim/shoeche/runs/lhjets/hj/mcnlo/css-1em/run.yoda/LH2017_ZHSHAPES/psi_0.5_800 //nfs/farm/g/theory/qcdsim/shoeche/runs/lhjets/hj/nlo/cs/run.yoda/LH2017_ZHSHAPES/psi_0.5_800
RatioPlotReference=//nfs/farm/g/theory/qcdsim/shoeche/runs/lhjets/hj/nlo/cs/run.yoda/LH2017_ZHSHAPES/psi_0.5_800
XTwosidedTicks=1
YTwosidedTicks=1
TopMargin=0.0
RatioPlot=1
BottomMargin=0.0
MainPlot=0
RatioPlotYSize=2.5
XMax=0.5
DrawSpecialInRatio=1
LegendXPos=0.35
LegendYPos=0.8
LogY=1
RatioPlotYLabel=
LegendOnly=//nfs/farm/g/theory/qcdsim/shoeche/runs/lhjets/hj/mcnlo/css/run.yoda/LH2017_ZHSHAPES/psi_0.5_800
RatioPlotSameStyle=1
YTwosidedTicks=1
Legend=1
# END PLOT
# BEGIN SPECIAL text
\rput[br](0.95,0.2){$k_T>800GeV$}
# END SPECIAL

# BEGIN HISTO1D //nfs/farm/g/theory/qcdsim/shoeche/runs/lhjets/hj/mcnlo/css/run.yoda/LH2017_ZHSHAPES/psi_0.5_800
ErrorBars=1
LineColor=red
LineStyle=solid
Path=//nfs/farm/g/theory/qcdsim/shoeche/runs/lhjets/hj/mcnlo/css/run.yoda/LH2017_ZHSHAPES/psi_0.5_800
Title=MC@NLO
XLabel=
YLabel=
# xlow	 xhigh	 val	 errminus	 errplus
0.000000e+00	1.000000e-02	3.412740e-01	5.994983e-04	5.994983e-04
1.000000e-02	2.000000e-02	5.062134e-01	6.112093e-04	6.112093e-04
2.000000e-02	3.000000e-02	6.041434e-01	5.816713e-04	5.816713e-04
3.000000e-02	4.000000e-02	6.711910e-01	5.443556e-04	5.443556e-04
4.000000e-02	5.000000e-02	7.205085e-01	5.067427e-04	5.067427e-04
5.000000e-02	6.000000e-02	7.584717e-01	4.709931e-04	4.709931e-04
6.000000e-02	7.000000e-02	7.886454e-01	4.374591e-04	4.374591e-04
7.000000e-02	8.000000e-02	8.135293e-01	4.060202e-04	4.060202e-04
8.000000e-02	9.000000e-02	8.341281e-01	3.766921e-04	3.766921e-04
9.000000e-02	1.000000e-01	8.515623e-01	3.492677e-04	3.492677e-04
1.000000e-01	1.100000e-01	8.665204e-01	3.239815e-04	3.239815e-04
1.100000e-01	1.200000e-01	8.794612e-01	3.003429e-04	3.003429e-04
1.200000e-01	1.300000e-01	8.908983e-01	2.780822e-04	2.780822e-04
1.300000e-01	1.400000e-01	9.010446e-01	2.569065e-04	2.569065e-04
1.400000e-01	1.500000e-01	9.099653e-01	2.374306e-04	2.374306e-04
1.500000e-01	1.600000e-01	9.179868e-01	2.189586e-04	2.189586e-04
1.600000e-01	1.700000e-01	9.251174e-01	2.021681e-04	2.021681e-04
1.700000e-01	1.800000e-01	9.315980e-01	1.861228e-04	1.861228e-04
1.800000e-01	1.900000e-01	9.373924e-01	1.712986e-04	1.712986e-04
1.900000e-01	2.000000e-01	9.426892e-01	1.574608e-04	1.574608e-04
2.000000e-01	2.100000e-01	9.475321e-01	1.443940e-04	1.443940e-04
2.100000e-01	2.200000e-01	9.519473e-01	1.324334e-04	1.324334e-04
2.200000e-01	2.300000e-01	9.560665e-01	1.215741e-04	1.215741e-04
2.300000e-01	2.400000e-01	9.598314e-01	1.119500e-04	1.119500e-04
2.400000e-01	2.500000e-01	9.632928e-01	1.029549e-04	1.029549e-04
2.500000e-01	2.600000e-01	9.664975e-01	9.508922e-05	9.508922e-05
2.600000e-01	2.700000e-01	9.694984e-01	8.760460e-05	8.760460e-05
2.700000e-01	2.800000e-01	9.722210e-01	8.104269e-05	8.104269e-05
2.800000e-01	2.900000e-01	9.747679e-01	7.477582e-05	7.477582e-05
2.900000e-01	3.000000e-01	9.771259e-01	6.899726e-05	6.899726e-05
3.000000e-01	3.100000e-01	9.793034e-01	6.357580e-05	6.357580e-05
3.100000e-01	3.200000e-01	9.813626e-01	5.840007e-05	5.840007e-05
3.200000e-01	3.300000e-01	9.832835e-01	5.343273e-05	5.343273e-05
3.300000e-01	3.400000e-01	9.850692e-01	4.877216e-05	4.877216e-05
3.400000e-01	3.500000e-01	9.867186e-01	4.435554e-05	4.435554e-05
3.500000e-01	3.600000e-01	9.882420e-01	4.016198e-05	4.016198e-05
3.600000e-01	3.700000e-01	9.896583e-01	3.631164e-05	3.631164e-05
3.700000e-01	3.800000e-01	9.909769e-01	3.258302e-05	3.258302e-05
3.800000e-01	3.900000e-01	9.922099e-01	2.902390e-05	2.902390e-05
3.900000e-01	4.000000e-01	9.933565e-01	2.558164e-05	2.558164e-05
4.000000e-01	4.100000e-01	9.944006e-01	2.249788e-05	2.249788e-05
4.100000e-01	4.200000e-01	9.953808e-01	1.941410e-05	1.941410e-05
4.200000e-01	4.300000e-01	9.962849e-01	1.646311e-05	1.646311e-05
4.300000e-01	4.400000e-01	9.971138e-01	1.362331e-05	1.362331e-05
4.400000e-01	4.500000e-01	9.978600e-01	1.092637e-05	1.092637e-05
4.500000e-01	4.600000e-01	9.985245e-01	8.441946e-06	8.441946e-06
4.600000e-01	4.700000e-01	9.990912e-01	6.013463e-06	6.013463e-06
4.700000e-01	4.800000e-01	9.995461e-01	3.581015e-06	3.581015e-06
4.800000e-01	4.900000e-01	9.998553e-01	1.933965e-06	1.933965e-06
4.900000e-01	5.000000e-01	9.999596e-01	1.374009e-06	1.374009e-06
5.000000e-01	5.100000e-01	9.999680e-01	1.374457e-06	1.374457e-06
5.100000e-01	5.200000e-01	9.999756e-01	1.375641e-06	1.375641e-06
5.200000e-01	5.300000e-01	9.999812e-01	2.666355e-08	2.666355e-08
5.300000e-01	5.400000e-01	9.999850e-01	2.133084e-08	2.133084e-08
5.400000e-01	5.500000e-01	9.999887e-01	1.599813e-08	1.599813e-08
5.500000e-01	5.600000e-01	9.999915e-01	1.375257e-06	1.375257e-06
5.600000e-01	5.700000e-01	9.999934e-01	9.332244e-09	9.332244e-09
5.700000e-01	5.800000e-01	9.999953e-01	1.375220e-06	1.375220e-06
5.800000e-01	5.900000e-01	9.999962e-01	5.332711e-09	5.332711e-09
5.900000e-01	6.000000e-01	9.999981e-01	1.375207e-06	1.375207e-06
6.000000e-01	6.100000e-01	9.999981e-01	2.666355e-09	2.666355e-09
6.100000e-01	6.200000e-01	9.999991e-01	1.375205e-06	1.375205e-06
6.200000e-01	6.300000e-01	9.999991e-01	1.333178e-09	1.333178e-09
6.300000e-01	6.400000e-01	1.000000e+00	1.375204e-06	1.375204e-06
6.400000e-01	6.500000e-01	1.000000e+00	1.375204e-06	1.375204e-06
6.500000e-01	6.600000e-01	1.000000e+00	0.000000e+00	0.000000e+00
6.600000e-01	6.700000e-01	1.000000e+00	0.000000e+00	0.000000e+00
6.700000e-01	6.800000e-01	1.000000e+00	0.000000e+00	0.000000e+00
6.800000e-01	6.900000e-01	1.000000e+00	0.000000e+00	0.000000e+00
6.900000e-01	7.000000e-01	1.000000e+00	0.000000e+00	0.000000e+00
7.000000e-01	7.100000e-01	1.000000e+00	0.000000e+00	0.000000e+00
7.100000e-01	7.200000e-01	1.000000e+00	0.000000e+00	0.000000e+00
7.200000e-01	7.300000e-01	1.000000e+00	0.000000e+00	0.000000e+00
7.300000e-01	7.400000e-01	1.000000e+00	0.000000e+00	0.000000e+00
7.400000e-01	7.500000e-01	1.000000e+00	0.000000e+00	0.000000e+00
7.500000e-01	7.600000e-01	1.000000e+00	0.000000e+00	0.000000e+00
7.600000e-01	7.700000e-01	1.000000e+00	0.000000e+00	0.000000e+00
7.700000e-01	7.800000e-01	1.000000e+00	0.000000e+00	0.000000e+00
7.800000e-01	7.900000e-01	1.000000e+00	0.000000e+00	0.000000e+00
7.900000e-01	8.000000e-01	1.000000e+00	0.000000e+00	0.000000e+00
8.000000e-01	8.100000e-01	1.000000e+00	0.000000e+00	0.000000e+00
8.100000e-01	8.200000e-01	1.000000e+00	0.000000e+00	0.000000e+00
8.200000e-01	8.300000e-01	1.000000e+00	0.000000e+00	0.000000e+00
8.300000e-01	8.400000e-01	1.000000e+00	0.000000e+00	0.000000e+00
8.400000e-01	8.500000e-01	1.000000e+00	0.000000e+00	0.000000e+00
8.500000e-01	8.600000e-01	1.000000e+00	0.000000e+00	0.000000e+00
8.600000e-01	8.700000e-01	1.000000e+00	0.000000e+00	0.000000e+00
8.700000e-01	8.800000e-01	1.000000e+00	0.000000e+00	0.000000e+00
8.800000e-01	8.900000e-01	1.000000e+00	0.000000e+00	0.000000e+00
8.900000e-01	9.000000e-01	1.000000e+00	0.000000e+00	0.000000e+00
9.000000e-01	9.100000e-01	1.000000e+00	0.000000e+00	0.000000e+00
9.100000e-01	9.200000e-01	1.000000e+00	0.000000e+00	0.000000e+00
9.200000e-01	9.300000e-01	1.000000e+00	0.000000e+00	0.000000e+00
9.300000e-01	9.400000e-01	1.000000e+00	0.000000e+00	0.000000e+00
9.400000e-01	9.500000e-01	1.000000e+00	0.000000e+00	0.000000e+00
9.500000e-01	9.600000e-01	1.000000e+00	0.000000e+00	0.000000e+00
9.600000e-01	9.700000e-01	1.000000e+00	0.000000e+00	0.000000e+00
9.700000e-01	9.800000e-01	1.000000e+00	0.000000e+00	0.000000e+00
9.800000e-01	9.900000e-01	1.000000e+00	0.000000e+00	0.000000e+00
9.900000e-01	1.000000e+00	1.000000e+00	0.000000e+00	0.000000e+00
1.000000e+00	1.010000e+00	1.000000e+00	0.000000e+00	0.000000e+00
1.010000e+00	1.020000e+00	1.000000e+00	0.000000e+00	0.000000e+00
1.020000e+00	1.030000e+00	1.000000e+00	0.000000e+00	0.000000e+00
1.030000e+00	1.040000e+00	1.000000e+00	0.000000e+00	0.000000e+00
1.040000e+00	1.050000e+00	1.000000e+00	0.000000e+00	0.000000e+00
1.050000e+00	1.060000e+00	1.000000e+00	0.000000e+00	0.000000e+00
1.060000e+00	1.070000e+00	1.000000e+00	0.000000e+00	0.000000e+00
1.070000e+00	1.080000e+00	1.000000e+00	0.000000e+00	0.000000e+00
1.080000e+00	1.090000e+00	1.000000e+00	0.000000e+00	0.000000e+00
1.090000e+00	1.100000e+00	1.000000e+00	0.000000e+00	0.000000e+00
1.100000e+00	1.110000e+00	1.000000e+00	0.000000e+00	0.000000e+00
1.110000e+00	1.120000e+00	1.000000e+00	0.000000e+00	0.000000e+00
1.120000e+00	1.130000e+00	1.000000e+00	0.000000e+00	0.000000e+00
1.130000e+00	1.140000e+00	1.000000e+00	0.000000e+00	0.000000e+00
1.140000e+00	1.150000e+00	1.000000e+00	0.000000e+00	0.000000e+00
1.150000e+00	1.160000e+00	1.000000e+00	0.000000e+00	0.000000e+00
1.160000e+00	1.170000e+00	1.000000e+00	0.000000e+00	0.000000e+00
1.170000e+00	1.180000e+00	1.000000e+00	0.000000e+00	0.000000e+00
1.180000e+00	1.190000e+00	1.000000e+00	0.000000e+00	0.000000e+00
1.190000e+00	1.200000e+00	1.000000e+00	0.000000e+00	0.000000e+00
1.200000e+00	1.210000e+00	1.000000e+00	0.000000e+00	0.000000e+00
1.210000e+00	1.220000e+00	1.000000e+00	0.000000e+00	0.000000e+00
1.220000e+00	1.230000e+00	1.000000e+00	0.000000e+00	0.000000e+00
1.230000e+00	1.240000e+00	1.000000e+00	0.000000e+00	0.000000e+00
1.240000e+00	1.250000e+00	1.000000e+00	0.000000e+00	0.000000e+00
1.250000e+00	1.260000e+00	1.000000e+00	0.000000e+00	0.000000e+00
1.260000e+00	1.270000e+00	1.000000e+00	0.000000e+00	0.000000e+00
1.270000e+00	1.280000e+00	1.000000e+00	0.000000e+00	0.000000e+00
1.280000e+00	1.290000e+00	1.000000e+00	0.000000e+00	0.000000e+00
1.290000e+00	1.300000e+00	1.000000e+00	0.000000e+00	0.000000e+00
1.300000e+00	1.310000e+00	1.000000e+00	0.000000e+00	0.000000e+00
1.310000e+00	1.320000e+00	1.000000e+00	0.000000e+00	0.000000e+00
1.320000e+00	1.330000e+00	1.000000e+00	0.000000e+00	0.000000e+00
1.330000e+00	1.340000e+00	1.000000e+00	0.000000e+00	0.000000e+00
1.340000e+00	1.350000e+00	1.000000e+00	0.000000e+00	0.000000e+00
1.350000e+00	1.360000e+00	1.000000e+00	0.000000e+00	0.000000e+00
1.360000e+00	1.370000e+00	1.000000e+00	0.000000e+00	0.000000e+00
1.370000e+00	1.380000e+00	1.000000e+00	0.000000e+00	0.000000e+00
1.380000e+00	1.390000e+00	1.000000e+00	0.000000e+00	0.000000e+00
1.390000e+00	1.400000e+00	1.000000e+00	0.000000e+00	0.000000e+00
1.400000e+00	1.410000e+00	1.000000e+00	0.000000e+00	0.000000e+00
1.410000e+00	1.420000e+00	1.000000e+00	0.000000e+00	0.000000e+00
1.420000e+00	1.430000e+00	1.000000e+00	0.000000e+00	0.000000e+00
1.430000e+00	1.440000e+00	1.000000e+00	0.000000e+00	0.000000e+00
1.440000e+00	1.450000e+00	1.000000e+00	0.000000e+00	0.000000e+00
1.450000e+00	1.460000e+00	1.000000e+00	0.000000e+00	0.000000e+00
1.460000e+00	1.470000e+00	1.000000e+00	0.000000e+00	0.000000e+00
1.470000e+00	1.480000e+00	1.000000e+00	0.000000e+00	0.000000e+00
1.480000e+00	1.490000e+00	1.000000e+00	0.000000e+00	0.000000e+00
1.490000e+00	1.500000e+00	1.000000e+00	0.000000e+00	0.000000e+00
# END HISTO1D

# BEGIN HISTO1D //nfs/farm/g/theory/qcdsim/shoeche/runs/lhjets/hj/mcnlo/css-1em/run.yoda/LH2017_ZHSHAPES/psi_0.5_800
ErrorBars=1
LineColor=blue
LineStyle=solid
Path=//nfs/farm/g/theory/qcdsim/shoeche/runs/lhjets/hj/mcnlo/css-1em/run.yoda/LH2017_ZHSHAPES/psi_0.5_800
Title=MC@NLO~1em
XLabel=
YLabel=
# xlow	 xhigh	 val	 errminus	 errplus
0.000000e+00	1.000000e-02	9.010080e-01	8.910653e-04	8.910653e-04
1.000000e-02	2.000000e-02	9.082784e-01	8.574637e-04	8.574637e-04
2.000000e-02	3.000000e-02	9.167089e-01	8.152689e-04	8.152689e-04
3.000000e-02	4.000000e-02	9.242724e-01	7.735263e-04	7.735263e-04
4.000000e-02	5.000000e-02	9.319138e-01	7.279337e-04	7.279337e-04
5.000000e-02	6.000000e-02	9.383984e-01	6.858274e-04	6.858274e-04
6.000000e-02	7.000000e-02	9.446416e-01	6.419402e-04	6.419402e-04
7.000000e-02	8.000000e-02	9.499724e-01	6.023521e-04	6.023521e-04
8.000000e-02	9.000000e-02	9.550293e-01	5.619835e-04	5.619835e-04
9.000000e-02	1.000000e-01	9.597977e-01	5.211944e-04	5.211944e-04
1.000000e-01	1.100000e-01	9.639238e-01	4.825213e-04	4.825213e-04
1.100000e-01	1.200000e-01	9.674518e-01	4.478050e-04	4.478050e-04
1.200000e-01	1.300000e-01	9.705994e-01	4.149050e-04	4.149050e-04
1.300000e-01	1.400000e-01	9.735774e-01	3.805217e-04	3.805217e-04
1.400000e-01	1.500000e-01	9.761064e-01	3.503776e-04	3.503776e-04
1.500000e-01	1.600000e-01	9.782699e-01	3.238654e-04	3.238654e-04
1.600000e-01	1.700000e-01	9.805071e-01	2.943113e-04	2.943113e-04
1.700000e-01	1.800000e-01	9.824390e-01	2.669611e-04	2.669611e-04
1.800000e-01	1.900000e-01	9.841012e-01	2.440741e-04	2.440741e-04
1.900000e-01	2.000000e-01	9.857846e-01	2.195480e-04	2.195480e-04
2.000000e-01	2.100000e-01	9.872496e-01	1.984633e-04	1.984633e-04
2.100000e-01	2.200000e-01	9.885752e-01	1.801945e-04	1.801945e-04
2.200000e-01	2.300000e-01	9.897894e-01	1.632885e-04	1.632885e-04
2.300000e-01	2.400000e-01	9.910805e-01	1.436068e-04	1.436068e-04
2.400000e-01	2.500000e-01	9.920668e-01	1.317901e-04	1.317901e-04
2.500000e-01	2.600000e-01	9.930382e-01	1.209644e-04	1.209644e-04
2.600000e-01	2.700000e-01	9.938740e-01	1.113638e-04	1.113638e-04
2.700000e-01	2.800000e-01	9.946147e-01	1.022410e-04	1.022410e-04
2.800000e-01	2.900000e-01	9.953091e-01	9.352410e-05	9.352410e-05
2.900000e-01	3.000000e-01	9.959092e-01	8.554099e-05	8.554099e-05
3.000000e-01	3.100000e-01	9.965679e-01	7.606764e-05	7.606764e-05
3.100000e-01	3.200000e-01	9.970713e-01	6.874405e-05	6.874405e-05
3.200000e-01	3.300000e-01	9.975008e-01	6.196917e-05	6.196917e-05
3.300000e-01	3.400000e-01	9.978956e-01	5.547917e-05	5.547917e-05
3.400000e-01	3.500000e-01	9.982444e-01	4.950129e-05	4.950129e-05
3.500000e-01	3.600000e-01	9.985449e-01	4.375426e-05	4.375426e-05
3.600000e-01	3.700000e-01	9.988576e-01	3.750162e-05	3.750162e-05
3.700000e-01	3.800000e-01	9.991007e-01	3.227501e-05	3.227501e-05
3.800000e-01	3.900000e-01	9.993618e-01	2.593222e-05	2.593222e-05
3.900000e-01	4.000000e-01	9.995298e-01	2.124163e-05	2.124163e-05
4.000000e-01	4.100000e-01	9.996663e-01	1.696247e-05	1.696247e-05
4.100000e-01	4.200000e-01	9.997709e-01	1.336451e-05	1.336451e-05
4.200000e-01	4.300000e-01	9.998520e-01	1.010620e-05	1.010620e-05
4.300000e-01	4.400000e-01	9.999160e-01	7.148585e-06	7.148585e-06
4.400000e-01	4.500000e-01	9.999516e-01	4.680501e-06	4.680501e-06
4.500000e-01	4.600000e-01	9.999816e-01	1.910923e-06	1.910923e-06
4.600000e-01	4.700000e-01	9.999918e-01	2.447896e-08	2.447896e-08
4.700000e-01	4.800000e-01	9.999988e-01	1.911720e-06	1.911720e-06
4.800000e-01	4.900000e-01	1.000000e+00	1.911716e-06	1.911716e-06
4.900000e-01	5.000000e-01	1.000000e+00	0.000000e+00	0.000000e+00
5.000000e-01	5.100000e-01	1.000000e+00	0.000000e+00	0.000000e+00
5.100000e-01	5.200000e-01	1.000000e+00	0.000000e+00	0.000000e+00
5.200000e-01	5.300000e-01	1.000000e+00	0.000000e+00	0.000000e+00
5.300000e-01	5.400000e-01	1.000000e+00	0.000000e+00	0.000000e+00
5.400000e-01	5.500000e-01	1.000000e+00	0.000000e+00	0.000000e+00
5.500000e-01	5.600000e-01	1.000000e+00	0.000000e+00	0.000000e+00
5.600000e-01	5.700000e-01	1.000000e+00	0.000000e+00	0.000000e+00
5.700000e-01	5.800000e-01	1.000000e+00	0.000000e+00	0.000000e+00
5.800000e-01	5.900000e-01	1.000000e+00	0.000000e+00	0.000000e+00
5.900000e-01	6.000000e-01	1.000000e+00	0.000000e+00	0.000000e+00
6.000000e-01	6.100000e-01	1.000000e+00	0.000000e+00	0.000000e+00
6.100000e-01	6.200000e-01	1.000000e+00	0.000000e+00	0.000000e+00
6.200000e-01	6.300000e-01	1.000000e+00	0.000000e+00	0.000000e+00
6.300000e-01	6.400000e-01	1.000000e+00	0.000000e+00	0.000000e+00
6.400000e-01	6.500000e-01	1.000000e+00	0.000000e+00	0.000000e+00
6.500000e-01	6.600000e-01	1.000000e+00	0.000000e+00	0.000000e+00
6.600000e-01	6.700000e-01	1.000000e+00	0.000000e+00	0.000000e+00
6.700000e-01	6.800000e-01	1.000000e+00	0.000000e+00	0.000000e+00
6.800000e-01	6.900000e-01	1.000000e+00	0.000000e+00	0.000000e+00
6.900000e-01	7.000000e-01	1.000000e+00	0.000000e+00	0.000000e+00
7.000000e-01	7.100000e-01	1.000000e+00	0.000000e+00	0.000000e+00
7.100000e-01	7.200000e-01	1.000000e+00	0.000000e+00	0.000000e+00
7.200000e-01	7.300000e-01	1.000000e+00	0.000000e+00	0.000000e+00
7.300000e-01	7.400000e-01	1.000000e+00	0.000000e+00	0.000000e+00
7.400000e-01	7.500000e-01	1.000000e+00	0.000000e+00	0.000000e+00
7.500000e-01	7.600000e-01	1.000000e+00	0.000000e+00	0.000000e+00
7.600000e-01	7.700000e-01	1.000000e+00	0.000000e+00	0.000000e+00
7.700000e-01	7.800000e-01	1.000000e+00	0.000000e+00	0.000000e+00
7.800000e-01	7.900000e-01	1.000000e+00	0.000000e+00	0.000000e+00
7.900000e-01	8.000000e-01	1.000000e+00	0.000000e+00	0.000000e+00
8.000000e-01	8.100000e-01	1.000000e+00	0.000000e+00	0.000000e+00
8.100000e-01	8.200000e-01	1.000000e+00	0.000000e+00	0.000000e+00
8.200000e-01	8.300000e-01	1.000000e+00	0.000000e+00	0.000000e+00
8.300000e-01	8.400000e-01	1.000000e+00	0.000000e+00	0.000000e+00
8.400000e-01	8.500000e-01	1.000000e+00	0.000000e+00	0.000000e+00
8.500000e-01	8.600000e-01	1.000000e+00	0.000000e+00	0.000000e+00
8.600000e-01	8.700000e-01	1.000000e+00	0.000000e+00	0.000000e+00
8.700000e-01	8.800000e-01	1.000000e+00	0.000000e+00	0.000000e+00
8.800000e-01	8.900000e-01	1.000000e+00	0.000000e+00	0.000000e+00
8.900000e-01	9.000000e-01	1.000000e+00	0.000000e+00	0.000000e+00
9.000000e-01	9.100000e-01	1.000000e+00	0.000000e+00	0.000000e+00
9.100000e-01	9.200000e-01	1.000000e+00	0.000000e+00	0.000000e+00
9.200000e-01	9.300000e-01	1.000000e+00	0.000000e+00	0.000000e+00
9.300000e-01	9.400000e-01	1.000000e+00	0.000000e+00	0.000000e+00
9.400000e-01	9.500000e-01	1.000000e+00	0.000000e+00	0.000000e+00
9.500000e-01	9.600000e-01	1.000000e+00	0.000000e+00	0.000000e+00
9.600000e-01	9.700000e-01	1.000000e+00	0.000000e+00	0.000000e+00
9.700000e-01	9.800000e-01	1.000000e+00	0.000000e+00	0.000000e+00
9.800000e-01	9.900000e-01	1.000000e+00	0.000000e+00	0.000000e+00
9.900000e-01	1.000000e+00	1.000000e+00	0.000000e+00	0.000000e+00
1.000000e+00	1.010000e+00	1.000000e+00	0.000000e+00	0.000000e+00
1.010000e+00	1.020000e+00	1.000000e+00	0.000000e+00	0.000000e+00
1.020000e+00	1.030000e+00	1.000000e+00	0.000000e+00	0.000000e+00
1.030000e+00	1.040000e+00	1.000000e+00	0.000000e+00	0.000000e+00
1.040000e+00	1.050000e+00	1.000000e+00	0.000000e+00	0.000000e+00
1.050000e+00	1.060000e+00	1.000000e+00	0.000000e+00	0.000000e+00
1.060000e+00	1.070000e+00	1.000000e+00	0.000000e+00	0.000000e+00
1.070000e+00	1.080000e+00	1.000000e+00	0.000000e+00	0.000000e+00
1.080000e+00	1.090000e+00	1.000000e+00	0.000000e+00	0.000000e+00
1.090000e+00	1.100000e+00	1.000000e+00	0.000000e+00	0.000000e+00
1.100000e+00	1.110000e+00	1.000000e+00	0.000000e+00	0.000000e+00
1.110000e+00	1.120000e+00	1.000000e+00	0.000000e+00	0.000000e+00
1.120000e+00	1.130000e+00	1.000000e+00	0.000000e+00	0.000000e+00
1.130000e+00	1.140000e+00	1.000000e+00	0.000000e+00	0.000000e+00
1.140000e+00	1.150000e+00	1.000000e+00	0.000000e+00	0.000000e+00
1.150000e+00	1.160000e+00	1.000000e+00	0.000000e+00	0.000000e+00
1.160000e+00	1.170000e+00	1.000000e+00	0.000000e+00	0.000000e+00
1.170000e+00	1.180000e+00	1.000000e+00	0.000000e+00	0.000000e+00
1.180000e+00	1.190000e+00	1.000000e+00	0.000000e+00	0.000000e+00
1.190000e+00	1.200000e+00	1.000000e+00	0.000000e+00	0.000000e+00
1.200000e+00	1.210000e+00	1.000000e+00	0.000000e+00	0.000000e+00
1.210000e+00	1.220000e+00	1.000000e+00	0.000000e+00	0.000000e+00
1.220000e+00	1.230000e+00	1.000000e+00	0.000000e+00	0.000000e+00
1.230000e+00	1.240000e+00	1.000000e+00	0.000000e+00	0.000000e+00
1.240000e+00	1.250000e+00	1.000000e+00	0.000000e+00	0.000000e+00
1.250000e+00	1.260000e+00	1.000000e+00	0.000000e+00	0.000000e+00
1.260000e+00	1.270000e+00	1.000000e+00	0.000000e+00	0.000000e+00
1.270000e+00	1.280000e+00	1.000000e+00	0.000000e+00	0.000000e+00
1.280000e+00	1.290000e+00	1.000000e+00	0.000000e+00	0.000000e+00
1.290000e+00	1.300000e+00	1.000000e+00	0.000000e+00	0.000000e+00
1.300000e+00	1.310000e+00	1.000000e+00	0.000000e+00	0.000000e+00
1.310000e+00	1.320000e+00	1.000000e+00	0.000000e+00	0.000000e+00
1.320000e+00	1.330000e+00	1.000000e+00	0.000000e+00	0.000000e+00
1.330000e+00	1.340000e+00	1.000000e+00	0.000000e+00	0.000000e+00
1.340000e+00	1.350000e+00	1.000000e+00	0.000000e+00	0.000000e+00
1.350000e+00	1.360000e+00	1.000000e+00	0.000000e+00	0.000000e+00
1.360000e+00	1.370000e+00	1.000000e+00	0.000000e+00	0.000000e+00
1.370000e+00	1.380000e+00	1.000000e+00	0.000000e+00	0.000000e+00
1.380000e+00	1.390000e+00	1.000000e+00	0.000000e+00	0.000000e+00
1.390000e+00	1.400000e+00	1.000000e+00	0.000000e+00	0.000000e+00
1.400000e+00	1.410000e+00	1.000000e+00	0.000000e+00	0.000000e+00
1.410000e+00	1.420000e+00	1.000000e+00	0.000000e+00	0.000000e+00
1.420000e+00	1.430000e+00	1.000000e+00	0.000000e+00	0.000000e+00
1.430000e+00	1.440000e+00	1.000000e+00	0.000000e+00	0.000000e+00
1.440000e+00	1.450000e+00	1.000000e+00	0.000000e+00	0.000000e+00
1.450000e+00	1.460000e+00	1.000000e+00	0.000000e+00	0.000000e+00
1.460000e+00	1.470000e+00	1.000000e+00	0.000000e+00	0.000000e+00
1.470000e+00	1.480000e+00	1.000000e+00	0.000000e+00	0.000000e+00
1.480000e+00	1.490000e+00	1.000000e+00	0.000000e+00	0.000000e+00
1.490000e+00	1.500000e+00	1.000000e+00	0.000000e+00	0.000000e+00
# END HISTO1D

# BEGIN HISTO1D //nfs/farm/g/theory/qcdsim/shoeche/runs/lhjets/hj/nlo/cs/run.yoda/LH2017_ZHSHAPES/psi_0.5_800
ErrorBars=0
LineColor={[HTML]{2da334}}
LineStyle=solid
Path=//nfs/farm/g/theory/qcdsim/shoeche/runs/lhjets/hj/nlo/cs/run.yoda/LH2017_ZHSHAPES/psi_0.5_800
Title=NLO
XLabel=
YLabel=
# xlow	 xhigh	 val	 errminus	 errplus
0.000000e+00	1.000000e-02	6.133211e-01	1.798988e-01	1.798988e-01
1.000000e-02	2.000000e-02	7.448622e-01	1.584240e-01	1.584240e-01
2.000000e-02	3.000000e-02	8.062745e-01	1.402650e-01	1.402650e-01
3.000000e-02	4.000000e-02	8.445415e-01	1.257588e-01	1.257588e-01
4.000000e-02	5.000000e-02	8.719280e-01	1.135850e-01	1.135850e-01
5.000000e-02	6.000000e-02	8.912102e-01	1.033206e-01	1.033206e-01
6.000000e-02	7.000000e-02	9.062639e-01	9.437874e-02	9.437874e-02
7.000000e-02	8.000000e-02	9.182531e-01	8.650522e-02	8.650522e-02
8.000000e-02	9.000000e-02	9.280477e-01	7.942838e-02	7.942838e-02
9.000000e-02	1.000000e-01	9.361860e-01	7.312404e-02	7.312404e-02
1.000000e-01	1.100000e-01	9.432342e-01	6.725070e-02	6.725070e-02
1.100000e-01	1.200000e-01	9.493207e-01	6.179046e-02	6.179046e-02
1.200000e-01	1.300000e-01	9.545040e-01	5.690026e-02	5.690026e-02
1.300000e-01	1.400000e-01	9.589083e-01	5.241991e-02	5.241991e-02
1.400000e-01	1.500000e-01	9.629353e-01	4.804262e-02	4.804262e-02
1.500000e-01	1.600000e-01	9.666303e-01	4.399060e-02	4.399060e-02
1.600000e-01	1.700000e-01	9.697710e-01	4.021164e-02	4.021164e-02
1.700000e-01	1.800000e-01	9.725700e-01	3.677352e-02	3.677352e-02
1.800000e-01	1.900000e-01	9.751598e-01	3.351228e-02	3.351228e-02
1.900000e-01	2.000000e-01	9.775719e-01	3.014595e-02	3.014595e-02
2.000000e-01	2.100000e-01	9.797329e-01	2.735008e-02	2.735008e-02
2.100000e-01	2.200000e-01	9.816192e-01	2.482566e-02	2.482566e-02
2.200000e-01	2.300000e-01	9.834020e-01	2.259540e-02	2.259540e-02
2.300000e-01	2.400000e-01	9.850063e-01	2.071696e-02	2.071696e-02
2.400000e-01	2.500000e-01	9.864366e-01	1.914572e-02	1.914572e-02
2.500000e-01	2.600000e-01	9.877617e-01	1.777040e-02	1.777040e-02
2.600000e-01	2.700000e-01	9.889789e-01	1.647827e-02	1.647827e-02
2.700000e-01	2.800000e-01	9.901330e-01	1.523287e-02	1.523287e-02
2.800000e-01	2.900000e-01	9.912309e-01	1.400664e-02	1.400664e-02
2.900000e-01	3.000000e-01	9.921661e-01	1.289204e-02	1.289204e-02
3.000000e-01	3.100000e-01	9.930878e-01	1.178296e-02	1.178296e-02
3.100000e-01	3.200000e-01	9.938972e-01	1.078563e-02	1.078563e-02
3.200000e-01	3.300000e-01	9.946544e-01	9.805780e-03	9.805780e-03
3.300000e-01	3.400000e-01	9.953269e-01	8.906140e-03	8.906140e-03
3.400000e-01	3.500000e-01	9.959549e-01	8.009511e-03	8.009511e-03
3.500000e-01	3.600000e-01	9.965223e-01	7.179393e-03	7.179393e-03
3.600000e-01	3.700000e-01	9.970420e-01	6.373523e-03	6.373523e-03
3.700000e-01	3.800000e-01	9.975204e-01	5.581734e-03	5.581734e-03
3.800000e-01	3.900000e-01	9.979402e-01	4.856543e-03	4.856543e-03
3.900000e-01	4.000000e-01	9.983082e-01	4.217115e-03	4.217115e-03
4.000000e-01	4.100000e-01	9.986380e-01	3.592882e-03	3.592882e-03
4.100000e-01	4.200000e-01	9.989356e-01	3.001508e-03	3.001508e-03
4.200000e-01	4.300000e-01	9.991846e-01	2.471248e-03	2.471248e-03
4.300000e-01	4.400000e-01	9.994026e-01	1.954440e-03	1.954440e-03
4.400000e-01	4.500000e-01	9.995877e-01	1.490912e-03	1.490912e-03
4.500000e-01	4.600000e-01	9.997346e-01	1.055338e-03	1.055338e-03
4.600000e-01	4.700000e-01	9.998432e-01	7.056888e-04	7.056888e-04
4.700000e-01	4.800000e-01	9.999135e-01	4.730826e-04	4.730826e-04
4.800000e-01	4.900000e-01	9.999782e-01	1.858496e-04	1.858496e-04
4.900000e-01	5.000000e-01	1.000000e+00	0.000000e+00	0.000000e+00
5.000000e-01	5.100000e-01	1.000000e+00	0.000000e+00	0.000000e+00
5.100000e-01	5.200000e-01	1.000000e+00	0.000000e+00	0.000000e+00
5.200000e-01	5.300000e-01	1.000000e+00	0.000000e+00	0.000000e+00
5.300000e-01	5.400000e-01	1.000000e+00	0.000000e+00	0.000000e+00
5.400000e-01	5.500000e-01	1.000000e+00	0.000000e+00	0.000000e+00
5.500000e-01	5.600000e-01	1.000000e+00	0.000000e+00	0.000000e+00
5.600000e-01	5.700000e-01	1.000000e+00	0.000000e+00	0.000000e+00
5.700000e-01	5.800000e-01	1.000000e+00	0.000000e+00	0.000000e+00
5.800000e-01	5.900000e-01	1.000000e+00	0.000000e+00	0.000000e+00
5.900000e-01	6.000000e-01	1.000000e+00	0.000000e+00	0.000000e+00
6.000000e-01	6.100000e-01	1.000000e+00	0.000000e+00	0.000000e+00
6.100000e-01	6.200000e-01	1.000000e+00	0.000000e+00	0.000000e+00
6.200000e-01	6.300000e-01	1.000000e+00	0.000000e+00	0.000000e+00
6.300000e-01	6.400000e-01	1.000000e+00	0.000000e+00	0.000000e+00
6.400000e-01	6.500000e-01	1.000000e+00	0.000000e+00	0.000000e+00
6.500000e-01	6.600000e-01	1.000000e+00	0.000000e+00	0.000000e+00
6.600000e-01	6.700000e-01	1.000000e+00	0.000000e+00	0.000000e+00
6.700000e-01	6.800000e-01	1.000000e+00	0.000000e+00	0.000000e+00
6.800000e-01	6.900000e-01	1.000000e+00	0.000000e+00	0.000000e+00
6.900000e-01	7.000000e-01	1.000000e+00	0.000000e+00	0.000000e+00
7.000000e-01	7.100000e-01	1.000000e+00	0.000000e+00	0.000000e+00
7.100000e-01	7.200000e-01	1.000000e+00	0.000000e+00	0.000000e+00
7.200000e-01	7.300000e-01	1.000000e+00	0.000000e+00	0.000000e+00
7.300000e-01	7.400000e-01	1.000000e+00	0.000000e+00	0.000000e+00
7.400000e-01	7.500000e-01	1.000000e+00	0.000000e+00	0.000000e+00
7.500000e-01	7.600000e-01	1.000000e+00	0.000000e+00	0.000000e+00
7.600000e-01	7.700000e-01	1.000000e+00	0.000000e+00	0.000000e+00
7.700000e-01	7.800000e-01	1.000000e+00	0.000000e+00	0.000000e+00
7.800000e-01	7.900000e-01	1.000000e+00	0.000000e+00	0.000000e+00
7.900000e-01	8.000000e-01	1.000000e+00	0.000000e+00	0.000000e+00
8.000000e-01	8.100000e-01	1.000000e+00	0.000000e+00	0.000000e+00
8.100000e-01	8.200000e-01	1.000000e+00	0.000000e+00	0.000000e+00
8.200000e-01	8.300000e-01	1.000000e+00	0.000000e+00	0.000000e+00
8.300000e-01	8.400000e-01	1.000000e+00	0.000000e+00	0.000000e+00
8.400000e-01	8.500000e-01	1.000000e+00	0.000000e+00	0.000000e+00
8.500000e-01	8.600000e-01	1.000000e+00	0.000000e+00	0.000000e+00
8.600000e-01	8.700000e-01	1.000000e+00	0.000000e+00	0.000000e+00
8.700000e-01	8.800000e-01	1.000000e+00	0.000000e+00	0.000000e+00
8.800000e-01	8.900000e-01	1.000000e+00	0.000000e+00	0.000000e+00
8.900000e-01	9.000000e-01	1.000000e+00	0.000000e+00	0.000000e+00
9.000000e-01	9.100000e-01	1.000000e+00	0.000000e+00	0.000000e+00
9.100000e-01	9.200000e-01	1.000000e+00	0.000000e+00	0.000000e+00
9.200000e-01	9.300000e-01	1.000000e+00	0.000000e+00	0.000000e+00
9.300000e-01	9.400000e-01	1.000000e+00	0.000000e+00	0.000000e+00
9.400000e-01	9.500000e-01	1.000000e+00	0.000000e+00	0.000000e+00
9.500000e-01	9.600000e-01	1.000000e+00	0.000000e+00	0.000000e+00
9.600000e-01	9.700000e-01	1.000000e+00	0.000000e+00	0.000000e+00
9.700000e-01	9.800000e-01	1.000000e+00	0.000000e+00	0.000000e+00
9.800000e-01	9.900000e-01	1.000000e+00	0.000000e+00	0.000000e+00
9.900000e-01	1.000000e+00	1.000000e+00	0.000000e+00	0.000000e+00
1.000000e+00	1.010000e+00	1.000000e+00	0.000000e+00	0.000000e+00
1.010000e+00	1.020000e+00	1.000000e+00	0.000000e+00	0.000000e+00
1.020000e+00	1.030000e+00	1.000000e+00	0.000000e+00	0.000000e+00
1.030000e+00	1.040000e+00	1.000000e+00	0.000000e+00	0.000000e+00
1.040000e+00	1.050000e+00	1.000000e+00	0.000000e+00	0.000000e+00
1.050000e+00	1.060000e+00	1.000000e+00	0.000000e+00	0.000000e+00
1.060000e+00	1.070000e+00	1.000000e+00	0.000000e+00	0.000000e+00
1.070000e+00	1.080000e+00	1.000000e+00	0.000000e+00	0.000000e+00
1.080000e+00	1.090000e+00	1.000000e+00	0.000000e+00	0.000000e+00
1.090000e+00	1.100000e+00	1.000000e+00	0.000000e+00	0.000000e+00
1.100000e+00	1.110000e+00	1.000000e+00	0.000000e+00	0.000000e+00
1.110000e+00	1.120000e+00	1.000000e+00	0.000000e+00	0.000000e+00
1.120000e+00	1.130000e+00	1.000000e+00	0.000000e+00	0.000000e+00
1.130000e+00	1.140000e+00	1.000000e+00	0.000000e+00	0.000000e+00
1.140000e+00	1.150000e+00	1.000000e+00	0.000000e+00	0.000000e+00
1.150000e+00	1.160000e+00	1.000000e+00	0.000000e+00	0.000000e+00
1.160000e+00	1.170000e+00	1.000000e+00	0.000000e+00	0.000000e+00
1.170000e+00	1.180000e+00	1.000000e+00	0.000000e+00	0.000000e+00
1.180000e+00	1.190000e+00	1.000000e+00	0.000000e+00	0.000000e+00
1.190000e+00	1.200000e+00	1.000000e+00	0.000000e+00	0.000000e+00
1.200000e+00	1.210000e+00	1.000000e+00	0.000000e+00	0.000000e+00
1.210000e+00	1.220000e+00	1.000000e+00	0.000000e+00	0.000000e+00
1.220000e+00	1.230000e+00	1.000000e+00	0.000000e+00	0.000000e+00
1.230000e+00	1.240000e+00	1.000000e+00	0.000000e+00	0.000000e+00
1.240000e+00	1.250000e+00	1.000000e+00	0.000000e+00	0.000000e+00
1.250000e+00	1.260000e+00	1.000000e+00	0.000000e+00	0.000000e+00
1.260000e+00	1.270000e+00	1.000000e+00	0.000000e+00	0.000000e+00
1.270000e+00	1.280000e+00	1.000000e+00	0.000000e+00	0.000000e+00
1.280000e+00	1.290000e+00	1.000000e+00	0.000000e+00	0.000000e+00
1.290000e+00	1.300000e+00	1.000000e+00	0.000000e+00	0.000000e+00
1.300000e+00	1.310000e+00	1.000000e+00	0.000000e+00	0.000000e+00
1.310000e+00	1.320000e+00	1.000000e+00	0.000000e+00	0.000000e+00
1.320000e+00	1.330000e+00	1.000000e+00	0.000000e+00	0.000000e+00
1.330000e+00	1.340000e+00	1.000000e+00	0.000000e+00	0.000000e+00
1.340000e+00	1.350000e+00	1.000000e+00	0.000000e+00	0.000000e+00
1.350000e+00	1.360000e+00	1.000000e+00	0.000000e+00	0.000000e+00
1.360000e+00	1.370000e+00	1.000000e+00	0.000000e+00	0.000000e+00
1.370000e+00	1.380000e+00	1.000000e+00	0.000000e+00	0.000000e+00
1.380000e+00	1.390000e+00	1.000000e+00	0.000000e+00	0.000000e+00
1.390000e+00	1.400000e+00	1.000000e+00	0.000000e+00	0.000000e+00
1.400000e+00	1.410000e+00	1.000000e+00	0.000000e+00	0.000000e+00
1.410000e+00	1.420000e+00	1.000000e+00	0.000000e+00	0.000000e+00
1.420000e+00	1.430000e+00	1.000000e+00	0.000000e+00	0.000000e+00
1.430000e+00	1.440000e+00	1.000000e+00	0.000000e+00	0.000000e+00
1.440000e+00	1.450000e+00	1.000000e+00	0.000000e+00	0.000000e+00
1.450000e+00	1.460000e+00	1.000000e+00	0.000000e+00	0.000000e+00
1.460000e+00	1.470000e+00	1.000000e+00	0.000000e+00	0.000000e+00
1.470000e+00	1.480000e+00	1.000000e+00	0.000000e+00	0.000000e+00
1.480000e+00	1.490000e+00	1.000000e+00	0.000000e+00	0.000000e+00
1.490000e+00	1.500000e+00	1.000000e+00	0.000000e+00	0.000000e+00
# END HISTO1D

