# BEGIN PLOT
XTwosidedTicks=1
DrawOnly=//nfs/farm/g/theory/qcdsim/shoeche/runs/lhjets/hj/mcnlo/css/run.yoda/LH2017_ZHSHAPES/psi_0.7_800 //nfs/farm/g/theory/qcdsim/shoeche/runs/lhjets/hj/mcnlo/css-1em/run.yoda/LH2017_ZHSHAPES/psi_0.7_800 //nfs/farm/g/theory/qcdsim/shoeche/runs/lhjets/hj/nlo/cs/run.yoda/LH2017_ZHSHAPES/psi_0.7_800
RatioPlotReference=//nfs/farm/g/theory/qcdsim/shoeche/runs/lhjets/hj/nlo/cs/run.yoda/LH2017_ZHSHAPES/psi_0.7_800
XTwosidedTicks=1
YTwosidedTicks=1
TopMargin=0.0
RatioPlot=1
BottomMargin=0.0
MainPlot=0
RatioPlotYSize=2.5
XMax=0.7
DrawSpecialInRatio=1
LegendXPos=0.35
LegendYPos=0.8
LogY=1
RatioPlotYLabel=
LegendOnly=//nfs/farm/g/theory/qcdsim/shoeche/runs/lhjets/hj/mcnlo/css/run.yoda/LH2017_ZHSHAPES/psi_0.7_800
RatioPlotSameStyle=1
YTwosidedTicks=1
Legend=1
# END PLOT
# BEGIN SPECIAL text
\rput[br](0.95,0.2){$k_T>800GeV$}
# END SPECIAL

# BEGIN HISTO1D //nfs/farm/g/theory/qcdsim/shoeche/runs/lhjets/hj/mcnlo/css/run.yoda/LH2017_ZHSHAPES/psi_0.7_800
ErrorBars=1
LineColor=red
LineStyle=solid
Path=//nfs/farm/g/theory/qcdsim/shoeche/runs/lhjets/hj/mcnlo/css/run.yoda/LH2017_ZHSHAPES/psi_0.7_800
Title=MC@NLO
XLabel=
YLabel=
# xlow	 xhigh	 val	 errminus	 errplus
0.000000e+00	1.000000e-02	2.696068e-01	5.376637e-04	5.376637e-04
1.000000e-02	2.000000e-02	4.225104e-01	5.837760e-04	5.837760e-04
2.000000e-02	3.000000e-02	5.193919e-01	5.792033e-04	5.792033e-04
3.000000e-02	4.000000e-02	5.884911e-01	5.602412e-04	5.602412e-04
4.000000e-02	5.000000e-02	6.409268e-01	5.366300e-04	5.366300e-04
5.000000e-02	6.000000e-02	6.823167e-01	5.116535e-04	5.116535e-04
6.000000e-02	7.000000e-02	7.158747e-01	4.868827e-04	4.868827e-04
7.000000e-02	8.000000e-02	7.439775e-01	4.626757e-04	4.626757e-04
8.000000e-02	9.000000e-02	7.677046e-01	4.392375e-04	4.392375e-04
9.000000e-02	1.000000e-01	7.881743e-01	4.167303e-04	4.167303e-04
1.000000e-01	1.100000e-01	8.060048e-01	3.952689e-04	3.952689e-04
1.100000e-01	1.200000e-01	8.215419e-01	3.750922e-04	3.750922e-04
1.200000e-01	1.300000e-01	8.352701e-01	3.559243e-04	3.559243e-04
1.300000e-01	1.400000e-01	8.476058e-01	3.374973e-04	3.374973e-04
1.400000e-01	1.500000e-01	8.586812e-01	3.199641e-04	3.199641e-04
1.500000e-01	1.600000e-01	8.687213e-01	3.029181e-04	3.029181e-04
1.600000e-01	1.700000e-01	8.777287e-01	2.871611e-04	2.871611e-04
1.700000e-01	1.800000e-01	8.859278e-01	2.721095e-04	2.721095e-04
1.800000e-01	1.900000e-01	8.933435e-01	2.578525e-04	2.578525e-04
1.900000e-01	2.000000e-01	9.001918e-01	2.441267e-04	2.441267e-04
2.000000e-01	2.100000e-01	9.065321e-01	2.307883e-04	2.307883e-04
2.100000e-01	2.200000e-01	9.123297e-01	2.182855e-04	2.182855e-04
2.200000e-01	2.300000e-01	9.177556e-01	2.062197e-04	2.062197e-04
2.300000e-01	2.400000e-01	9.228250e-01	1.946246e-04	1.946246e-04
2.400000e-01	2.500000e-01	9.275252e-01	1.833007e-04	1.833007e-04
2.500000e-01	2.600000e-01	9.319225e-01	1.728033e-04	1.728033e-04
2.600000e-01	2.700000e-01	9.360442e-01	1.625862e-04	1.625862e-04
2.700000e-01	2.800000e-01	9.398826e-01	1.529840e-04	1.529840e-04
2.800000e-01	2.900000e-01	9.435092e-01	1.436417e-04	1.436417e-04
2.900000e-01	3.000000e-01	9.468746e-01	1.350511e-04	1.350511e-04
3.000000e-01	3.100000e-01	9.500180e-01	1.270226e-04	1.270226e-04
3.100000e-01	3.200000e-01	9.530083e-01	1.196468e-04	1.196468e-04
3.200000e-01	3.300000e-01	9.558514e-01	1.126596e-04	1.126596e-04
3.300000e-01	3.400000e-01	9.585150e-01	1.062601e-04	1.062601e-04
3.400000e-01	3.500000e-01	9.610084e-01	1.003004e-04	1.003004e-04
3.500000e-01	3.600000e-01	9.633717e-01	9.484255e-05	9.484255e-05
3.600000e-01	3.700000e-01	9.656099e-01	8.975021e-05	8.975021e-05
3.700000e-01	3.800000e-01	9.677495e-01	8.498872e-05	8.498872e-05
3.800000e-01	3.900000e-01	9.697844e-01	8.035769e-05	8.035769e-05
3.900000e-01	4.000000e-01	9.717436e-01	7.591592e-05	7.591592e-05
4.000000e-01	4.100000e-01	9.735853e-01	7.173594e-05	7.173594e-05
4.100000e-01	4.200000e-01	9.753353e-01	6.775204e-05	6.775204e-05
4.200000e-01	4.300000e-01	9.769950e-01	6.396730e-05	6.396730e-05
4.300000e-01	4.400000e-01	9.785978e-01	6.027452e-05	6.027452e-05
4.400000e-01	4.500000e-01	9.801120e-01	5.673501e-05	5.673501e-05
4.500000e-01	4.600000e-01	9.815455e-01	5.333975e-05	5.333975e-05
4.600000e-01	4.700000e-01	9.829177e-01	5.005013e-05	5.005013e-05
4.700000e-01	4.800000e-01	9.842278e-01	4.688113e-05	4.688113e-05
4.800000e-01	4.900000e-01	9.854792e-01	4.381812e-05	4.381812e-05
4.900000e-01	5.000000e-01	9.866591e-01	4.090609e-05	4.090609e-05
5.000000e-01	5.100000e-01	9.877795e-01	3.811745e-05	3.811745e-05
5.100000e-01	5.200000e-01	9.888642e-01	3.528648e-05	3.528648e-05
5.200000e-01	5.300000e-01	9.898884e-01	3.263271e-05	3.263271e-05
5.300000e-01	5.400000e-01	9.908650e-01	3.006701e-05	3.006701e-05
5.400000e-01	5.500000e-01	9.917787e-01	2.758680e-05	2.758680e-05
5.500000e-01	5.600000e-01	9.926362e-01	2.532525e-05	2.532525e-05
5.600000e-01	5.700000e-01	9.934563e-01	2.310026e-05	2.310026e-05
5.700000e-01	5.800000e-01	9.942381e-01	2.093108e-05	2.093108e-05
5.800000e-01	5.900000e-01	9.949825e-01	1.872244e-05	1.872244e-05
5.900000e-01	6.000000e-01	9.956784e-01	1.669589e-05	1.669589e-05
6.000000e-01	6.100000e-01	9.963402e-01	1.473594e-05	1.473594e-05
6.100000e-01	6.200000e-01	9.969578e-01	1.269660e-05	1.269660e-05
6.200000e-01	6.300000e-01	9.975346e-01	1.097898e-05	1.097898e-05
6.300000e-01	6.400000e-01	9.980714e-01	9.026635e-06	9.026635e-06
6.400000e-01	6.500000e-01	9.985563e-01	7.418877e-06	7.418877e-06
6.500000e-01	6.600000e-01	9.989979e-01	5.677441e-06	5.677441e-06
6.600000e-01	6.700000e-01	9.993764e-01	4.227422e-06	4.227422e-06
6.700000e-01	6.800000e-01	9.996759e-01	2.449842e-06	2.449842e-06
6.800000e-01	6.900000e-01	9.998826e-01	2.149327e-06	2.149327e-06
6.900000e-01	7.000000e-01	9.999507e-01	1.242497e-06	1.242497e-06
7.000000e-01	7.100000e-01	9.999592e-01	1.243059e-06	1.243059e-06
7.100000e-01	7.200000e-01	9.999660e-01	4.590599e-08	4.590599e-08
7.200000e-01	7.300000e-01	9.999719e-01	1.243702e-06	1.243702e-06
7.300000e-01	7.400000e-01	9.999762e-01	1.243864e-06	1.243864e-06
7.400000e-01	7.500000e-01	9.999796e-01	1.243974e-06	1.243974e-06
7.500000e-01	7.600000e-01	9.999838e-01	2.180534e-08	2.180534e-08
7.600000e-01	7.700000e-01	9.999864e-01	1.836240e-08	1.836240e-08
7.700000e-01	7.800000e-01	9.999889e-01	1.491945e-08	1.491945e-08
7.800000e-01	7.900000e-01	9.999915e-01	1.244332e-06	1.244332e-06
7.900000e-01	8.000000e-01	9.999932e-01	1.244313e-06	1.244313e-06
8.000000e-01	8.100000e-01	9.999940e-01	1.244253e-06	1.244253e-06
8.100000e-01	8.200000e-01	9.999957e-01	1.244292e-06	1.244292e-06
8.200000e-01	8.300000e-01	9.999966e-01	1.244287e-06	1.244287e-06
8.300000e-01	8.400000e-01	9.999974e-01	1.244284e-06	1.244284e-06
8.400000e-01	8.500000e-01	9.999974e-01	1.244274e-06	1.244274e-06
8.500000e-01	8.600000e-01	9.999983e-01	2.295299e-09	2.295299e-09
8.600000e-01	8.700000e-01	9.999991e-01	1.244279e-06	1.244279e-06
8.700000e-01	8.800000e-01	9.999991e-01	1.147650e-09	1.147650e-09
8.800000e-01	8.900000e-01	9.999991e-01	1.147650e-09	1.147650e-09
8.900000e-01	9.000000e-01	1.000000e+00	1.244279e-06	1.244279e-06
9.000000e-01	9.100000e-01	1.000000e+00	1.244279e-06	1.244279e-06
9.100000e-01	9.200000e-01	1.000000e+00	1.244279e-06	1.244279e-06
9.200000e-01	9.300000e-01	1.000000e+00	0.000000e+00	0.000000e+00
9.300000e-01	9.400000e-01	1.000000e+00	0.000000e+00	0.000000e+00
9.400000e-01	9.500000e-01	1.000000e+00	0.000000e+00	0.000000e+00
9.500000e-01	9.600000e-01	1.000000e+00	0.000000e+00	0.000000e+00
9.600000e-01	9.700000e-01	1.000000e+00	0.000000e+00	0.000000e+00
9.700000e-01	9.800000e-01	1.000000e+00	0.000000e+00	0.000000e+00
9.800000e-01	9.900000e-01	1.000000e+00	0.000000e+00	0.000000e+00
9.900000e-01	1.000000e+00	1.000000e+00	0.000000e+00	0.000000e+00
1.000000e+00	1.010000e+00	1.000000e+00	0.000000e+00	0.000000e+00
1.010000e+00	1.020000e+00	1.000000e+00	0.000000e+00	0.000000e+00
1.020000e+00	1.030000e+00	1.000000e+00	0.000000e+00	0.000000e+00
1.030000e+00	1.040000e+00	1.000000e+00	0.000000e+00	0.000000e+00
1.040000e+00	1.050000e+00	1.000000e+00	0.000000e+00	0.000000e+00
1.050000e+00	1.060000e+00	1.000000e+00	0.000000e+00	0.000000e+00
1.060000e+00	1.070000e+00	1.000000e+00	0.000000e+00	0.000000e+00
1.070000e+00	1.080000e+00	1.000000e+00	0.000000e+00	0.000000e+00
1.080000e+00	1.090000e+00	1.000000e+00	0.000000e+00	0.000000e+00
1.090000e+00	1.100000e+00	1.000000e+00	0.000000e+00	0.000000e+00
1.100000e+00	1.110000e+00	1.000000e+00	0.000000e+00	0.000000e+00
1.110000e+00	1.120000e+00	1.000000e+00	0.000000e+00	0.000000e+00
1.120000e+00	1.130000e+00	1.000000e+00	0.000000e+00	0.000000e+00
1.130000e+00	1.140000e+00	1.000000e+00	0.000000e+00	0.000000e+00
1.140000e+00	1.150000e+00	1.000000e+00	0.000000e+00	0.000000e+00
1.150000e+00	1.160000e+00	1.000000e+00	0.000000e+00	0.000000e+00
1.160000e+00	1.170000e+00	1.000000e+00	0.000000e+00	0.000000e+00
1.170000e+00	1.180000e+00	1.000000e+00	0.000000e+00	0.000000e+00
1.180000e+00	1.190000e+00	1.000000e+00	0.000000e+00	0.000000e+00
1.190000e+00	1.200000e+00	1.000000e+00	0.000000e+00	0.000000e+00
1.200000e+00	1.210000e+00	1.000000e+00	0.000000e+00	0.000000e+00
1.210000e+00	1.220000e+00	1.000000e+00	0.000000e+00	0.000000e+00
1.220000e+00	1.230000e+00	1.000000e+00	0.000000e+00	0.000000e+00
1.230000e+00	1.240000e+00	1.000000e+00	0.000000e+00	0.000000e+00
1.240000e+00	1.250000e+00	1.000000e+00	0.000000e+00	0.000000e+00
1.250000e+00	1.260000e+00	1.000000e+00	0.000000e+00	0.000000e+00
1.260000e+00	1.270000e+00	1.000000e+00	0.000000e+00	0.000000e+00
1.270000e+00	1.280000e+00	1.000000e+00	0.000000e+00	0.000000e+00
1.280000e+00	1.290000e+00	1.000000e+00	0.000000e+00	0.000000e+00
1.290000e+00	1.300000e+00	1.000000e+00	0.000000e+00	0.000000e+00
1.300000e+00	1.310000e+00	1.000000e+00	0.000000e+00	0.000000e+00
1.310000e+00	1.320000e+00	1.000000e+00	0.000000e+00	0.000000e+00
1.320000e+00	1.330000e+00	1.000000e+00	0.000000e+00	0.000000e+00
1.330000e+00	1.340000e+00	1.000000e+00	0.000000e+00	0.000000e+00
1.340000e+00	1.350000e+00	1.000000e+00	0.000000e+00	0.000000e+00
1.350000e+00	1.360000e+00	1.000000e+00	0.000000e+00	0.000000e+00
1.360000e+00	1.370000e+00	1.000000e+00	0.000000e+00	0.000000e+00
1.370000e+00	1.380000e+00	1.000000e+00	0.000000e+00	0.000000e+00
1.380000e+00	1.390000e+00	1.000000e+00	0.000000e+00	0.000000e+00
1.390000e+00	1.400000e+00	1.000000e+00	0.000000e+00	0.000000e+00
1.400000e+00	1.410000e+00	1.000000e+00	0.000000e+00	0.000000e+00
1.410000e+00	1.420000e+00	1.000000e+00	0.000000e+00	0.000000e+00
1.420000e+00	1.430000e+00	1.000000e+00	0.000000e+00	0.000000e+00
1.430000e+00	1.440000e+00	1.000000e+00	0.000000e+00	0.000000e+00
1.440000e+00	1.450000e+00	1.000000e+00	0.000000e+00	0.000000e+00
1.450000e+00	1.460000e+00	1.000000e+00	0.000000e+00	0.000000e+00
1.460000e+00	1.470000e+00	1.000000e+00	0.000000e+00	0.000000e+00
1.470000e+00	1.480000e+00	1.000000e+00	0.000000e+00	0.000000e+00
1.480000e+00	1.490000e+00	1.000000e+00	0.000000e+00	0.000000e+00
1.490000e+00	1.500000e+00	1.000000e+00	0.000000e+00	0.000000e+00
# END HISTO1D

# BEGIN HISTO1D //nfs/farm/g/theory/qcdsim/shoeche/runs/lhjets/hj/mcnlo/css-1em/run.yoda/LH2017_ZHSHAPES/psi_0.7_800
ErrorBars=1
LineColor=blue
LineStyle=solid
Path=//nfs/farm/g/theory/qcdsim/shoeche/runs/lhjets/hj/mcnlo/css-1em/run.yoda/LH2017_ZHSHAPES/psi_0.7_800
Title=MC@NLO~1em
XLabel=
YLabel=
# xlow	 xhigh	 val	 errminus	 errplus
0.000000e+00	1.000000e-02	8.482493e-01	1.054035e-03	1.054035e-03
1.000000e-02	2.000000e-02	8.567682e-01	1.026096e-03	1.026096e-03
2.000000e-02	3.000000e-02	8.671009e-01	9.896630e-04	9.896630e-04
3.000000e-02	4.000000e-02	8.770261e-01	9.514797e-04	9.514797e-04
4.000000e-02	5.000000e-02	8.870645e-01	9.098628e-04	9.098628e-04
5.000000e-02	6.000000e-02	8.956269e-01	8.714811e-04	8.714811e-04
6.000000e-02	7.000000e-02	9.040145e-01	8.311125e-04	8.311125e-04
7.000000e-02	8.000000e-02	9.112620e-01	7.944064e-04	7.944064e-04
8.000000e-02	9.000000e-02	9.180673e-01	7.577124e-04	7.577124e-04
9.000000e-02	1.000000e-01	9.247546e-01	7.194266e-04	7.194266e-04
1.000000e-01	1.100000e-01	9.306132e-01	6.832806e-04	6.832806e-04
1.100000e-01	1.200000e-01	9.356249e-01	6.510789e-04	6.510789e-04
1.200000e-01	1.300000e-01	9.402335e-01	6.198785e-04	6.198785e-04
1.300000e-01	1.400000e-01	9.448226e-01	5.862273e-04	5.862273e-04
1.400000e-01	1.500000e-01	9.487156e-01	5.567652e-04	5.567652e-04
1.500000e-01	1.600000e-01	9.521402e-01	5.299273e-04	5.299273e-04
1.600000e-01	1.700000e-01	9.556676e-01	5.006967e-04	5.006967e-04
1.700000e-01	1.800000e-01	9.586705e-01	4.745957e-04	4.745957e-04
1.800000e-01	1.900000e-01	9.614720e-01	4.496692e-04	4.496692e-04
1.900000e-01	2.000000e-01	9.642229e-01	4.242499e-04	4.242499e-04
2.000000e-01	2.100000e-01	9.666368e-01	4.015684e-04	4.015684e-04
2.100000e-01	2.200000e-01	9.690585e-01	3.773671e-04	3.773671e-04
2.200000e-01	2.300000e-01	9.711777e-01	3.557729e-04	3.557729e-04
2.300000e-01	2.400000e-01	9.734828e-01	3.302044e-04	3.302044e-04
2.400000e-01	2.500000e-01	9.753147e-01	3.097381e-04	3.097381e-04
2.500000e-01	2.600000e-01	9.771664e-01	2.884744e-04	2.884744e-04
2.600000e-01	2.700000e-01	9.787939e-01	2.691618e-04	2.691618e-04
2.700000e-01	2.800000e-01	9.803323e-01	2.500511e-04	2.500511e-04
2.800000e-01	2.900000e-01	9.817718e-01	2.329756e-04	2.329756e-04
2.900000e-01	3.000000e-01	9.830674e-01	2.168451e-04	2.168451e-04
3.000000e-01	3.100000e-01	9.844361e-01	2.009531e-04	2.009531e-04
3.100000e-01	3.200000e-01	9.856383e-01	1.863654e-04	1.863654e-04
3.200000e-01	3.300000e-01	9.866549e-01	1.739108e-04	1.739108e-04
3.300000e-01	3.400000e-01	9.877567e-01	1.617554e-04	1.617554e-04
3.400000e-01	3.500000e-01	9.887116e-01	1.526766e-04	1.526766e-04
3.500000e-01	3.600000e-01	9.895613e-01	1.449321e-04	1.449321e-04
3.600000e-01	3.700000e-01	9.904973e-01	1.360795e-04	1.360795e-04
3.700000e-01	3.800000e-01	9.912924e-01	1.285707e-04	1.285707e-04
3.800000e-01	3.900000e-01	9.921025e-01	1.207569e-04	1.207569e-04
3.900000e-01	4.000000e-01	9.927877e-01	1.136735e-04	1.136735e-04
4.000000e-01	4.100000e-01	9.935037e-01	1.059837e-04	1.059837e-04
4.100000e-01	4.200000e-01	9.941600e-01	9.864193e-05	9.864193e-05
4.200000e-01	4.300000e-01	9.947411e-01	9.188413e-05	9.188413e-05
4.300000e-01	4.400000e-01	9.952878e-01	8.546202e-05	8.546202e-05
4.400000e-01	4.500000e-01	9.958040e-01	7.899042e-05	7.899042e-05
4.500000e-01	4.600000e-01	9.962973e-01	7.286483e-05	7.286483e-05
4.600000e-01	4.700000e-01	9.966953e-01	6.763571e-05	6.763571e-05
4.700000e-01	4.800000e-01	9.971194e-01	6.178960e-05	6.178960e-05
4.800000e-01	4.900000e-01	9.974722e-01	5.661746e-05	5.661746e-05
4.900000e-01	5.000000e-01	9.978243e-01	5.126925e-05	5.126925e-05
5.000000e-01	5.100000e-01	9.981154e-01	4.651507e-05	4.651507e-05
5.100000e-01	5.200000e-01	9.983571e-01	4.240825e-05	4.240825e-05
5.200000e-01	5.300000e-01	9.986068e-01	3.811766e-05	3.811766e-05
5.300000e-01	5.400000e-01	9.988342e-01	3.396743e-05	3.396743e-05
5.400000e-01	5.500000e-01	9.990233e-01	3.041158e-05	3.041158e-05
5.500000e-01	5.600000e-01	9.991993e-01	2.668774e-05	2.668774e-05
5.600000e-01	5.700000e-01	9.993686e-01	2.279267e-05	2.279267e-05
5.700000e-01	5.800000e-01	9.994988e-01	1.968447e-05	1.968447e-05
5.800000e-01	5.900000e-01	9.996198e-01	1.607847e-05	1.607847e-05
5.900000e-01	6.000000e-01	9.997065e-01	1.368372e-05	1.368372e-05
6.000000e-01	6.100000e-01	9.997915e-01	1.107572e-05	1.107572e-05
6.100000e-01	6.200000e-01	9.998477e-01	8.855109e-06	8.855109e-06
6.200000e-01	6.300000e-01	9.998932e-01	7.153392e-06	7.153392e-06
6.300000e-01	6.400000e-01	9.999498e-01	4.889172e-06	4.889172e-06
6.400000e-01	6.500000e-01	9.999739e-01	3.201254e-06	3.201254e-06
6.500000e-01	6.600000e-01	9.999889e-01	1.848489e-06	1.848489e-06
6.600000e-01	6.700000e-01	9.999964e-01	1.046518e-08	1.046518e-08
6.700000e-01	6.800000e-01	9.999992e-01	2.325595e-09	2.325595e-09
6.800000e-01	6.900000e-01	1.000000e+00	0.000000e+00	0.000000e+00
6.900000e-01	7.000000e-01	1.000000e+00	0.000000e+00	0.000000e+00
7.000000e-01	7.100000e-01	1.000000e+00	0.000000e+00	0.000000e+00
7.100000e-01	7.200000e-01	1.000000e+00	0.000000e+00	0.000000e+00
7.200000e-01	7.300000e-01	1.000000e+00	0.000000e+00	0.000000e+00
7.300000e-01	7.400000e-01	1.000000e+00	0.000000e+00	0.000000e+00
7.400000e-01	7.500000e-01	1.000000e+00	0.000000e+00	0.000000e+00
7.500000e-01	7.600000e-01	1.000000e+00	0.000000e+00	0.000000e+00
7.600000e-01	7.700000e-01	1.000000e+00	0.000000e+00	0.000000e+00
7.700000e-01	7.800000e-01	1.000000e+00	0.000000e+00	0.000000e+00
7.800000e-01	7.900000e-01	1.000000e+00	0.000000e+00	0.000000e+00
7.900000e-01	8.000000e-01	1.000000e+00	0.000000e+00	0.000000e+00
8.000000e-01	8.100000e-01	1.000000e+00	0.000000e+00	0.000000e+00
8.100000e-01	8.200000e-01	1.000000e+00	0.000000e+00	0.000000e+00
8.200000e-01	8.300000e-01	1.000000e+00	0.000000e+00	0.000000e+00
8.300000e-01	8.400000e-01	1.000000e+00	0.000000e+00	0.000000e+00
8.400000e-01	8.500000e-01	1.000000e+00	0.000000e+00	0.000000e+00
8.500000e-01	8.600000e-01	1.000000e+00	0.000000e+00	0.000000e+00
8.600000e-01	8.700000e-01	1.000000e+00	0.000000e+00	0.000000e+00
8.700000e-01	8.800000e-01	1.000000e+00	0.000000e+00	0.000000e+00
8.800000e-01	8.900000e-01	1.000000e+00	0.000000e+00	0.000000e+00
8.900000e-01	9.000000e-01	1.000000e+00	0.000000e+00	0.000000e+00
9.000000e-01	9.100000e-01	1.000000e+00	0.000000e+00	0.000000e+00
9.100000e-01	9.200000e-01	1.000000e+00	0.000000e+00	0.000000e+00
9.200000e-01	9.300000e-01	1.000000e+00	0.000000e+00	0.000000e+00
9.300000e-01	9.400000e-01	1.000000e+00	0.000000e+00	0.000000e+00
9.400000e-01	9.500000e-01	1.000000e+00	0.000000e+00	0.000000e+00
9.500000e-01	9.600000e-01	1.000000e+00	0.000000e+00	0.000000e+00
9.600000e-01	9.700000e-01	1.000000e+00	0.000000e+00	0.000000e+00
9.700000e-01	9.800000e-01	1.000000e+00	0.000000e+00	0.000000e+00
9.800000e-01	9.900000e-01	1.000000e+00	0.000000e+00	0.000000e+00
9.900000e-01	1.000000e+00	1.000000e+00	0.000000e+00	0.000000e+00
1.000000e+00	1.010000e+00	1.000000e+00	0.000000e+00	0.000000e+00
1.010000e+00	1.020000e+00	1.000000e+00	0.000000e+00	0.000000e+00
1.020000e+00	1.030000e+00	1.000000e+00	0.000000e+00	0.000000e+00
1.030000e+00	1.040000e+00	1.000000e+00	0.000000e+00	0.000000e+00
1.040000e+00	1.050000e+00	1.000000e+00	0.000000e+00	0.000000e+00
1.050000e+00	1.060000e+00	1.000000e+00	0.000000e+00	0.000000e+00
1.060000e+00	1.070000e+00	1.000000e+00	0.000000e+00	0.000000e+00
1.070000e+00	1.080000e+00	1.000000e+00	0.000000e+00	0.000000e+00
1.080000e+00	1.090000e+00	1.000000e+00	0.000000e+00	0.000000e+00
1.090000e+00	1.100000e+00	1.000000e+00	0.000000e+00	0.000000e+00
1.100000e+00	1.110000e+00	1.000000e+00	0.000000e+00	0.000000e+00
1.110000e+00	1.120000e+00	1.000000e+00	0.000000e+00	0.000000e+00
1.120000e+00	1.130000e+00	1.000000e+00	0.000000e+00	0.000000e+00
1.130000e+00	1.140000e+00	1.000000e+00	0.000000e+00	0.000000e+00
1.140000e+00	1.150000e+00	1.000000e+00	0.000000e+00	0.000000e+00
1.150000e+00	1.160000e+00	1.000000e+00	0.000000e+00	0.000000e+00
1.160000e+00	1.170000e+00	1.000000e+00	0.000000e+00	0.000000e+00
1.170000e+00	1.180000e+00	1.000000e+00	0.000000e+00	0.000000e+00
1.180000e+00	1.190000e+00	1.000000e+00	0.000000e+00	0.000000e+00
1.190000e+00	1.200000e+00	1.000000e+00	0.000000e+00	0.000000e+00
1.200000e+00	1.210000e+00	1.000000e+00	0.000000e+00	0.000000e+00
1.210000e+00	1.220000e+00	1.000000e+00	0.000000e+00	0.000000e+00
1.220000e+00	1.230000e+00	1.000000e+00	0.000000e+00	0.000000e+00
1.230000e+00	1.240000e+00	1.000000e+00	0.000000e+00	0.000000e+00
1.240000e+00	1.250000e+00	1.000000e+00	0.000000e+00	0.000000e+00
1.250000e+00	1.260000e+00	1.000000e+00	0.000000e+00	0.000000e+00
1.260000e+00	1.270000e+00	1.000000e+00	0.000000e+00	0.000000e+00
1.270000e+00	1.280000e+00	1.000000e+00	0.000000e+00	0.000000e+00
1.280000e+00	1.290000e+00	1.000000e+00	0.000000e+00	0.000000e+00
1.290000e+00	1.300000e+00	1.000000e+00	0.000000e+00	0.000000e+00
1.300000e+00	1.310000e+00	1.000000e+00	0.000000e+00	0.000000e+00
1.310000e+00	1.320000e+00	1.000000e+00	0.000000e+00	0.000000e+00
1.320000e+00	1.330000e+00	1.000000e+00	0.000000e+00	0.000000e+00
1.330000e+00	1.340000e+00	1.000000e+00	0.000000e+00	0.000000e+00
1.340000e+00	1.350000e+00	1.000000e+00	0.000000e+00	0.000000e+00
1.350000e+00	1.360000e+00	1.000000e+00	0.000000e+00	0.000000e+00
1.360000e+00	1.370000e+00	1.000000e+00	0.000000e+00	0.000000e+00
1.370000e+00	1.380000e+00	1.000000e+00	0.000000e+00	0.000000e+00
1.380000e+00	1.390000e+00	1.000000e+00	0.000000e+00	0.000000e+00
1.390000e+00	1.400000e+00	1.000000e+00	0.000000e+00	0.000000e+00
1.400000e+00	1.410000e+00	1.000000e+00	0.000000e+00	0.000000e+00
1.410000e+00	1.420000e+00	1.000000e+00	0.000000e+00	0.000000e+00
1.420000e+00	1.430000e+00	1.000000e+00	0.000000e+00	0.000000e+00
1.430000e+00	1.440000e+00	1.000000e+00	0.000000e+00	0.000000e+00
1.440000e+00	1.450000e+00	1.000000e+00	0.000000e+00	0.000000e+00
1.450000e+00	1.460000e+00	1.000000e+00	0.000000e+00	0.000000e+00
1.460000e+00	1.470000e+00	1.000000e+00	0.000000e+00	0.000000e+00
1.470000e+00	1.480000e+00	1.000000e+00	0.000000e+00	0.000000e+00
1.480000e+00	1.490000e+00	1.000000e+00	0.000000e+00	0.000000e+00
1.490000e+00	1.500000e+00	1.000000e+00	0.000000e+00	0.000000e+00
# END HISTO1D

# BEGIN HISTO1D //nfs/farm/g/theory/qcdsim/shoeche/runs/lhjets/hj/nlo/cs/run.yoda/LH2017_ZHSHAPES/psi_0.7_800
ErrorBars=0
LineColor={[HTML]{2da334}}
LineStyle=solid
Path=//nfs/farm/g/theory/qcdsim/shoeche/runs/lhjets/hj/nlo/cs/run.yoda/LH2017_ZHSHAPES/psi_0.7_800
Title=NLO
XLabel=
YLabel=
# xlow	 xhigh	 val	 errminus	 errplus
0.000000e+00	1.000000e-02	5.408171e-01	1.765950e-01	1.765950e-01
1.000000e-02	2.000000e-02	6.841875e-01	1.633252e-01	1.633252e-01
2.000000e-02	3.000000e-02	7.533069e-01	1.490267e-01	1.490267e-01
3.000000e-02	4.000000e-02	7.969560e-01	1.369920e-01	1.369920e-01
4.000000e-02	5.000000e-02	8.285017e-01	1.266345e-01	1.266345e-01
5.000000e-02	6.000000e-02	8.510551e-01	1.177463e-01	1.177463e-01
6.000000e-02	7.000000e-02	8.689456e-01	1.098578e-01	1.098578e-01
7.000000e-02	8.000000e-02	8.834095e-01	1.028046e-01	1.028046e-01
8.000000e-02	9.000000e-02	8.952843e-01	9.646132e-02	9.646132e-02
9.000000e-02	1.000000e-01	9.053941e-01	9.064455e-02	9.064455e-02
1.000000e-01	1.100000e-01	9.141317e-01	8.526277e-02	8.526277e-02
1.100000e-01	1.200000e-01	9.217611e-01	8.021797e-02	8.021797e-02
1.200000e-01	1.300000e-01	9.283285e-01	7.563997e-02	7.563997e-02
1.300000e-01	1.400000e-01	9.340099e-01	7.137739e-02	7.137739e-02
1.400000e-01	1.500000e-01	9.391714e-01	6.728514e-02	6.728514e-02
1.500000e-01	1.600000e-01	9.439075e-01	6.346260e-02	6.346260e-02
1.600000e-01	1.700000e-01	9.480297e-01	5.983866e-02	5.983866e-02
1.700000e-01	1.800000e-01	9.517349e-01	5.647234e-02	5.647234e-02
1.800000e-01	1.900000e-01	9.551886e-01	5.321620e-02	5.321620e-02
1.900000e-01	2.000000e-01	9.584665e-01	4.983834e-02	4.983834e-02
2.000000e-01	2.100000e-01	9.613633e-01	4.693918e-02	4.693918e-02
2.100000e-01	2.200000e-01	9.639926e-01	4.409136e-02	4.409136e-02
2.200000e-01	2.300000e-01	9.664745e-01	4.139031e-02	4.139031e-02
2.300000e-01	2.400000e-01	9.687319e-01	3.886288e-02	3.886288e-02
2.400000e-01	2.500000e-01	9.707914e-01	3.642151e-02	3.642151e-02
2.500000e-01	2.600000e-01	9.727127e-01	3.409665e-02	3.409665e-02
2.600000e-01	2.700000e-01	9.745019e-01	3.189757e-02	3.189757e-02
2.700000e-01	2.800000e-01	9.762083e-01	2.982458e-02	2.982458e-02
2.800000e-01	2.900000e-01	9.778761e-01	2.775290e-02	2.775290e-02
2.900000e-01	3.000000e-01	9.793298e-01	2.590839e-02	2.590839e-02
3.000000e-01	3.100000e-01	9.807569e-01	2.415447e-02	2.415447e-02
3.100000e-01	3.200000e-01	9.820511e-01	2.260649e-02	2.260649e-02
3.200000e-01	3.300000e-01	9.832807e-01	2.119861e-02	2.119861e-02
3.300000e-01	3.400000e-01	9.844358e-01	1.992440e-02	1.992440e-02
3.400000e-01	3.500000e-01	9.855459e-01	1.880474e-02	1.880474e-02
3.500000e-01	3.600000e-01	9.865888e-01	1.781419e-02	1.781419e-02
3.600000e-01	3.700000e-01	9.875574e-01	1.688373e-02	1.688373e-02
3.700000e-01	3.800000e-01	9.884596e-01	1.600729e-02	1.600729e-02
3.800000e-01	3.900000e-01	9.893113e-01	1.515232e-02	1.515232e-02
3.900000e-01	4.000000e-01	9.901213e-01	1.430904e-02	1.430904e-02
4.000000e-01	4.100000e-01	9.908923e-01	1.349336e-02	1.349336e-02
4.100000e-01	4.200000e-01	9.916039e-01	1.273393e-02	1.273393e-02
4.200000e-01	4.300000e-01	9.922868e-01	1.196728e-02	1.196728e-02
4.300000e-01	4.400000e-01	9.929145e-01	1.125747e-02	1.125747e-02
4.400000e-01	4.500000e-01	9.935470e-01	1.052203e-02	1.052203e-02
4.500000e-01	4.600000e-01	9.941039e-01	9.858849e-03	9.858849e-03
4.600000e-01	4.700000e-01	9.946347e-01	9.198151e-03	9.198151e-03
4.700000e-01	4.800000e-01	9.951339e-01	8.554884e-03	8.554884e-03
4.800000e-01	4.900000e-01	9.956231e-01	7.942566e-03	7.942566e-03
4.900000e-01	5.000000e-01	9.960723e-01	7.348423e-03	7.348423e-03
5.000000e-01	5.100000e-01	9.964708e-01	6.797594e-03	6.797594e-03
5.100000e-01	5.200000e-01	9.968637e-01	6.233924e-03	6.233924e-03
5.200000e-01	5.300000e-01	9.972356e-01	5.679298e-03	5.679298e-03
5.300000e-01	5.400000e-01	9.975769e-01	5.168867e-03	5.168867e-03
5.400000e-01	5.500000e-01	9.978852e-01	4.687315e-03	4.687315e-03
5.500000e-01	5.600000e-01	9.981758e-01	4.189248e-03	4.189248e-03
5.600000e-01	5.700000e-01	9.984396e-01	3.729200e-03	3.729200e-03
5.700000e-01	5.800000e-01	9.986751e-01	3.303349e-03	3.303349e-03
5.800000e-01	5.900000e-01	9.988855e-01	2.912331e-03	2.912331e-03
5.900000e-01	6.000000e-01	9.990918e-01	2.493658e-03	2.493658e-03
6.000000e-01	6.100000e-01	9.992661e-01	2.130631e-03	2.130631e-03
6.100000e-01	6.200000e-01	9.994219e-01	1.787744e-03	1.787744e-03
6.200000e-01	6.300000e-01	9.995624e-01	1.449148e-03	1.449148e-03
6.300000e-01	6.400000e-01	9.996805e-01	1.152514e-03	1.152514e-03
6.400000e-01	6.500000e-01	9.997753e-01	8.817093e-04	8.817093e-04
6.500000e-01	6.600000e-01	9.998568e-01	6.118052e-04	6.118052e-04
6.600000e-01	6.700000e-01	9.999175e-01	3.872028e-04	3.872028e-04
6.700000e-01	6.800000e-01	9.999610e-01	2.122592e-04	2.122592e-04
6.800000e-01	6.900000e-01	9.999902e-01	1.227907e-04	1.227907e-04
6.900000e-01	7.000000e-01	1.000000e+00	0.000000e+00	0.000000e+00
7.000000e-01	7.100000e-01	1.000000e+00	0.000000e+00	0.000000e+00
7.100000e-01	7.200000e-01	1.000000e+00	0.000000e+00	0.000000e+00
7.200000e-01	7.300000e-01	1.000000e+00	0.000000e+00	0.000000e+00
7.300000e-01	7.400000e-01	1.000000e+00	0.000000e+00	0.000000e+00
7.400000e-01	7.500000e-01	1.000000e+00	0.000000e+00	0.000000e+00
7.500000e-01	7.600000e-01	1.000000e+00	0.000000e+00	0.000000e+00
7.600000e-01	7.700000e-01	1.000000e+00	0.000000e+00	0.000000e+00
7.700000e-01	7.800000e-01	1.000000e+00	0.000000e+00	0.000000e+00
7.800000e-01	7.900000e-01	1.000000e+00	0.000000e+00	0.000000e+00
7.900000e-01	8.000000e-01	1.000000e+00	0.000000e+00	0.000000e+00
8.000000e-01	8.100000e-01	1.000000e+00	0.000000e+00	0.000000e+00
8.100000e-01	8.200000e-01	1.000000e+00	0.000000e+00	0.000000e+00
8.200000e-01	8.300000e-01	1.000000e+00	0.000000e+00	0.000000e+00
8.300000e-01	8.400000e-01	1.000000e+00	0.000000e+00	0.000000e+00
8.400000e-01	8.500000e-01	1.000000e+00	0.000000e+00	0.000000e+00
8.500000e-01	8.600000e-01	1.000000e+00	0.000000e+00	0.000000e+00
8.600000e-01	8.700000e-01	1.000000e+00	0.000000e+00	0.000000e+00
8.700000e-01	8.800000e-01	1.000000e+00	0.000000e+00	0.000000e+00
8.800000e-01	8.900000e-01	1.000000e+00	0.000000e+00	0.000000e+00
8.900000e-01	9.000000e-01	1.000000e+00	0.000000e+00	0.000000e+00
9.000000e-01	9.100000e-01	1.000000e+00	0.000000e+00	0.000000e+00
9.100000e-01	9.200000e-01	1.000000e+00	0.000000e+00	0.000000e+00
9.200000e-01	9.300000e-01	1.000000e+00	0.000000e+00	0.000000e+00
9.300000e-01	9.400000e-01	1.000000e+00	0.000000e+00	0.000000e+00
9.400000e-01	9.500000e-01	1.000000e+00	0.000000e+00	0.000000e+00
9.500000e-01	9.600000e-01	1.000000e+00	0.000000e+00	0.000000e+00
9.600000e-01	9.700000e-01	1.000000e+00	0.000000e+00	0.000000e+00
9.700000e-01	9.800000e-01	1.000000e+00	0.000000e+00	0.000000e+00
9.800000e-01	9.900000e-01	1.000000e+00	0.000000e+00	0.000000e+00
9.900000e-01	1.000000e+00	1.000000e+00	0.000000e+00	0.000000e+00
1.000000e+00	1.010000e+00	1.000000e+00	0.000000e+00	0.000000e+00
1.010000e+00	1.020000e+00	1.000000e+00	0.000000e+00	0.000000e+00
1.020000e+00	1.030000e+00	1.000000e+00	0.000000e+00	0.000000e+00
1.030000e+00	1.040000e+00	1.000000e+00	0.000000e+00	0.000000e+00
1.040000e+00	1.050000e+00	1.000000e+00	0.000000e+00	0.000000e+00
1.050000e+00	1.060000e+00	1.000000e+00	0.000000e+00	0.000000e+00
1.060000e+00	1.070000e+00	1.000000e+00	0.000000e+00	0.000000e+00
1.070000e+00	1.080000e+00	1.000000e+00	0.000000e+00	0.000000e+00
1.080000e+00	1.090000e+00	1.000000e+00	0.000000e+00	0.000000e+00
1.090000e+00	1.100000e+00	1.000000e+00	0.000000e+00	0.000000e+00
1.100000e+00	1.110000e+00	1.000000e+00	0.000000e+00	0.000000e+00
1.110000e+00	1.120000e+00	1.000000e+00	0.000000e+00	0.000000e+00
1.120000e+00	1.130000e+00	1.000000e+00	0.000000e+00	0.000000e+00
1.130000e+00	1.140000e+00	1.000000e+00	0.000000e+00	0.000000e+00
1.140000e+00	1.150000e+00	1.000000e+00	0.000000e+00	0.000000e+00
1.150000e+00	1.160000e+00	1.000000e+00	0.000000e+00	0.000000e+00
1.160000e+00	1.170000e+00	1.000000e+00	0.000000e+00	0.000000e+00
1.170000e+00	1.180000e+00	1.000000e+00	0.000000e+00	0.000000e+00
1.180000e+00	1.190000e+00	1.000000e+00	0.000000e+00	0.000000e+00
1.190000e+00	1.200000e+00	1.000000e+00	0.000000e+00	0.000000e+00
1.200000e+00	1.210000e+00	1.000000e+00	0.000000e+00	0.000000e+00
1.210000e+00	1.220000e+00	1.000000e+00	0.000000e+00	0.000000e+00
1.220000e+00	1.230000e+00	1.000000e+00	0.000000e+00	0.000000e+00
1.230000e+00	1.240000e+00	1.000000e+00	0.000000e+00	0.000000e+00
1.240000e+00	1.250000e+00	1.000000e+00	0.000000e+00	0.000000e+00
1.250000e+00	1.260000e+00	1.000000e+00	0.000000e+00	0.000000e+00
1.260000e+00	1.270000e+00	1.000000e+00	0.000000e+00	0.000000e+00
1.270000e+00	1.280000e+00	1.000000e+00	0.000000e+00	0.000000e+00
1.280000e+00	1.290000e+00	1.000000e+00	0.000000e+00	0.000000e+00
1.290000e+00	1.300000e+00	1.000000e+00	0.000000e+00	0.000000e+00
1.300000e+00	1.310000e+00	1.000000e+00	0.000000e+00	0.000000e+00
1.310000e+00	1.320000e+00	1.000000e+00	0.000000e+00	0.000000e+00
1.320000e+00	1.330000e+00	1.000000e+00	0.000000e+00	0.000000e+00
1.330000e+00	1.340000e+00	1.000000e+00	0.000000e+00	0.000000e+00
1.340000e+00	1.350000e+00	1.000000e+00	0.000000e+00	0.000000e+00
1.350000e+00	1.360000e+00	1.000000e+00	0.000000e+00	0.000000e+00
1.360000e+00	1.370000e+00	1.000000e+00	0.000000e+00	0.000000e+00
1.370000e+00	1.380000e+00	1.000000e+00	0.000000e+00	0.000000e+00
1.380000e+00	1.390000e+00	1.000000e+00	0.000000e+00	0.000000e+00
1.390000e+00	1.400000e+00	1.000000e+00	0.000000e+00	0.000000e+00
1.400000e+00	1.410000e+00	1.000000e+00	0.000000e+00	0.000000e+00
1.410000e+00	1.420000e+00	1.000000e+00	0.000000e+00	0.000000e+00
1.420000e+00	1.430000e+00	1.000000e+00	0.000000e+00	0.000000e+00
1.430000e+00	1.440000e+00	1.000000e+00	0.000000e+00	0.000000e+00
1.440000e+00	1.450000e+00	1.000000e+00	0.000000e+00	0.000000e+00
1.450000e+00	1.460000e+00	1.000000e+00	0.000000e+00	0.000000e+00
1.460000e+00	1.470000e+00	1.000000e+00	0.000000e+00	0.000000e+00
1.470000e+00	1.480000e+00	1.000000e+00	0.000000e+00	0.000000e+00
1.480000e+00	1.490000e+00	1.000000e+00	0.000000e+00	0.000000e+00
1.490000e+00	1.500000e+00	1.000000e+00	0.000000e+00	0.000000e+00
# END HISTO1D

