# BEGIN PLOT
XTwosidedTicks=1
DrawOnly=//nfs/farm/g/theory/qcdsim/shoeche/runs/lhjets/hj/mcnlo/css/run.yoda/LH2017_ZHSHAPES/psi_0.9_800 //nfs/farm/g/theory/qcdsim/shoeche/runs/lhjets/hj/mcnlo/css-1em/run.yoda/LH2017_ZHSHAPES/psi_0.9_800 //nfs/farm/g/theory/qcdsim/shoeche/runs/lhjets/hj/nlo/cs/run.yoda/LH2017_ZHSHAPES/psi_0.9_800
RatioPlotReference=//nfs/farm/g/theory/qcdsim/shoeche/runs/lhjets/hj/nlo/cs/run.yoda/LH2017_ZHSHAPES/psi_0.9_800
XTwosidedTicks=1
YTwosidedTicks=1
TopMargin=0.0
RatioPlot=1
BottomMargin=0.0
MainPlot=0
RatioPlotYSize=2.5
XMax=0.9
DrawSpecialInRatio=1
LegendXPos=0.35
LegendYPos=0.8
LogY=1
RatioPlotYLabel=
LegendOnly=//nfs/farm/g/theory/qcdsim/shoeche/runs/lhjets/hj/mcnlo/css/run.yoda/LH2017_ZHSHAPES/psi_0.9_800
RatioPlotSameStyle=1
YTwosidedTicks=1
Legend=1
# END PLOT
# BEGIN SPECIAL text
\rput[br](0.95,0.2){$k_T>800GeV$}
# END SPECIAL

# BEGIN HISTO1D //nfs/farm/g/theory/qcdsim/shoeche/runs/lhjets/hj/mcnlo/css/run.yoda/LH2017_ZHSHAPES/psi_0.9_800
ErrorBars=1
LineColor=red
LineStyle=solid
Path=//nfs/farm/g/theory/qcdsim/shoeche/runs/lhjets/hj/mcnlo/css/run.yoda/LH2017_ZHSHAPES/psi_0.9_800
Title=MC@NLO
XLabel=
YLabel=
# xlow	 xhigh	 val	 errminus	 errplus
0.000000e+00	1.000000e-02	2.160764e-01	4.814388e-04	4.814388e-04
1.000000e-02	2.000000e-02	3.554034e-01	5.492997e-04	5.492997e-04
2.000000e-02	3.000000e-02	4.487276e-01	5.625587e-04	5.625587e-04
3.000000e-02	4.000000e-02	5.174477e-01	5.576013e-04	5.576013e-04
4.000000e-02	5.000000e-02	5.712032e-01	5.449319e-04	5.449319e-04
5.000000e-02	6.000000e-02	6.144449e-01	5.288315e-04	5.288315e-04
6.000000e-02	7.000000e-02	6.502945e-01	5.112281e-04	5.112281e-04
7.000000e-02	8.000000e-02	6.805088e-01	4.932059e-04	4.932059e-04
8.000000e-02	9.000000e-02	7.064570e-01	4.749240e-04	4.749240e-04
9.000000e-02	1.000000e-01	7.290480e-01	4.569236e-04	4.569236e-04
1.000000e-01	1.100000e-01	7.489100e-01	4.393317e-04	4.393317e-04
1.100000e-01	1.200000e-01	7.664236e-01	4.223982e-04	4.223982e-04
1.200000e-01	1.300000e-01	7.820078e-01	4.061098e-04	4.061098e-04
1.300000e-01	1.400000e-01	7.961961e-01	3.900247e-04	3.900247e-04
1.400000e-01	1.500000e-01	8.087952e-01	3.749731e-04	3.749731e-04
1.500000e-01	1.600000e-01	8.204027e-01	3.600622e-04	3.600622e-04
1.600000e-01	1.700000e-01	8.309721e-01	3.458777e-04	3.458777e-04
1.700000e-01	1.800000e-01	8.406533e-01	3.321590e-04	3.321590e-04
1.800000e-01	1.900000e-01	8.494220e-01	3.191288e-04	3.191288e-04
1.900000e-01	2.000000e-01	8.575843e-01	3.064501e-04	3.064501e-04
2.000000e-01	2.100000e-01	8.651674e-01	2.940393e-04	2.940393e-04
2.100000e-01	2.200000e-01	8.721975e-01	2.820957e-04	2.820957e-04
2.200000e-01	2.300000e-01	8.787835e-01	2.705455e-04	2.705455e-04
2.300000e-01	2.400000e-01	8.848602e-01	2.595667e-04	2.595667e-04
2.400000e-01	2.500000e-01	8.905470e-01	2.488739e-04	2.488739e-04
2.500000e-01	2.600000e-01	8.959757e-01	2.382478e-04	2.382478e-04
2.600000e-01	2.700000e-01	9.010584e-01	2.280415e-04	2.280415e-04
2.700000e-01	2.800000e-01	9.058248e-01	2.181884e-04	2.181884e-04
2.800000e-01	2.900000e-01	9.103284e-01	2.086208e-04	2.086208e-04
2.900000e-01	3.000000e-01	9.145857e-01	1.992027e-04	1.992027e-04
3.000000e-01	3.100000e-01	9.185307e-01	1.903850e-04	1.903850e-04
3.100000e-01	3.200000e-01	9.223101e-01	1.819191e-04	1.819191e-04
3.200000e-01	3.300000e-01	9.259115e-01	1.735920e-04	1.735920e-04
3.300000e-01	3.400000e-01	9.293206e-01	1.656575e-04	1.656575e-04
3.400000e-01	3.500000e-01	9.324974e-01	1.581793e-04	1.581793e-04
3.500000e-01	3.600000e-01	9.354891e-01	1.512531e-04	1.512531e-04
3.600000e-01	3.700000e-01	9.383898e-01	1.441862e-04	1.441862e-04
3.700000e-01	3.800000e-01	9.411759e-01	1.375462e-04	1.375462e-04
3.800000e-01	3.900000e-01	9.438302e-01	1.312317e-04	1.312317e-04
3.900000e-01	4.000000e-01	9.463598e-01	1.252952e-04	1.252952e-04
4.000000e-01	4.100000e-01	9.487787e-01	1.196842e-04	1.196842e-04
4.100000e-01	4.200000e-01	9.511027e-01	1.141982e-04	1.141982e-04
4.200000e-01	4.300000e-01	9.533035e-01	1.092455e-04	1.092455e-04
4.300000e-01	4.400000e-01	9.554353e-01	1.045500e-04	1.045500e-04
4.400000e-01	4.500000e-01	9.574925e-01	1.000987e-04	1.000987e-04
4.500000e-01	4.600000e-01	9.594689e-01	9.592221e-05	9.592221e-05
4.600000e-01	4.700000e-01	9.613426e-01	9.198670e-05	9.198670e-05
4.700000e-01	4.800000e-01	9.631676e-01	8.820882e-05	8.820882e-05
4.800000e-01	4.900000e-01	9.649267e-01	8.454046e-05	8.454046e-05
4.900000e-01	5.000000e-01	9.666010e-01	8.108845e-05	8.108845e-05
5.000000e-01	5.100000e-01	9.682149e-01	7.777175e-05	7.777175e-05
5.100000e-01	5.200000e-01	9.698014e-01	7.444255e-05	7.444255e-05
5.200000e-01	5.300000e-01	9.713102e-01	7.134632e-05	7.134632e-05
5.300000e-01	5.400000e-01	9.727437e-01	6.835118e-05	6.835118e-05
5.400000e-01	5.500000e-01	9.741348e-01	6.545082e-05	6.545082e-05
5.500000e-01	5.600000e-01	9.754647e-01	6.262967e-05	6.262967e-05
5.600000e-01	5.700000e-01	9.767695e-01	5.985216e-05	5.985216e-05
5.700000e-01	5.800000e-01	9.780609e-01	5.700788e-05	5.700788e-05
5.800000e-01	5.900000e-01	9.792880e-01	5.435964e-05	5.435964e-05
5.900000e-01	6.000000e-01	9.804932e-01	5.161489e-05	5.161489e-05
6.000000e-01	6.100000e-01	9.816285e-01	4.909431e-05	4.909431e-05
6.100000e-01	6.200000e-01	9.827199e-01	4.666100e-05	4.666100e-05
6.200000e-01	6.300000e-01	9.837854e-01	4.427141e-05	4.427141e-05
6.300000e-01	6.400000e-01	9.848014e-01	4.198493e-05	4.198493e-05
6.400000e-01	6.500000e-01	9.857783e-01	3.974887e-05	3.974887e-05
6.500000e-01	6.600000e-01	9.867410e-01	3.748672e-05	3.748672e-05
6.600000e-01	6.700000e-01	9.876464e-01	3.537592e-05	3.537592e-05
6.700000e-01	6.800000e-01	9.885409e-01	3.318248e-05	3.318248e-05
6.800000e-01	6.900000e-01	9.893749e-01	3.120235e-05	3.120235e-05
6.900000e-01	7.000000e-01	9.901854e-01	2.926065e-05	2.926065e-05
7.000000e-01	7.100000e-01	9.909535e-01	2.740685e-05	2.740685e-05
7.100000e-01	7.200000e-01	9.917012e-01	2.557529e-05	2.557529e-05
7.200000e-01	7.300000e-01	9.924215e-01	2.371495e-05	2.371495e-05
7.300000e-01	7.400000e-01	9.931127e-01	2.200304e-05	2.200304e-05
7.400000e-01	7.500000e-01	9.937702e-01	2.031747e-05	2.031747e-05
7.500000e-01	7.600000e-01	9.943987e-01	1.867377e-05	1.867377e-05
7.600000e-01	7.700000e-01	9.950076e-01	1.701660e-05	1.701660e-05
7.700000e-01	7.800000e-01	9.955890e-01	1.542760e-05	1.542760e-05
7.800000e-01	7.900000e-01	9.961366e-01	1.398030e-05	1.398030e-05
7.900000e-01	8.000000e-01	9.966599e-01	1.247263e-05	1.247263e-05
8.000000e-01	8.100000e-01	9.971535e-01	1.112311e-05	1.112311e-05
8.100000e-01	8.200000e-01	9.976258e-01	9.739334e-06	9.739334e-06
8.200000e-01	8.300000e-01	9.980636e-01	8.384190e-06	8.384190e-06
8.300000e-01	8.400000e-01	9.984841e-01	7.091188e-06	7.091188e-06
8.400000e-01	8.500000e-01	9.988615e-01	5.786186e-06	5.786186e-06
8.500000e-01	8.600000e-01	9.991989e-01	4.623141e-06	4.623141e-06
8.600000e-01	8.700000e-01	9.994924e-01	3.574110e-06	3.574110e-06
8.700000e-01	8.800000e-01	9.997301e-01	2.545860e-06	2.545860e-06
8.800000e-01	8.900000e-01	9.998870e-01	1.618680e-06	1.618680e-06
8.900000e-01	9.000000e-01	9.999388e-01	1.623364e-06	1.623364e-06
9.000000e-01	9.100000e-01	9.999459e-01	1.623786e-06	1.623786e-06
9.100000e-01	9.200000e-01	9.999529e-01	1.624156e-06	1.624156e-06
9.200000e-01	9.300000e-01	9.999584e-01	1.624409e-06	1.624409e-06
9.300000e-01	9.400000e-01	9.999639e-01	1.148309e-06	1.148309e-06
9.400000e-01	9.500000e-01	9.999678e-01	1.148506e-06	1.148506e-06
9.500000e-01	9.600000e-01	9.999718e-01	1.148679e-06	1.148679e-06
9.600000e-01	9.700000e-01	9.999749e-01	1.148802e-06	1.148802e-06
9.700000e-01	9.800000e-01	9.999780e-01	1.148910e-06	1.148910e-06
9.800000e-01	9.900000e-01	9.999812e-01	2.443184e-08	2.443184e-08
9.900000e-01	1.000000e+00	9.999835e-01	2.137786e-08	2.137786e-08
1.000000e+00	1.010000e+00	9.999859e-01	1.832388e-08	1.832388e-08
1.010000e+00	1.020000e+00	9.999874e-01	1.149148e-06	1.149148e-06
1.020000e+00	1.030000e+00	9.999898e-01	1.323391e-08	1.323391e-08
1.030000e+00	1.040000e+00	9.999906e-01	1.149199e-06	1.149199e-06
1.040000e+00	1.050000e+00	9.999922e-01	1.017993e-08	1.017993e-08
1.050000e+00	1.060000e+00	9.999937e-01	1.149293e-06	1.149293e-06
1.060000e+00	1.070000e+00	9.999945e-01	7.125953e-09	7.125953e-09
1.070000e+00	1.080000e+00	9.999953e-01	1.149248e-06	1.149248e-06
1.080000e+00	1.090000e+00	9.999969e-01	1.149271e-06	1.149271e-06
1.090000e+00	1.100000e+00	9.999969e-01	1.149257e-06	1.149257e-06
1.100000e+00	1.110000e+00	9.999976e-01	3.053980e-09	3.053980e-09
1.110000e+00	1.120000e+00	9.999984e-01	1.149266e-06	1.149266e-06
1.120000e+00	1.130000e+00	9.999984e-01	2.035986e-09	2.035986e-09
1.130000e+00	1.140000e+00	9.999992e-01	1.149264e-06	1.149264e-06
1.140000e+00	1.150000e+00	9.999992e-01	1.017993e-09	1.017993e-09
1.150000e+00	1.160000e+00	9.999992e-01	1.017993e-09	1.017993e-09
1.160000e+00	1.170000e+00	9.999992e-01	1.149263e-06	1.149263e-06
1.170000e+00	1.180000e+00	9.999992e-01	1.149263e-06	1.149263e-06
1.180000e+00	1.190000e+00	1.000000e+00	1.149264e-06	1.149264e-06
1.190000e+00	1.200000e+00	1.000000e+00	1.149264e-06	1.149264e-06
1.200000e+00	1.210000e+00	1.000000e+00	0.000000e+00	0.000000e+00
1.210000e+00	1.220000e+00	1.000000e+00	0.000000e+00	0.000000e+00
1.220000e+00	1.230000e+00	1.000000e+00	0.000000e+00	0.000000e+00
1.230000e+00	1.240000e+00	1.000000e+00	0.000000e+00	0.000000e+00
1.240000e+00	1.250000e+00	1.000000e+00	0.000000e+00	0.000000e+00
1.250000e+00	1.260000e+00	1.000000e+00	0.000000e+00	0.000000e+00
1.260000e+00	1.270000e+00	1.000000e+00	0.000000e+00	0.000000e+00
1.270000e+00	1.280000e+00	1.000000e+00	0.000000e+00	0.000000e+00
1.280000e+00	1.290000e+00	1.000000e+00	0.000000e+00	0.000000e+00
1.290000e+00	1.300000e+00	1.000000e+00	0.000000e+00	0.000000e+00
1.300000e+00	1.310000e+00	1.000000e+00	0.000000e+00	0.000000e+00
1.310000e+00	1.320000e+00	1.000000e+00	0.000000e+00	0.000000e+00
1.320000e+00	1.330000e+00	1.000000e+00	0.000000e+00	0.000000e+00
1.330000e+00	1.340000e+00	1.000000e+00	0.000000e+00	0.000000e+00
1.340000e+00	1.350000e+00	1.000000e+00	0.000000e+00	0.000000e+00
1.350000e+00	1.360000e+00	1.000000e+00	0.000000e+00	0.000000e+00
1.360000e+00	1.370000e+00	1.000000e+00	0.000000e+00	0.000000e+00
1.370000e+00	1.380000e+00	1.000000e+00	0.000000e+00	0.000000e+00
1.380000e+00	1.390000e+00	1.000000e+00	0.000000e+00	0.000000e+00
1.390000e+00	1.400000e+00	1.000000e+00	0.000000e+00	0.000000e+00
1.400000e+00	1.410000e+00	1.000000e+00	0.000000e+00	0.000000e+00
1.410000e+00	1.420000e+00	1.000000e+00	0.000000e+00	0.000000e+00
1.420000e+00	1.430000e+00	1.000000e+00	0.000000e+00	0.000000e+00
1.430000e+00	1.440000e+00	1.000000e+00	0.000000e+00	0.000000e+00
1.440000e+00	1.450000e+00	1.000000e+00	0.000000e+00	0.000000e+00
1.450000e+00	1.460000e+00	1.000000e+00	0.000000e+00	0.000000e+00
1.460000e+00	1.470000e+00	1.000000e+00	0.000000e+00	0.000000e+00
1.470000e+00	1.480000e+00	1.000000e+00	0.000000e+00	0.000000e+00
1.480000e+00	1.490000e+00	1.000000e+00	0.000000e+00	0.000000e+00
1.490000e+00	1.500000e+00	1.000000e+00	0.000000e+00	0.000000e+00
# END HISTO1D

# BEGIN HISTO1D //nfs/farm/g/theory/qcdsim/shoeche/runs/lhjets/hj/mcnlo/css-1em/run.yoda/LH2017_ZHSHAPES/psi_0.9_800
ErrorBars=1
LineColor=blue
LineStyle=solid
Path=//nfs/farm/g/theory/qcdsim/shoeche/runs/lhjets/hj/mcnlo/css-1em/run.yoda/LH2017_ZHSHAPES/psi_0.9_800
Title=MC@NLO~1em
XLabel=
YLabel=
# xlow	 xhigh	 val	 errminus	 errplus
0.000000e+00	1.000000e-02	7.967102e-01	1.159388e-03	1.159388e-03
1.000000e-02	2.000000e-02	8.062567e-01	1.135945e-03	1.135945e-03
2.000000e-02	3.000000e-02	8.180332e-01	1.104825e-03	1.104825e-03
3.000000e-02	4.000000e-02	8.296555e-01	1.071345e-03	1.071345e-03
4.000000e-02	5.000000e-02	8.414518e-01	1.034712e-03	1.034712e-03
5.000000e-02	6.000000e-02	8.520406e-01	9.992832e-04	9.992832e-04
6.000000e-02	7.000000e-02	8.620885e-01	9.631337e-04	9.631337e-04
7.000000e-02	8.000000e-02	8.710340e-01	9.293154e-04	9.293154e-04
8.000000e-02	9.000000e-02	8.793081e-01	8.960635e-04	8.960635e-04
9.000000e-02	1.000000e-01	8.875921e-01	8.608464e-04	8.608464e-04
1.000000e-01	1.100000e-01	8.948231e-01	8.279315e-04	8.279315e-04
1.100000e-01	1.200000e-01	9.011854e-01	7.978204e-04	7.978204e-04
1.200000e-01	1.300000e-01	9.072427e-01	7.676711e-04	7.676711e-04
1.300000e-01	1.400000e-01	9.129623e-01	7.371777e-04	7.371777e-04
1.400000e-01	1.500000e-01	9.179944e-01	7.095272e-04	7.095272e-04
1.500000e-01	1.600000e-01	9.226514e-01	6.829279e-04	6.829279e-04
1.600000e-01	1.700000e-01	9.272412e-01	6.554991e-04	6.554991e-04
1.700000e-01	1.800000e-01	9.314275e-01	6.291888e-04	6.291888e-04
1.800000e-01	1.900000e-01	9.352197e-01	6.047727e-04	6.047727e-04
1.900000e-01	2.000000e-01	9.389583e-01	5.798345e-04	5.798345e-04
2.000000e-01	2.100000e-01	9.422420e-01	5.574668e-04	5.574668e-04
2.100000e-01	2.200000e-01	9.456135e-01	5.331654e-04	5.331654e-04
2.200000e-01	2.300000e-01	9.486177e-01	5.108892e-04	5.108892e-04
2.300000e-01	2.400000e-01	9.517312e-01	4.865676e-04	4.865676e-04
2.400000e-01	2.500000e-01	9.543484e-01	4.654773e-04	4.654773e-04
2.500000e-01	2.600000e-01	9.569109e-01	4.444505e-04	4.444505e-04
2.600000e-01	2.700000e-01	9.592253e-01	4.246949e-04	4.246949e-04
2.700000e-01	2.800000e-01	9.614750e-01	4.045242e-04	4.045242e-04
2.800000e-01	2.900000e-01	9.635982e-01	3.854849e-04	3.854849e-04
2.900000e-01	3.000000e-01	9.655264e-01	3.673203e-04	3.673203e-04
3.000000e-01	3.100000e-01	9.674783e-01	3.496548e-04	3.496548e-04
3.100000e-01	3.200000e-01	9.692524e-01	3.324865e-04	3.324865e-04
3.200000e-01	3.300000e-01	9.709661e-01	3.137773e-04	3.137773e-04
3.300000e-01	3.400000e-01	9.726290e-01	2.969400e-04	2.969400e-04
3.400000e-01	3.500000e-01	9.741488e-01	2.808824e-04	2.808824e-04
3.500000e-01	3.600000e-01	9.755050e-01	2.663414e-04	2.663414e-04
3.600000e-01	3.700000e-01	9.769205e-01	2.520047e-04	2.520047e-04
3.700000e-01	3.800000e-01	9.781876e-01	2.387094e-04	2.387094e-04
3.800000e-01	3.900000e-01	9.794440e-01	2.259640e-04	2.259640e-04
3.900000e-01	4.000000e-01	9.806045e-01	2.140861e-04	2.140861e-04
4.000000e-01	4.100000e-01	9.817657e-01	2.017695e-04	2.017695e-04
4.100000e-01	4.200000e-01	9.828301e-01	1.915597e-04	1.915597e-04
4.200000e-01	4.300000e-01	9.838598e-01	1.814242e-04	1.814242e-04
4.300000e-01	4.400000e-01	9.849243e-01	1.715529e-04	1.715529e-04
4.400000e-01	4.500000e-01	9.858840e-01	1.636827e-04	1.636827e-04
4.500000e-01	4.600000e-01	9.867641e-01	1.570377e-04	1.570377e-04
4.600000e-01	4.700000e-01	9.875602e-01	1.507058e-04	1.507058e-04
4.700000e-01	4.800000e-01	9.884014e-01	1.439574e-04	1.439574e-04
4.800000e-01	4.900000e-01	9.891986e-01	1.371642e-04	1.371642e-04
4.900000e-01	5.000000e-01	9.899503e-01	1.307388e-04	1.307388e-04
5.000000e-01	5.100000e-01	9.906358e-01	1.247063e-04	1.247063e-04
5.100000e-01	5.200000e-01	9.912491e-01	1.191058e-04	1.191058e-04
5.200000e-01	5.300000e-01	9.918854e-01	1.133127e-04	1.133127e-04
5.300000e-01	5.400000e-01	9.924906e-01	1.075719e-04	1.075719e-04
5.400000e-01	5.500000e-01	9.930007e-01	1.026831e-04	1.026831e-04
5.500000e-01	5.600000e-01	9.935574e-01	9.716170e-05	9.716170e-05
5.600000e-01	5.700000e-01	9.940594e-01	9.218436e-05	9.218436e-05
5.700000e-01	5.800000e-01	9.945213e-01	8.753298e-05	8.753298e-05
5.800000e-01	5.900000e-01	9.949996e-01	8.241452e-05	8.241452e-05
5.900000e-01	6.000000e-01	9.954298e-01	7.762733e-05	7.762733e-05
6.000000e-01	6.100000e-01	9.958350e-01	7.310261e-05	7.310261e-05
6.100000e-01	6.200000e-01	9.962541e-01	6.786839e-05	6.786839e-05
6.200000e-01	6.300000e-01	9.966170e-01	6.333614e-05	6.333614e-05
6.300000e-01	6.400000e-01	9.969836e-01	5.889661e-05	5.889661e-05
6.400000e-01	6.500000e-01	9.972907e-01	5.483627e-05	5.483627e-05
6.500000e-01	6.600000e-01	9.976076e-01	5.047008e-05	5.047008e-05
6.600000e-01	6.700000e-01	9.978829e-01	4.637905e-05	4.637905e-05
6.700000e-01	6.800000e-01	9.981177e-01	4.298337e-05	4.298337e-05
6.800000e-01	6.900000e-01	9.983379e-01	3.964079e-05	3.964079e-05
6.900000e-01	7.000000e-01	9.985341e-01	3.653922e-05	3.653922e-05
7.000000e-01	7.100000e-01	9.987168e-01	3.356334e-05	3.356334e-05
7.100000e-01	7.200000e-01	9.989130e-01	3.008098e-05	3.008098e-05
7.200000e-01	7.300000e-01	9.990915e-01	2.660336e-05	2.660336e-05
7.300000e-01	7.400000e-01	9.992403e-01	2.374247e-05	2.374247e-05
7.400000e-01	7.500000e-01	9.993611e-01	2.115650e-05	2.115650e-05
7.500000e-01	7.600000e-01	9.994693e-01	1.879813e-05	1.879813e-05
7.600000e-01	7.700000e-01	9.995702e-01	1.648028e-05	1.648028e-05
7.700000e-01	7.800000e-01	9.996620e-01	1.399862e-05	1.399862e-05
7.800000e-01	7.900000e-01	9.997404e-01	1.179758e-05	1.179758e-05
7.900000e-01	8.000000e-01	9.998073e-01	9.745294e-06	9.745294e-06
8.000000e-01	8.100000e-01	9.998624e-01	7.757971e-06	7.757971e-06
8.100000e-01	8.200000e-01	9.999017e-01	6.166967e-06	6.166967e-06
8.200000e-01	8.300000e-01	9.999361e-01	4.361419e-06	4.361419e-06
8.300000e-01	8.400000e-01	9.999602e-01	3.562409e-06	3.562409e-06
8.400000e-01	8.500000e-01	9.999790e-01	1.781095e-06	1.781095e-06
8.500000e-01	8.600000e-01	9.999924e-01	1.781990e-06	1.781990e-06
8.600000e-01	8.700000e-01	9.999969e-01	1.782104e-06	1.782104e-06
8.700000e-01	8.800000e-01	9.999996e-01	1.782126e-06	1.782126e-06
8.800000e-01	8.900000e-01	1.000000e+00	0.000000e+00	0.000000e+00
8.900000e-01	9.000000e-01	1.000000e+00	0.000000e+00	0.000000e+00
9.000000e-01	9.100000e-01	1.000000e+00	0.000000e+00	0.000000e+00
9.100000e-01	9.200000e-01	1.000000e+00	0.000000e+00	0.000000e+00
9.200000e-01	9.300000e-01	1.000000e+00	0.000000e+00	0.000000e+00
9.300000e-01	9.400000e-01	1.000000e+00	0.000000e+00	0.000000e+00
9.400000e-01	9.500000e-01	1.000000e+00	0.000000e+00	0.000000e+00
9.500000e-01	9.600000e-01	1.000000e+00	0.000000e+00	0.000000e+00
9.600000e-01	9.700000e-01	1.000000e+00	0.000000e+00	0.000000e+00
9.700000e-01	9.800000e-01	1.000000e+00	0.000000e+00	0.000000e+00
9.800000e-01	9.900000e-01	1.000000e+00	0.000000e+00	0.000000e+00
9.900000e-01	1.000000e+00	1.000000e+00	0.000000e+00	0.000000e+00
1.000000e+00	1.010000e+00	1.000000e+00	0.000000e+00	0.000000e+00
1.010000e+00	1.020000e+00	1.000000e+00	0.000000e+00	0.000000e+00
1.020000e+00	1.030000e+00	1.000000e+00	0.000000e+00	0.000000e+00
1.030000e+00	1.040000e+00	1.000000e+00	0.000000e+00	0.000000e+00
1.040000e+00	1.050000e+00	1.000000e+00	0.000000e+00	0.000000e+00
1.050000e+00	1.060000e+00	1.000000e+00	0.000000e+00	0.000000e+00
1.060000e+00	1.070000e+00	1.000000e+00	0.000000e+00	0.000000e+00
1.070000e+00	1.080000e+00	1.000000e+00	0.000000e+00	0.000000e+00
1.080000e+00	1.090000e+00	1.000000e+00	0.000000e+00	0.000000e+00
1.090000e+00	1.100000e+00	1.000000e+00	0.000000e+00	0.000000e+00
1.100000e+00	1.110000e+00	1.000000e+00	0.000000e+00	0.000000e+00
1.110000e+00	1.120000e+00	1.000000e+00	0.000000e+00	0.000000e+00
1.120000e+00	1.130000e+00	1.000000e+00	0.000000e+00	0.000000e+00
1.130000e+00	1.140000e+00	1.000000e+00	0.000000e+00	0.000000e+00
1.140000e+00	1.150000e+00	1.000000e+00	0.000000e+00	0.000000e+00
1.150000e+00	1.160000e+00	1.000000e+00	0.000000e+00	0.000000e+00
1.160000e+00	1.170000e+00	1.000000e+00	0.000000e+00	0.000000e+00
1.170000e+00	1.180000e+00	1.000000e+00	0.000000e+00	0.000000e+00
1.180000e+00	1.190000e+00	1.000000e+00	0.000000e+00	0.000000e+00
1.190000e+00	1.200000e+00	1.000000e+00	0.000000e+00	0.000000e+00
1.200000e+00	1.210000e+00	1.000000e+00	0.000000e+00	0.000000e+00
1.210000e+00	1.220000e+00	1.000000e+00	0.000000e+00	0.000000e+00
1.220000e+00	1.230000e+00	1.000000e+00	0.000000e+00	0.000000e+00
1.230000e+00	1.240000e+00	1.000000e+00	0.000000e+00	0.000000e+00
1.240000e+00	1.250000e+00	1.000000e+00	0.000000e+00	0.000000e+00
1.250000e+00	1.260000e+00	1.000000e+00	0.000000e+00	0.000000e+00
1.260000e+00	1.270000e+00	1.000000e+00	0.000000e+00	0.000000e+00
1.270000e+00	1.280000e+00	1.000000e+00	0.000000e+00	0.000000e+00
1.280000e+00	1.290000e+00	1.000000e+00	0.000000e+00	0.000000e+00
1.290000e+00	1.300000e+00	1.000000e+00	0.000000e+00	0.000000e+00
1.300000e+00	1.310000e+00	1.000000e+00	0.000000e+00	0.000000e+00
1.310000e+00	1.320000e+00	1.000000e+00	0.000000e+00	0.000000e+00
1.320000e+00	1.330000e+00	1.000000e+00	0.000000e+00	0.000000e+00
1.330000e+00	1.340000e+00	1.000000e+00	0.000000e+00	0.000000e+00
1.340000e+00	1.350000e+00	1.000000e+00	0.000000e+00	0.000000e+00
1.350000e+00	1.360000e+00	1.000000e+00	0.000000e+00	0.000000e+00
1.360000e+00	1.370000e+00	1.000000e+00	0.000000e+00	0.000000e+00
1.370000e+00	1.380000e+00	1.000000e+00	0.000000e+00	0.000000e+00
1.380000e+00	1.390000e+00	1.000000e+00	0.000000e+00	0.000000e+00
1.390000e+00	1.400000e+00	1.000000e+00	0.000000e+00	0.000000e+00
1.400000e+00	1.410000e+00	1.000000e+00	0.000000e+00	0.000000e+00
1.410000e+00	1.420000e+00	1.000000e+00	0.000000e+00	0.000000e+00
1.420000e+00	1.430000e+00	1.000000e+00	0.000000e+00	0.000000e+00
1.430000e+00	1.440000e+00	1.000000e+00	0.000000e+00	0.000000e+00
1.440000e+00	1.450000e+00	1.000000e+00	0.000000e+00	0.000000e+00
1.450000e+00	1.460000e+00	1.000000e+00	0.000000e+00	0.000000e+00
1.460000e+00	1.470000e+00	1.000000e+00	0.000000e+00	0.000000e+00
1.470000e+00	1.480000e+00	1.000000e+00	0.000000e+00	0.000000e+00
1.480000e+00	1.490000e+00	1.000000e+00	0.000000e+00	0.000000e+00
1.490000e+00	1.500000e+00	1.000000e+00	0.000000e+00	0.000000e+00
# END HISTO1D

# BEGIN HISTO1D //nfs/farm/g/theory/qcdsim/shoeche/runs/lhjets/hj/nlo/cs/run.yoda/LH2017_ZHSHAPES/psi_0.9_800
ErrorBars=0
LineColor={[HTML]{2da334}}
LineStyle=solid
Path=//nfs/farm/g/theory/qcdsim/shoeche/runs/lhjets/hj/nlo/cs/run.yoda/LH2017_ZHSHAPES/psi_0.9_800
Title=NLO
XLabel=
YLabel=
# xlow	 xhigh	 val	 errminus	 errplus
0.000000e+00	1.000000e-02	4.739981e-01	1.705739e-01	1.705739e-01
1.000000e-02	2.000000e-02	6.285430e-01	1.645905e-01	1.645905e-01
2.000000e-02	3.000000e-02	7.040239e-01	1.536772e-01	1.536772e-01
3.000000e-02	4.000000e-02	7.524169e-01	1.437175e-01	1.437175e-01
4.000000e-02	5.000000e-02	7.873699e-01	1.349335e-01	1.349335e-01
5.000000e-02	6.000000e-02	8.127723e-01	1.271752e-01	1.271752e-01
6.000000e-02	7.000000e-02	8.331185e-01	1.201737e-01	1.201737e-01
7.000000e-02	8.000000e-02	8.497382e-01	1.138217e-01	1.138217e-01
8.000000e-02	9.000000e-02	8.634159e-01	1.080913e-01	1.080913e-01
9.000000e-02	1.000000e-01	8.751713e-01	1.027768e-01	1.027768e-01
1.000000e-01	1.100000e-01	8.854471e-01	9.779317e-02	9.779317e-02
1.100000e-01	1.200000e-01	8.944010e-01	9.314577e-02	9.314577e-02
1.200000e-01	1.300000e-01	9.022032e-01	8.886545e-02	8.886545e-02
1.300000e-01	1.400000e-01	9.089723e-01	8.488725e-02	8.488725e-02
1.400000e-01	1.500000e-01	9.151426e-01	8.106317e-02	8.106317e-02
1.500000e-01	1.600000e-01	9.207920e-01	7.748992e-02	7.748992e-02
1.600000e-01	1.700000e-01	9.257823e-01	7.407239e-02	7.407239e-02
1.700000e-01	1.800000e-01	9.303320e-01	7.083321e-02	7.083321e-02
1.800000e-01	1.900000e-01	9.345448e-01	6.773304e-02	6.773304e-02
1.900000e-01	2.000000e-01	9.385551e-01	6.455134e-02	6.455134e-02
2.000000e-01	2.100000e-01	9.421109e-01	6.176473e-02	6.176473e-02
2.100000e-01	2.200000e-01	9.453596e-01	5.904063e-02	5.904063e-02
2.200000e-01	2.300000e-01	9.484328e-01	5.642951e-02	5.642951e-02
2.300000e-01	2.400000e-01	9.512764e-01	5.391464e-02	5.391464e-02
2.400000e-01	2.500000e-01	9.538710e-01	5.150737e-02	5.150737e-02
2.500000e-01	2.600000e-01	9.563080e-01	4.917987e-02	4.917987e-02
2.600000e-01	2.700000e-01	9.586111e-01	4.690525e-02	4.690525e-02
2.700000e-01	2.800000e-01	9.607998e-01	4.472959e-02	4.472959e-02
2.800000e-01	2.900000e-01	9.629167e-01	4.258489e-02	4.258489e-02
2.900000e-01	3.000000e-01	9.647982e-01	4.058495e-02	4.058495e-02
3.000000e-01	3.100000e-01	9.666362e-01	3.863590e-02	3.863590e-02
3.100000e-01	3.200000e-01	9.683546e-01	3.672613e-02	3.672613e-02
3.200000e-01	3.300000e-01	9.699800e-01	3.490858e-02	3.490858e-02
3.300000e-01	3.400000e-01	9.715261e-01	3.311677e-02	3.311677e-02
3.400000e-01	3.500000e-01	9.730090e-01	3.139233e-02	3.139233e-02
3.500000e-01	3.600000e-01	9.744138e-01	2.974266e-02	2.974266e-02
3.600000e-01	3.700000e-01	9.757350e-01	2.817970e-02	2.817970e-02
3.700000e-01	3.800000e-01	9.769696e-01	2.672476e-02	2.672476e-02
3.800000e-01	3.900000e-01	9.781538e-01	2.532120e-02	2.532120e-02
3.900000e-01	4.000000e-01	9.792985e-01	2.397866e-02	2.397866e-02
4.000000e-01	4.100000e-01	9.803844e-01	2.276554e-02	2.276554e-02
4.100000e-01	4.200000e-01	9.814022e-01	2.164515e-02	2.164515e-02
4.200000e-01	4.300000e-01	9.824047e-01	2.058182e-02	2.058182e-02
4.300000e-01	4.400000e-01	9.833321e-01	1.965462e-02	1.965462e-02
4.400000e-01	4.500000e-01	9.842567e-01	1.882423e-02	1.882423e-02
4.500000e-01	4.600000e-01	9.850918e-01	1.810374e-02	1.810374e-02
4.600000e-01	4.700000e-01	9.859118e-01	1.737156e-02	1.737156e-02
4.700000e-01	4.800000e-01	9.867057e-01	1.664714e-02	1.664714e-02
4.800000e-01	4.900000e-01	9.874694e-01	1.596927e-02	1.596927e-02
4.900000e-01	5.000000e-01	9.881905e-01	1.530648e-02	1.530648e-02
5.000000e-01	5.100000e-01	9.888560e-01	1.467273e-02	1.467273e-02
5.100000e-01	5.200000e-01	9.895055e-01	1.405544e-02	1.405544e-02
5.200000e-01	5.300000e-01	9.901414e-01	1.343734e-02	1.343734e-02
5.300000e-01	5.400000e-01	9.907475e-01	1.284331e-02	1.284331e-02
5.400000e-01	5.500000e-01	9.913336e-01	1.224150e-02	1.224150e-02
5.500000e-01	5.600000e-01	9.918867e-01	1.166290e-02	1.166290e-02
5.600000e-01	5.700000e-01	9.924062e-01	1.111904e-02	1.111904e-02
5.700000e-01	5.800000e-01	9.929180e-01	1.055773e-02	1.055773e-02
5.800000e-01	5.900000e-01	9.933948e-01	1.002165e-02	1.002165e-02
5.900000e-01	6.000000e-01	9.938633e-01	9.501807e-03	9.501807e-03
6.000000e-01	6.100000e-01	9.942972e-01	9.002672e-03	9.002672e-03
6.100000e-01	6.200000e-01	9.947213e-01	8.505336e-03	8.505336e-03
6.200000e-01	6.300000e-01	9.951273e-01	8.017248e-03	8.017248e-03
6.300000e-01	6.400000e-01	9.955021e-01	7.558288e-03	7.558288e-03
6.400000e-01	6.500000e-01	9.958549e-01	7.110867e-03	7.110867e-03
6.500000e-01	6.600000e-01	9.961998e-01	6.667729e-03	6.667729e-03
6.600000e-01	6.700000e-01	9.965150e-01	6.258583e-03	6.258583e-03
6.700000e-01	6.800000e-01	9.968398e-01	5.824936e-03	5.824936e-03
6.800000e-01	6.900000e-01	9.971332e-01	5.424003e-03	5.424003e-03
6.900000e-01	7.000000e-01	9.974179e-01	5.029770e-03	5.029770e-03
7.000000e-01	7.100000e-01	9.976797e-01	4.637408e-03	4.637408e-03
7.100000e-01	7.200000e-01	9.979184e-01	4.284354e-03	4.284354e-03
7.200000e-01	7.300000e-01	9.981463e-01	3.926112e-03	3.926112e-03
7.300000e-01	7.400000e-01	9.983582e-01	3.589385e-03	3.589385e-03
7.400000e-01	7.500000e-01	9.985569e-01	3.262825e-03	3.262825e-03
7.500000e-01	7.600000e-01	9.987416e-01	2.947848e-03	2.947848e-03
7.600000e-01	7.700000e-01	9.989131e-01	2.641374e-03	2.641374e-03
7.700000e-01	7.800000e-01	9.990729e-01	2.350083e-03	2.350083e-03
7.800000e-01	7.900000e-01	9.992385e-01	2.029080e-03	2.029080e-03
7.900000e-01	8.000000e-01	9.993736e-01	1.750213e-03	1.750213e-03
8.000000e-01	8.100000e-01	9.994890e-01	1.502686e-03	1.502686e-03
8.100000e-01	8.200000e-01	9.995955e-01	1.263614e-03	1.263614e-03
8.200000e-01	8.300000e-01	9.996979e-01	1.026345e-03	1.026345e-03
8.300000e-01	8.400000e-01	9.997784e-01	8.254455e-04	8.254455e-04
8.400000e-01	8.500000e-01	9.998456e-01	6.228883e-04	6.228883e-04
8.500000e-01	8.600000e-01	9.998991e-01	4.631014e-04	4.631014e-04
8.600000e-01	8.700000e-01	9.999446e-01	3.066184e-04	3.066184e-04
8.700000e-01	8.800000e-01	9.999744e-01	1.639844e-04	1.639844e-04
8.800000e-01	8.900000e-01	9.999942e-01	2.131459e-06	2.131459e-06
8.900000e-01	9.000000e-01	1.000000e+00	0.000000e+00	0.000000e+00
9.000000e-01	9.100000e-01	1.000000e+00	0.000000e+00	0.000000e+00
9.100000e-01	9.200000e-01	1.000000e+00	0.000000e+00	0.000000e+00
9.200000e-01	9.300000e-01	1.000000e+00	0.000000e+00	0.000000e+00
9.300000e-01	9.400000e-01	1.000000e+00	0.000000e+00	0.000000e+00
9.400000e-01	9.500000e-01	1.000000e+00	0.000000e+00	0.000000e+00
9.500000e-01	9.600000e-01	1.000000e+00	0.000000e+00	0.000000e+00
9.600000e-01	9.700000e-01	1.000000e+00	0.000000e+00	0.000000e+00
9.700000e-01	9.800000e-01	1.000000e+00	0.000000e+00	0.000000e+00
9.800000e-01	9.900000e-01	1.000000e+00	0.000000e+00	0.000000e+00
9.900000e-01	1.000000e+00	1.000000e+00	0.000000e+00	0.000000e+00
1.000000e+00	1.010000e+00	1.000000e+00	0.000000e+00	0.000000e+00
1.010000e+00	1.020000e+00	1.000000e+00	0.000000e+00	0.000000e+00
1.020000e+00	1.030000e+00	1.000000e+00	0.000000e+00	0.000000e+00
1.030000e+00	1.040000e+00	1.000000e+00	0.000000e+00	0.000000e+00
1.040000e+00	1.050000e+00	1.000000e+00	0.000000e+00	0.000000e+00
1.050000e+00	1.060000e+00	1.000000e+00	0.000000e+00	0.000000e+00
1.060000e+00	1.070000e+00	1.000000e+00	0.000000e+00	0.000000e+00
1.070000e+00	1.080000e+00	1.000000e+00	0.000000e+00	0.000000e+00
1.080000e+00	1.090000e+00	1.000000e+00	0.000000e+00	0.000000e+00
1.090000e+00	1.100000e+00	1.000000e+00	0.000000e+00	0.000000e+00
1.100000e+00	1.110000e+00	1.000000e+00	0.000000e+00	0.000000e+00
1.110000e+00	1.120000e+00	1.000000e+00	0.000000e+00	0.000000e+00
1.120000e+00	1.130000e+00	1.000000e+00	0.000000e+00	0.000000e+00
1.130000e+00	1.140000e+00	1.000000e+00	0.000000e+00	0.000000e+00
1.140000e+00	1.150000e+00	1.000000e+00	0.000000e+00	0.000000e+00
1.150000e+00	1.160000e+00	1.000000e+00	0.000000e+00	0.000000e+00
1.160000e+00	1.170000e+00	1.000000e+00	0.000000e+00	0.000000e+00
1.170000e+00	1.180000e+00	1.000000e+00	0.000000e+00	0.000000e+00
1.180000e+00	1.190000e+00	1.000000e+00	0.000000e+00	0.000000e+00
1.190000e+00	1.200000e+00	1.000000e+00	0.000000e+00	0.000000e+00
1.200000e+00	1.210000e+00	1.000000e+00	0.000000e+00	0.000000e+00
1.210000e+00	1.220000e+00	1.000000e+00	0.000000e+00	0.000000e+00
1.220000e+00	1.230000e+00	1.000000e+00	0.000000e+00	0.000000e+00
1.230000e+00	1.240000e+00	1.000000e+00	0.000000e+00	0.000000e+00
1.240000e+00	1.250000e+00	1.000000e+00	0.000000e+00	0.000000e+00
1.250000e+00	1.260000e+00	1.000000e+00	0.000000e+00	0.000000e+00
1.260000e+00	1.270000e+00	1.000000e+00	0.000000e+00	0.000000e+00
1.270000e+00	1.280000e+00	1.000000e+00	0.000000e+00	0.000000e+00
1.280000e+00	1.290000e+00	1.000000e+00	0.000000e+00	0.000000e+00
1.290000e+00	1.300000e+00	1.000000e+00	0.000000e+00	0.000000e+00
1.300000e+00	1.310000e+00	1.000000e+00	0.000000e+00	0.000000e+00
1.310000e+00	1.320000e+00	1.000000e+00	0.000000e+00	0.000000e+00
1.320000e+00	1.330000e+00	1.000000e+00	0.000000e+00	0.000000e+00
1.330000e+00	1.340000e+00	1.000000e+00	0.000000e+00	0.000000e+00
1.340000e+00	1.350000e+00	1.000000e+00	0.000000e+00	0.000000e+00
1.350000e+00	1.360000e+00	1.000000e+00	0.000000e+00	0.000000e+00
1.360000e+00	1.370000e+00	1.000000e+00	0.000000e+00	0.000000e+00
1.370000e+00	1.380000e+00	1.000000e+00	0.000000e+00	0.000000e+00
1.380000e+00	1.390000e+00	1.000000e+00	0.000000e+00	0.000000e+00
1.390000e+00	1.400000e+00	1.000000e+00	0.000000e+00	0.000000e+00
1.400000e+00	1.410000e+00	1.000000e+00	0.000000e+00	0.000000e+00
1.410000e+00	1.420000e+00	1.000000e+00	0.000000e+00	0.000000e+00
1.420000e+00	1.430000e+00	1.000000e+00	0.000000e+00	0.000000e+00
1.430000e+00	1.440000e+00	1.000000e+00	0.000000e+00	0.000000e+00
1.440000e+00	1.450000e+00	1.000000e+00	0.000000e+00	0.000000e+00
1.450000e+00	1.460000e+00	1.000000e+00	0.000000e+00	0.000000e+00
1.460000e+00	1.470000e+00	1.000000e+00	0.000000e+00	0.000000e+00
1.470000e+00	1.480000e+00	1.000000e+00	0.000000e+00	0.000000e+00
1.480000e+00	1.490000e+00	1.000000e+00	0.000000e+00	0.000000e+00
1.490000e+00	1.500000e+00	1.000000e+00	0.000000e+00	0.000000e+00
# END HISTO1D

