# BEGIN PLOT
XTwosidedTicks=1
DrawOnly=//nfs/farm/g/theory/qcdsim/shoeche/runs/lhjets/hj/mcnlo/css/run.yoda/LH2017_ZHSHAPES/psi_0.5_400 //nfs/farm/g/theory/qcdsim/shoeche/runs/lhjets/hj/mcnlo/css-1em/run.yoda/LH2017_ZHSHAPES/psi_0.5_400 //nfs/farm/g/theory/qcdsim/shoeche/runs/lhjets/hj/nlo/cs/run.yoda/LH2017_ZHSHAPES/psi_0.5_400
RatioPlotReference=//nfs/farm/g/theory/qcdsim/shoeche/runs/lhjets/hj/nlo/cs/run.yoda/LH2017_ZHSHAPES/psi_0.5_400
XTwosidedTicks=1
YTwosidedTicks=1
TopMargin=0.0
RatioPlot=1
BottomMargin=0.0
MainPlot=0
RatioPlotYSize=2.5
XMax=0.5
DrawSpecialInRatio=1
LegendXPos=0.35
LegendYPos=0.8
LogY=1
RatioPlotYLabel=~
LegendOnly=//nfs/farm/g/theory/qcdsim/shoeche/runs/lhjets/hj/mcnlo/css-1em/run.yoda/LH2017_ZHSHAPES/psi_0.5_400
RatioPlotSameStyle=1
YTwosidedTicks=1
Legend=1
# END PLOT
# BEGIN SPECIAL text
\rput[br](0.95,0.2){$k_T>400GeV$}
# END SPECIAL

# BEGIN HISTO1D //nfs/farm/g/theory/qcdsim/shoeche/runs/lhjets/hj/mcnlo/css/run.yoda/LH2017_ZHSHAPES/psi_0.5_400
ErrorBars=1
LineColor=red
LineStyle=solid
Path=//nfs/farm/g/theory/qcdsim/shoeche/runs/lhjets/hj/mcnlo/css/run.yoda/LH2017_ZHSHAPES/psi_0.5_400
Title=MC@NLO
XLabel=
YLabel=
# xlow	 xhigh	 val	 errminus	 errplus
0.000000e+00	1.000000e-02	2.652516e-01	2.267574e-04	2.267574e-04
1.000000e-02	2.000000e-02	4.288727e-01	2.433477e-04	2.433477e-04
2.000000e-02	3.000000e-02	5.341316e-01	2.376208e-04	2.376208e-04
3.000000e-02	4.000000e-02	6.087241e-01	2.260704e-04	2.260704e-04
4.000000e-02	5.000000e-02	6.647866e-01	2.128308e-04	2.128308e-04
5.000000e-02	6.000000e-02	7.086929e-01	1.993948e-04	1.993948e-04
6.000000e-02	7.000000e-02	7.440679e-01	1.863473e-04	1.863473e-04
7.000000e-02	8.000000e-02	7.732723e-01	1.739071e-04	1.739071e-04
8.000000e-02	9.000000e-02	7.976827e-01	1.621634e-04	1.621634e-04
9.000000e-02	1.000000e-01	8.185097e-01	1.510836e-04	1.510836e-04
1.000000e-01	1.100000e-01	8.364531e-01	1.406069e-04	1.406069e-04
1.100000e-01	1.200000e-01	8.521155e-01	1.307303e-04	1.307303e-04
1.200000e-01	1.300000e-01	8.658858e-01	1.213948e-04	1.213948e-04
1.300000e-01	1.400000e-01	8.780875e-01	1.125593e-04	1.125593e-04
1.400000e-01	1.500000e-01	8.888942e-01	1.042905e-04	1.042905e-04
1.500000e-01	1.600000e-01	8.985900e-01	9.650821e-05	9.650821e-05
1.600000e-01	1.700000e-01	9.072942e-01	8.916894e-05	8.916894e-05
1.700000e-01	1.800000e-01	9.151551e-01	8.231651e-05	8.231651e-05
1.800000e-01	1.900000e-01	9.223023e-01	7.586215e-05	7.586215e-05
1.900000e-01	2.000000e-01	9.288170e-01	6.984626e-05	6.984626e-05
2.000000e-01	2.100000e-01	9.347536e-01	6.427127e-05	6.427127e-05
2.100000e-01	2.200000e-01	9.401962e-01	5.913703e-05	5.913703e-05
2.200000e-01	2.300000e-01	9.452046e-01	5.446525e-05	5.446525e-05
2.300000e-01	2.400000e-01	9.498043e-01	5.021377e-05	5.021377e-05
2.400000e-01	2.500000e-01	9.540495e-01	4.640283e-05	4.640283e-05
2.500000e-01	2.600000e-01	9.580122e-01	4.291319e-05	4.291319e-05
2.600000e-01	2.700000e-01	9.616855e-01	3.972411e-05	3.972411e-05
2.700000e-01	2.800000e-01	9.650856e-01	3.678558e-05	3.678558e-05
2.800000e-01	2.900000e-01	9.682522e-01	3.404854e-05	3.404854e-05
2.900000e-01	3.000000e-01	9.712020e-01	3.146965e-05	3.146965e-05
3.000000e-01	3.100000e-01	9.739657e-01	2.901590e-05	2.901590e-05
3.100000e-01	3.200000e-01	9.765431e-01	2.669877e-05	2.669877e-05
3.200000e-01	3.300000e-01	9.789395e-01	2.452068e-05	2.452068e-05
3.300000e-01	3.400000e-01	9.811716e-01	2.245869e-05	2.245869e-05
3.400000e-01	3.500000e-01	9.832441e-01	2.052113e-05	2.052113e-05
3.500000e-01	3.600000e-01	9.851932e-01	1.866904e-05	1.866904e-05
3.600000e-01	3.700000e-01	9.870079e-01	1.689773e-05	1.689773e-05
3.700000e-01	3.800000e-01	9.887131e-01	1.518376e-05	1.518376e-05
3.800000e-01	3.900000e-01	9.902967e-01	1.354573e-05	1.354573e-05
3.900000e-01	4.000000e-01	9.917702e-01	1.197876e-05	1.197876e-05
4.000000e-01	4.100000e-01	9.931151e-01	1.050806e-05	1.050806e-05
4.100000e-01	4.200000e-01	9.943741e-01	9.064770e-06	9.064770e-06
4.200000e-01	4.300000e-01	9.955334e-01	7.663312e-06	7.663312e-06
4.300000e-01	4.400000e-01	9.965821e-01	6.332603e-06	6.332603e-06
4.400000e-01	4.500000e-01	9.975211e-01	5.059330e-06	5.059330e-06
4.500000e-01	4.600000e-01	9.983374e-01	3.852289e-06	3.852289e-06
4.600000e-01	4.700000e-01	9.990136e-01	2.697008e-06	2.697008e-06
4.700000e-01	4.800000e-01	9.995359e-01	1.645079e-06	1.645079e-06
4.800000e-01	4.900000e-01	9.998582e-01	9.584784e-07	9.584784e-07
4.900000e-01	5.000000e-01	9.999470e-01	6.075784e-07	6.075784e-07
5.000000e-01	5.100000e-01	9.999585e-01	6.078662e-07	6.078662e-07
5.100000e-01	5.200000e-01	9.999683e-01	1.796271e-08	1.796271e-08
5.200000e-01	5.300000e-01	9.999752e-01	4.299185e-07	4.299185e-07
5.300000e-01	5.400000e-01	9.999810e-01	4.300128e-07	4.300128e-07
5.400000e-01	5.500000e-01	9.999856e-01	4.300703e-07	4.300703e-07
5.500000e-01	5.600000e-01	9.999896e-01	5.878705e-09	5.878705e-09
5.600000e-01	5.700000e-01	9.999925e-01	4.301688e-07	4.301688e-07
5.700000e-01	5.800000e-01	9.999942e-01	4.301354e-07	4.301354e-07
5.800000e-01	5.900000e-01	9.999960e-01	2.286163e-09	2.286163e-09
5.900000e-01	6.000000e-01	9.999971e-01	1.632974e-09	1.632974e-09
6.000000e-01	6.100000e-01	9.999983e-01	4.301489e-07	4.301489e-07
6.100000e-01	6.200000e-01	9.999988e-01	4.301483e-07	4.301483e-07
6.200000e-01	6.300000e-01	9.999994e-01	4.301479e-07	4.301479e-07
6.300000e-01	6.400000e-01	9.999994e-01	3.265947e-10	3.265947e-10
6.400000e-01	6.500000e-01	1.000000e+00	4.301478e-07	4.301478e-07
6.500000e-01	6.600000e-01	1.000000e+00	0.000000e+00	0.000000e+00
6.600000e-01	6.700000e-01	1.000000e+00	0.000000e+00	0.000000e+00
6.700000e-01	6.800000e-01	1.000000e+00	0.000000e+00	0.000000e+00
6.800000e-01	6.900000e-01	1.000000e+00	0.000000e+00	0.000000e+00
6.900000e-01	7.000000e-01	1.000000e+00	0.000000e+00	0.000000e+00
7.000000e-01	7.100000e-01	1.000000e+00	0.000000e+00	0.000000e+00
7.100000e-01	7.200000e-01	1.000000e+00	0.000000e+00	0.000000e+00
7.200000e-01	7.300000e-01	1.000000e+00	0.000000e+00	0.000000e+00
7.300000e-01	7.400000e-01	1.000000e+00	0.000000e+00	0.000000e+00
7.400000e-01	7.500000e-01	1.000000e+00	0.000000e+00	0.000000e+00
7.500000e-01	7.600000e-01	1.000000e+00	0.000000e+00	0.000000e+00
7.600000e-01	7.700000e-01	1.000000e+00	0.000000e+00	0.000000e+00
7.700000e-01	7.800000e-01	1.000000e+00	0.000000e+00	0.000000e+00
7.800000e-01	7.900000e-01	1.000000e+00	0.000000e+00	0.000000e+00
7.900000e-01	8.000000e-01	1.000000e+00	0.000000e+00	0.000000e+00
8.000000e-01	8.100000e-01	1.000000e+00	0.000000e+00	0.000000e+00
8.100000e-01	8.200000e-01	1.000000e+00	0.000000e+00	0.000000e+00
8.200000e-01	8.300000e-01	1.000000e+00	0.000000e+00	0.000000e+00
8.300000e-01	8.400000e-01	1.000000e+00	0.000000e+00	0.000000e+00
8.400000e-01	8.500000e-01	1.000000e+00	0.000000e+00	0.000000e+00
8.500000e-01	8.600000e-01	1.000000e+00	0.000000e+00	0.000000e+00
8.600000e-01	8.700000e-01	1.000000e+00	0.000000e+00	0.000000e+00
8.700000e-01	8.800000e-01	1.000000e+00	0.000000e+00	0.000000e+00
8.800000e-01	8.900000e-01	1.000000e+00	0.000000e+00	0.000000e+00
8.900000e-01	9.000000e-01	1.000000e+00	0.000000e+00	0.000000e+00
9.000000e-01	9.100000e-01	1.000000e+00	0.000000e+00	0.000000e+00
9.100000e-01	9.200000e-01	1.000000e+00	0.000000e+00	0.000000e+00
9.200000e-01	9.300000e-01	1.000000e+00	0.000000e+00	0.000000e+00
9.300000e-01	9.400000e-01	1.000000e+00	0.000000e+00	0.000000e+00
9.400000e-01	9.500000e-01	1.000000e+00	0.000000e+00	0.000000e+00
9.500000e-01	9.600000e-01	1.000000e+00	0.000000e+00	0.000000e+00
9.600000e-01	9.700000e-01	1.000000e+00	0.000000e+00	0.000000e+00
9.700000e-01	9.800000e-01	1.000000e+00	0.000000e+00	0.000000e+00
9.800000e-01	9.900000e-01	1.000000e+00	0.000000e+00	0.000000e+00
9.900000e-01	1.000000e+00	1.000000e+00	0.000000e+00	0.000000e+00
1.000000e+00	1.010000e+00	1.000000e+00	0.000000e+00	0.000000e+00
1.010000e+00	1.020000e+00	1.000000e+00	0.000000e+00	0.000000e+00
1.020000e+00	1.030000e+00	1.000000e+00	0.000000e+00	0.000000e+00
1.030000e+00	1.040000e+00	1.000000e+00	0.000000e+00	0.000000e+00
1.040000e+00	1.050000e+00	1.000000e+00	0.000000e+00	0.000000e+00
1.050000e+00	1.060000e+00	1.000000e+00	0.000000e+00	0.000000e+00
1.060000e+00	1.070000e+00	1.000000e+00	0.000000e+00	0.000000e+00
1.070000e+00	1.080000e+00	1.000000e+00	0.000000e+00	0.000000e+00
1.080000e+00	1.090000e+00	1.000000e+00	0.000000e+00	0.000000e+00
1.090000e+00	1.100000e+00	1.000000e+00	0.000000e+00	0.000000e+00
1.100000e+00	1.110000e+00	1.000000e+00	0.000000e+00	0.000000e+00
1.110000e+00	1.120000e+00	1.000000e+00	0.000000e+00	0.000000e+00
1.120000e+00	1.130000e+00	1.000000e+00	0.000000e+00	0.000000e+00
1.130000e+00	1.140000e+00	1.000000e+00	0.000000e+00	0.000000e+00
1.140000e+00	1.150000e+00	1.000000e+00	0.000000e+00	0.000000e+00
1.150000e+00	1.160000e+00	1.000000e+00	0.000000e+00	0.000000e+00
1.160000e+00	1.170000e+00	1.000000e+00	0.000000e+00	0.000000e+00
1.170000e+00	1.180000e+00	1.000000e+00	0.000000e+00	0.000000e+00
1.180000e+00	1.190000e+00	1.000000e+00	0.000000e+00	0.000000e+00
1.190000e+00	1.200000e+00	1.000000e+00	0.000000e+00	0.000000e+00
1.200000e+00	1.210000e+00	1.000000e+00	0.000000e+00	0.000000e+00
1.210000e+00	1.220000e+00	1.000000e+00	0.000000e+00	0.000000e+00
1.220000e+00	1.230000e+00	1.000000e+00	0.000000e+00	0.000000e+00
1.230000e+00	1.240000e+00	1.000000e+00	0.000000e+00	0.000000e+00
1.240000e+00	1.250000e+00	1.000000e+00	0.000000e+00	0.000000e+00
1.250000e+00	1.260000e+00	1.000000e+00	0.000000e+00	0.000000e+00
1.260000e+00	1.270000e+00	1.000000e+00	0.000000e+00	0.000000e+00
1.270000e+00	1.280000e+00	1.000000e+00	0.000000e+00	0.000000e+00
1.280000e+00	1.290000e+00	1.000000e+00	0.000000e+00	0.000000e+00
1.290000e+00	1.300000e+00	1.000000e+00	0.000000e+00	0.000000e+00
1.300000e+00	1.310000e+00	1.000000e+00	0.000000e+00	0.000000e+00
1.310000e+00	1.320000e+00	1.000000e+00	0.000000e+00	0.000000e+00
1.320000e+00	1.330000e+00	1.000000e+00	0.000000e+00	0.000000e+00
1.330000e+00	1.340000e+00	1.000000e+00	0.000000e+00	0.000000e+00
1.340000e+00	1.350000e+00	1.000000e+00	0.000000e+00	0.000000e+00
1.350000e+00	1.360000e+00	1.000000e+00	0.000000e+00	0.000000e+00
1.360000e+00	1.370000e+00	1.000000e+00	0.000000e+00	0.000000e+00
1.370000e+00	1.380000e+00	1.000000e+00	0.000000e+00	0.000000e+00
1.380000e+00	1.390000e+00	1.000000e+00	0.000000e+00	0.000000e+00
1.390000e+00	1.400000e+00	1.000000e+00	0.000000e+00	0.000000e+00
1.400000e+00	1.410000e+00	1.000000e+00	0.000000e+00	0.000000e+00
1.410000e+00	1.420000e+00	1.000000e+00	0.000000e+00	0.000000e+00
1.420000e+00	1.430000e+00	1.000000e+00	0.000000e+00	0.000000e+00
1.430000e+00	1.440000e+00	1.000000e+00	0.000000e+00	0.000000e+00
1.440000e+00	1.450000e+00	1.000000e+00	0.000000e+00	0.000000e+00
1.450000e+00	1.460000e+00	1.000000e+00	0.000000e+00	0.000000e+00
1.460000e+00	1.470000e+00	1.000000e+00	0.000000e+00	0.000000e+00
1.470000e+00	1.480000e+00	1.000000e+00	0.000000e+00	0.000000e+00
1.480000e+00	1.490000e+00	1.000000e+00	0.000000e+00	0.000000e+00
1.490000e+00	1.500000e+00	1.000000e+00	0.000000e+00	0.000000e+00
# END HISTO1D

# BEGIN HISTO1D //nfs/farm/g/theory/qcdsim/shoeche/runs/lhjets/hj/mcnlo/css-1em/run.yoda/LH2017_ZHSHAPES/psi_0.5_400
ErrorBars=1
LineColor=blue
LineStyle=solid
Path=//nfs/farm/g/theory/qcdsim/shoeche/runs/lhjets/hj/mcnlo/css-1em/run.yoda/LH2017_ZHSHAPES/psi_0.5_400
Title=MC@NLO~1em
XLabel=
YLabel=
# xlow	 xhigh	 val	 errminus	 errplus
0.000000e+00	1.000000e-02	9.274974e-01	2.976073e-04	2.976073e-04
1.000000e-02	2.000000e-02	9.311913e-01	2.896889e-04	2.896889e-04
2.000000e-02	3.000000e-02	9.357525e-01	2.792489e-04	2.792489e-04
3.000000e-02	4.000000e-02	9.406847e-01	2.671427e-04	2.671427e-04
4.000000e-02	5.000000e-02	9.456844e-01	2.540180e-04	2.540180e-04
5.000000e-02	6.000000e-02	9.503162e-01	2.409622e-04	2.409622e-04
6.000000e-02	7.000000e-02	9.547552e-01	2.275602e-04	2.275602e-04
7.000000e-02	8.000000e-02	9.587743e-01	2.145851e-04	2.145851e-04
8.000000e-02	9.000000e-02	9.625160e-01	2.016265e-04	2.016265e-04
9.000000e-02	1.000000e-01	9.660456e-01	1.885821e-04	1.885821e-04
1.000000e-01	1.100000e-01	9.691843e-01	1.763124e-04	1.763124e-04
1.100000e-01	1.200000e-01	9.720563e-01	1.642673e-04	1.642673e-04
1.200000e-01	1.300000e-01	9.746729e-01	1.527828e-04	1.527828e-04
1.300000e-01	1.400000e-01	9.771116e-01	1.412891e-04	1.412891e-04
1.400000e-01	1.500000e-01	9.794125e-01	1.297519e-04	1.297519e-04
1.500000e-01	1.600000e-01	9.814222e-01	1.192101e-04	1.192101e-04
1.600000e-01	1.700000e-01	9.832560e-01	1.091080e-04	1.091080e-04
1.700000e-01	1.800000e-01	9.849341e-01	9.952612e-05	9.952612e-05
1.800000e-01	1.900000e-01	9.864839e-01	9.045665e-05	9.045665e-05
1.900000e-01	2.000000e-01	9.878772e-01	8.177482e-05	8.177482e-05
2.000000e-01	2.100000e-01	9.891788e-01	7.318932e-05	7.318932e-05
2.100000e-01	2.200000e-01	9.903503e-01	6.562159e-05	6.562159e-05
2.200000e-01	2.300000e-01	9.914229e-01	5.883330e-05	5.883330e-05
2.300000e-01	2.400000e-01	9.923873e-01	5.308136e-05	5.308136e-05
2.400000e-01	2.500000e-01	9.933064e-01	4.817510e-05	4.817510e-05
2.500000e-01	2.600000e-01	9.941055e-01	4.431334e-05	4.431334e-05
2.600000e-01	2.700000e-01	9.948416e-01	4.059259e-05	4.059259e-05
2.700000e-01	2.800000e-01	9.955136e-01	3.706448e-05	3.706448e-05
2.800000e-01	2.900000e-01	9.961452e-01	3.352343e-05	3.352343e-05
2.900000e-01	3.000000e-01	9.966892e-01	3.035929e-05	3.035929e-05
3.000000e-01	3.100000e-01	9.971774e-01	2.736516e-05	2.736516e-05
3.100000e-01	3.200000e-01	9.976064e-01	2.460053e-05	2.460053e-05
3.200000e-01	3.300000e-01	9.980107e-01	2.184319e-05	2.184319e-05
3.300000e-01	3.400000e-01	9.983460e-01	1.940510e-05	1.940510e-05
3.400000e-01	3.500000e-01	9.986497e-01	1.700610e-05	1.700610e-05
3.500000e-01	3.600000e-01	9.989139e-01	1.479927e-05	1.479927e-05
3.600000e-01	3.700000e-01	9.991556e-01	1.259570e-05	1.259570e-05
3.700000e-01	3.800000e-01	9.993556e-01	1.061409e-05	1.061409e-05
3.800000e-01	3.900000e-01	9.995150e-01	8.879018e-06	8.879018e-06
3.900000e-01	4.000000e-01	9.996505e-01	7.170379e-06	7.170379e-06
4.000000e-01	4.100000e-01	9.997565e-01	5.688514e-06	5.688514e-06
4.100000e-01	4.200000e-01	9.998355e-01	4.444220e-06	4.444220e-06
4.200000e-01	4.300000e-01	9.998947e-01	3.367264e-06	3.367264e-06
4.300000e-01	4.400000e-01	9.999385e-01	2.415314e-06	2.415314e-06
4.400000e-01	4.500000e-01	9.999685e-01	1.708232e-06	1.708232e-06
4.500000e-01	4.600000e-01	9.999884e-01	8.053393e-07	8.053393e-07
4.600000e-01	4.700000e-01	9.999953e-01	8.054308e-07	8.054308e-07
4.700000e-01	4.800000e-01	9.999990e-01	5.695371e-07	5.695371e-07
4.800000e-01	4.900000e-01	9.999998e-01	5.695382e-07	5.695382e-07
4.900000e-01	5.000000e-01	1.000000e+00	0.000000e+00	0.000000e+00
5.000000e-01	5.100000e-01	1.000000e+00	0.000000e+00	0.000000e+00
5.100000e-01	5.200000e-01	1.000000e+00	0.000000e+00	0.000000e+00
5.200000e-01	5.300000e-01	1.000000e+00	0.000000e+00	0.000000e+00
5.300000e-01	5.400000e-01	1.000000e+00	0.000000e+00	0.000000e+00
5.400000e-01	5.500000e-01	1.000000e+00	0.000000e+00	0.000000e+00
5.500000e-01	5.600000e-01	1.000000e+00	0.000000e+00	0.000000e+00
5.600000e-01	5.700000e-01	1.000000e+00	0.000000e+00	0.000000e+00
5.700000e-01	5.800000e-01	1.000000e+00	0.000000e+00	0.000000e+00
5.800000e-01	5.900000e-01	1.000000e+00	0.000000e+00	0.000000e+00
5.900000e-01	6.000000e-01	1.000000e+00	0.000000e+00	0.000000e+00
6.000000e-01	6.100000e-01	1.000000e+00	0.000000e+00	0.000000e+00
6.100000e-01	6.200000e-01	1.000000e+00	0.000000e+00	0.000000e+00
6.200000e-01	6.300000e-01	1.000000e+00	0.000000e+00	0.000000e+00
6.300000e-01	6.400000e-01	1.000000e+00	0.000000e+00	0.000000e+00
6.400000e-01	6.500000e-01	1.000000e+00	0.000000e+00	0.000000e+00
6.500000e-01	6.600000e-01	1.000000e+00	0.000000e+00	0.000000e+00
6.600000e-01	6.700000e-01	1.000000e+00	0.000000e+00	0.000000e+00
6.700000e-01	6.800000e-01	1.000000e+00	0.000000e+00	0.000000e+00
6.800000e-01	6.900000e-01	1.000000e+00	0.000000e+00	0.000000e+00
6.900000e-01	7.000000e-01	1.000000e+00	0.000000e+00	0.000000e+00
7.000000e-01	7.100000e-01	1.000000e+00	0.000000e+00	0.000000e+00
7.100000e-01	7.200000e-01	1.000000e+00	0.000000e+00	0.000000e+00
7.200000e-01	7.300000e-01	1.000000e+00	0.000000e+00	0.000000e+00
7.300000e-01	7.400000e-01	1.000000e+00	0.000000e+00	0.000000e+00
7.400000e-01	7.500000e-01	1.000000e+00	0.000000e+00	0.000000e+00
7.500000e-01	7.600000e-01	1.000000e+00	0.000000e+00	0.000000e+00
7.600000e-01	7.700000e-01	1.000000e+00	0.000000e+00	0.000000e+00
7.700000e-01	7.800000e-01	1.000000e+00	0.000000e+00	0.000000e+00
7.800000e-01	7.900000e-01	1.000000e+00	0.000000e+00	0.000000e+00
7.900000e-01	8.000000e-01	1.000000e+00	0.000000e+00	0.000000e+00
8.000000e-01	8.100000e-01	1.000000e+00	0.000000e+00	0.000000e+00
8.100000e-01	8.200000e-01	1.000000e+00	0.000000e+00	0.000000e+00
8.200000e-01	8.300000e-01	1.000000e+00	0.000000e+00	0.000000e+00
8.300000e-01	8.400000e-01	1.000000e+00	0.000000e+00	0.000000e+00
8.400000e-01	8.500000e-01	1.000000e+00	0.000000e+00	0.000000e+00
8.500000e-01	8.600000e-01	1.000000e+00	0.000000e+00	0.000000e+00
8.600000e-01	8.700000e-01	1.000000e+00	0.000000e+00	0.000000e+00
8.700000e-01	8.800000e-01	1.000000e+00	0.000000e+00	0.000000e+00
8.800000e-01	8.900000e-01	1.000000e+00	0.000000e+00	0.000000e+00
8.900000e-01	9.000000e-01	1.000000e+00	0.000000e+00	0.000000e+00
9.000000e-01	9.100000e-01	1.000000e+00	0.000000e+00	0.000000e+00
9.100000e-01	9.200000e-01	1.000000e+00	0.000000e+00	0.000000e+00
9.200000e-01	9.300000e-01	1.000000e+00	0.000000e+00	0.000000e+00
9.300000e-01	9.400000e-01	1.000000e+00	0.000000e+00	0.000000e+00
9.400000e-01	9.500000e-01	1.000000e+00	0.000000e+00	0.000000e+00
9.500000e-01	9.600000e-01	1.000000e+00	0.000000e+00	0.000000e+00
9.600000e-01	9.700000e-01	1.000000e+00	0.000000e+00	0.000000e+00
9.700000e-01	9.800000e-01	1.000000e+00	0.000000e+00	0.000000e+00
9.800000e-01	9.900000e-01	1.000000e+00	0.000000e+00	0.000000e+00
9.900000e-01	1.000000e+00	1.000000e+00	0.000000e+00	0.000000e+00
1.000000e+00	1.010000e+00	1.000000e+00	0.000000e+00	0.000000e+00
1.010000e+00	1.020000e+00	1.000000e+00	0.000000e+00	0.000000e+00
1.020000e+00	1.030000e+00	1.000000e+00	0.000000e+00	0.000000e+00
1.030000e+00	1.040000e+00	1.000000e+00	0.000000e+00	0.000000e+00
1.040000e+00	1.050000e+00	1.000000e+00	0.000000e+00	0.000000e+00
1.050000e+00	1.060000e+00	1.000000e+00	0.000000e+00	0.000000e+00
1.060000e+00	1.070000e+00	1.000000e+00	0.000000e+00	0.000000e+00
1.070000e+00	1.080000e+00	1.000000e+00	0.000000e+00	0.000000e+00
1.080000e+00	1.090000e+00	1.000000e+00	0.000000e+00	0.000000e+00
1.090000e+00	1.100000e+00	1.000000e+00	0.000000e+00	0.000000e+00
1.100000e+00	1.110000e+00	1.000000e+00	0.000000e+00	0.000000e+00
1.110000e+00	1.120000e+00	1.000000e+00	0.000000e+00	0.000000e+00
1.120000e+00	1.130000e+00	1.000000e+00	0.000000e+00	0.000000e+00
1.130000e+00	1.140000e+00	1.000000e+00	0.000000e+00	0.000000e+00
1.140000e+00	1.150000e+00	1.000000e+00	0.000000e+00	0.000000e+00
1.150000e+00	1.160000e+00	1.000000e+00	0.000000e+00	0.000000e+00
1.160000e+00	1.170000e+00	1.000000e+00	0.000000e+00	0.000000e+00
1.170000e+00	1.180000e+00	1.000000e+00	0.000000e+00	0.000000e+00
1.180000e+00	1.190000e+00	1.000000e+00	0.000000e+00	0.000000e+00
1.190000e+00	1.200000e+00	1.000000e+00	0.000000e+00	0.000000e+00
1.200000e+00	1.210000e+00	1.000000e+00	0.000000e+00	0.000000e+00
1.210000e+00	1.220000e+00	1.000000e+00	0.000000e+00	0.000000e+00
1.220000e+00	1.230000e+00	1.000000e+00	0.000000e+00	0.000000e+00
1.230000e+00	1.240000e+00	1.000000e+00	0.000000e+00	0.000000e+00
1.240000e+00	1.250000e+00	1.000000e+00	0.000000e+00	0.000000e+00
1.250000e+00	1.260000e+00	1.000000e+00	0.000000e+00	0.000000e+00
1.260000e+00	1.270000e+00	1.000000e+00	0.000000e+00	0.000000e+00
1.270000e+00	1.280000e+00	1.000000e+00	0.000000e+00	0.000000e+00
1.280000e+00	1.290000e+00	1.000000e+00	0.000000e+00	0.000000e+00
1.290000e+00	1.300000e+00	1.000000e+00	0.000000e+00	0.000000e+00
1.300000e+00	1.310000e+00	1.000000e+00	0.000000e+00	0.000000e+00
1.310000e+00	1.320000e+00	1.000000e+00	0.000000e+00	0.000000e+00
1.320000e+00	1.330000e+00	1.000000e+00	0.000000e+00	0.000000e+00
1.330000e+00	1.340000e+00	1.000000e+00	0.000000e+00	0.000000e+00
1.340000e+00	1.350000e+00	1.000000e+00	0.000000e+00	0.000000e+00
1.350000e+00	1.360000e+00	1.000000e+00	0.000000e+00	0.000000e+00
1.360000e+00	1.370000e+00	1.000000e+00	0.000000e+00	0.000000e+00
1.370000e+00	1.380000e+00	1.000000e+00	0.000000e+00	0.000000e+00
1.380000e+00	1.390000e+00	1.000000e+00	0.000000e+00	0.000000e+00
1.390000e+00	1.400000e+00	1.000000e+00	0.000000e+00	0.000000e+00
1.400000e+00	1.410000e+00	1.000000e+00	0.000000e+00	0.000000e+00
1.410000e+00	1.420000e+00	1.000000e+00	0.000000e+00	0.000000e+00
1.420000e+00	1.430000e+00	1.000000e+00	0.000000e+00	0.000000e+00
1.430000e+00	1.440000e+00	1.000000e+00	0.000000e+00	0.000000e+00
1.440000e+00	1.450000e+00	1.000000e+00	0.000000e+00	0.000000e+00
1.450000e+00	1.460000e+00	1.000000e+00	0.000000e+00	0.000000e+00
1.460000e+00	1.470000e+00	1.000000e+00	0.000000e+00	0.000000e+00
1.470000e+00	1.480000e+00	1.000000e+00	0.000000e+00	0.000000e+00
1.480000e+00	1.490000e+00	1.000000e+00	0.000000e+00	0.000000e+00
1.490000e+00	1.500000e+00	1.000000e+00	0.000000e+00	0.000000e+00
# END HISTO1D

# BEGIN HISTO1D //nfs/farm/g/theory/qcdsim/shoeche/runs/lhjets/hj/nlo/cs/run.yoda/LH2017_ZHSHAPES/psi_0.5_400
ErrorBars=0
LineColor={[HTML]{2da334}}
LineStyle=solid
Path=//nfs/farm/g/theory/qcdsim/shoeche/runs/lhjets/hj/nlo/cs/run.yoda/LH2017_ZHSHAPES/psi_0.5_400
Title=NLO
XLabel=
YLabel=
# xlow	 xhigh	 val	 errminus	 errplus
0.000000e+00	1.000000e-02	5.380899e-01	4.059267e-01	4.059267e-01
1.000000e-02	2.000000e-02	6.919242e-01	3.712113e-01	3.712113e-01
2.000000e-02	3.000000e-02	7.666988e-01	3.335451e-01	3.335451e-01
3.000000e-02	4.000000e-02	8.131271e-01	3.010861e-01	3.010861e-01
4.000000e-02	5.000000e-02	8.445865e-01	2.738198e-01	2.738198e-01
5.000000e-02	6.000000e-02	8.683068e-01	2.495818e-01	2.495818e-01
6.000000e-02	7.000000e-02	8.868661e-01	2.280904e-01	2.280904e-01
7.000000e-02	8.000000e-02	9.013397e-01	2.095126e-01	2.095126e-01
8.000000e-02	9.000000e-02	9.134684e-01	1.922596e-01	1.922596e-01
9.000000e-02	1.000000e-01	9.233711e-01	1.768693e-01	1.768693e-01
1.000000e-01	1.100000e-01	9.317275e-01	1.626137e-01	1.626137e-01
1.100000e-01	1.200000e-01	9.390151e-01	1.496015e-01	1.496015e-01
1.200000e-01	1.300000e-01	9.452624e-01	1.376368e-01	1.376368e-01
1.300000e-01	1.400000e-01	9.506838e-01	1.267215e-01	1.267215e-01
1.400000e-01	1.500000e-01	9.555083e-01	1.163431e-01	1.163431e-01
1.500000e-01	1.600000e-01	9.598070e-01	1.064679e-01	1.064679e-01
1.600000e-01	1.700000e-01	9.636278e-01	9.738768e-02	9.738768e-02
1.700000e-01	1.800000e-01	9.671338e-01	8.878867e-02	8.878867e-02
1.800000e-01	1.900000e-01	9.702541e-01	8.082336e-02	8.082336e-02
1.900000e-01	2.000000e-01	9.730850e-01	7.352290e-02	7.352290e-02
2.000000e-01	2.100000e-01	9.756151e-01	6.668929e-02	6.668929e-02
2.100000e-01	2.200000e-01	9.779580e-01	6.047409e-02	6.047409e-02
2.200000e-01	2.300000e-01	9.800373e-01	5.502604e-02	5.502604e-02
2.300000e-01	2.400000e-01	9.820217e-01	5.025654e-02	5.025654e-02
2.400000e-01	2.500000e-01	9.837963e-01	4.627845e-02	4.627845e-02
2.500000e-01	2.600000e-01	9.854102e-01	4.296824e-02	4.296824e-02
2.600000e-01	2.700000e-01	9.868973e-01	3.981868e-02	3.981868e-02
2.700000e-01	2.800000e-01	9.882577e-01	3.681103e-02	3.681103e-02
2.800000e-01	2.900000e-01	9.895270e-01	3.397274e-02	3.397274e-02
2.900000e-01	3.000000e-01	9.906955e-01	3.122029e-02	3.122029e-02
3.000000e-01	3.100000e-01	9.917571e-01	2.860563e-02	2.860563e-02
3.100000e-01	3.200000e-01	9.927144e-01	2.620142e-02	2.620142e-02
3.200000e-01	3.300000e-01	9.936206e-01	2.381440e-02	2.381440e-02
3.300000e-01	3.400000e-01	9.944219e-01	2.160502e-02	2.160502e-02
3.400000e-01	3.500000e-01	9.951808e-01	1.945190e-02	1.945190e-02
3.500000e-01	3.600000e-01	9.958666e-01	1.738992e-02	1.738992e-02
3.600000e-01	3.700000e-01	9.964727e-01	1.549656e-02	1.549656e-02
3.700000e-01	3.800000e-01	9.970297e-01	1.368091e-02	1.368091e-02
3.800000e-01	3.900000e-01	9.975310e-01	1.196054e-02	1.196054e-02
3.900000e-01	4.000000e-01	9.980017e-01	1.026451e-02	1.026451e-02
4.000000e-01	4.100000e-01	9.983993e-01	8.727779e-03	8.727779e-03
4.100000e-01	4.200000e-01	9.987512e-01	7.282205e-03	7.282205e-03
4.200000e-01	4.300000e-01	9.990593e-01	5.866286e-03	5.866286e-03
4.300000e-01	4.400000e-01	9.993142e-01	4.630512e-03	4.630512e-03
4.400000e-01	4.500000e-01	9.995247e-01	3.548348e-03	3.548348e-03
4.500000e-01	4.600000e-01	9.996999e-01	2.512721e-03	2.512721e-03
4.600000e-01	4.700000e-01	9.998281e-01	1.780245e-03	1.780245e-03
4.700000e-01	4.800000e-01	9.999217e-01	1.029274e-03	1.029274e-03
4.800000e-01	4.900000e-01	9.999781e-01	7.292307e-04	7.292307e-04
4.900000e-01	5.000000e-01	1.000000e+00	0.000000e+00	0.000000e+00
5.000000e-01	5.100000e-01	1.000000e+00	0.000000e+00	0.000000e+00
5.100000e-01	5.200000e-01	1.000000e+00	0.000000e+00	0.000000e+00
5.200000e-01	5.300000e-01	1.000000e+00	0.000000e+00	0.000000e+00
5.300000e-01	5.400000e-01	1.000000e+00	0.000000e+00	0.000000e+00
5.400000e-01	5.500000e-01	1.000000e+00	0.000000e+00	0.000000e+00
5.500000e-01	5.600000e-01	1.000000e+00	0.000000e+00	0.000000e+00
5.600000e-01	5.700000e-01	1.000000e+00	0.000000e+00	0.000000e+00
5.700000e-01	5.800000e-01	1.000000e+00	0.000000e+00	0.000000e+00
5.800000e-01	5.900000e-01	1.000000e+00	0.000000e+00	0.000000e+00
5.900000e-01	6.000000e-01	1.000000e+00	0.000000e+00	0.000000e+00
6.000000e-01	6.100000e-01	1.000000e+00	0.000000e+00	0.000000e+00
6.100000e-01	6.200000e-01	1.000000e+00	0.000000e+00	0.000000e+00
6.200000e-01	6.300000e-01	1.000000e+00	0.000000e+00	0.000000e+00
6.300000e-01	6.400000e-01	1.000000e+00	0.000000e+00	0.000000e+00
6.400000e-01	6.500000e-01	1.000000e+00	0.000000e+00	0.000000e+00
6.500000e-01	6.600000e-01	1.000000e+00	0.000000e+00	0.000000e+00
6.600000e-01	6.700000e-01	1.000000e+00	0.000000e+00	0.000000e+00
6.700000e-01	6.800000e-01	1.000000e+00	0.000000e+00	0.000000e+00
6.800000e-01	6.900000e-01	1.000000e+00	0.000000e+00	0.000000e+00
6.900000e-01	7.000000e-01	1.000000e+00	0.000000e+00	0.000000e+00
7.000000e-01	7.100000e-01	1.000000e+00	0.000000e+00	0.000000e+00
7.100000e-01	7.200000e-01	1.000000e+00	0.000000e+00	0.000000e+00
7.200000e-01	7.300000e-01	1.000000e+00	0.000000e+00	0.000000e+00
7.300000e-01	7.400000e-01	1.000000e+00	0.000000e+00	0.000000e+00
7.400000e-01	7.500000e-01	1.000000e+00	0.000000e+00	0.000000e+00
7.500000e-01	7.600000e-01	1.000000e+00	0.000000e+00	0.000000e+00
7.600000e-01	7.700000e-01	1.000000e+00	0.000000e+00	0.000000e+00
7.700000e-01	7.800000e-01	1.000000e+00	0.000000e+00	0.000000e+00
7.800000e-01	7.900000e-01	1.000000e+00	0.000000e+00	0.000000e+00
7.900000e-01	8.000000e-01	1.000000e+00	0.000000e+00	0.000000e+00
8.000000e-01	8.100000e-01	1.000000e+00	0.000000e+00	0.000000e+00
8.100000e-01	8.200000e-01	1.000000e+00	0.000000e+00	0.000000e+00
8.200000e-01	8.300000e-01	1.000000e+00	0.000000e+00	0.000000e+00
8.300000e-01	8.400000e-01	1.000000e+00	0.000000e+00	0.000000e+00
8.400000e-01	8.500000e-01	1.000000e+00	0.000000e+00	0.000000e+00
8.500000e-01	8.600000e-01	1.000000e+00	0.000000e+00	0.000000e+00
8.600000e-01	8.700000e-01	1.000000e+00	0.000000e+00	0.000000e+00
8.700000e-01	8.800000e-01	1.000000e+00	0.000000e+00	0.000000e+00
8.800000e-01	8.900000e-01	1.000000e+00	0.000000e+00	0.000000e+00
8.900000e-01	9.000000e-01	1.000000e+00	0.000000e+00	0.000000e+00
9.000000e-01	9.100000e-01	1.000000e+00	0.000000e+00	0.000000e+00
9.100000e-01	9.200000e-01	1.000000e+00	0.000000e+00	0.000000e+00
9.200000e-01	9.300000e-01	1.000000e+00	0.000000e+00	0.000000e+00
9.300000e-01	9.400000e-01	1.000000e+00	0.000000e+00	0.000000e+00
9.400000e-01	9.500000e-01	1.000000e+00	0.000000e+00	0.000000e+00
9.500000e-01	9.600000e-01	1.000000e+00	0.000000e+00	0.000000e+00
9.600000e-01	9.700000e-01	1.000000e+00	0.000000e+00	0.000000e+00
9.700000e-01	9.800000e-01	1.000000e+00	0.000000e+00	0.000000e+00
9.800000e-01	9.900000e-01	1.000000e+00	0.000000e+00	0.000000e+00
9.900000e-01	1.000000e+00	1.000000e+00	0.000000e+00	0.000000e+00
1.000000e+00	1.010000e+00	1.000000e+00	0.000000e+00	0.000000e+00
1.010000e+00	1.020000e+00	1.000000e+00	0.000000e+00	0.000000e+00
1.020000e+00	1.030000e+00	1.000000e+00	0.000000e+00	0.000000e+00
1.030000e+00	1.040000e+00	1.000000e+00	0.000000e+00	0.000000e+00
1.040000e+00	1.050000e+00	1.000000e+00	0.000000e+00	0.000000e+00
1.050000e+00	1.060000e+00	1.000000e+00	0.000000e+00	0.000000e+00
1.060000e+00	1.070000e+00	1.000000e+00	0.000000e+00	0.000000e+00
1.070000e+00	1.080000e+00	1.000000e+00	0.000000e+00	0.000000e+00
1.080000e+00	1.090000e+00	1.000000e+00	0.000000e+00	0.000000e+00
1.090000e+00	1.100000e+00	1.000000e+00	0.000000e+00	0.000000e+00
1.100000e+00	1.110000e+00	1.000000e+00	0.000000e+00	0.000000e+00
1.110000e+00	1.120000e+00	1.000000e+00	0.000000e+00	0.000000e+00
1.120000e+00	1.130000e+00	1.000000e+00	0.000000e+00	0.000000e+00
1.130000e+00	1.140000e+00	1.000000e+00	0.000000e+00	0.000000e+00
1.140000e+00	1.150000e+00	1.000000e+00	0.000000e+00	0.000000e+00
1.150000e+00	1.160000e+00	1.000000e+00	0.000000e+00	0.000000e+00
1.160000e+00	1.170000e+00	1.000000e+00	0.000000e+00	0.000000e+00
1.170000e+00	1.180000e+00	1.000000e+00	0.000000e+00	0.000000e+00
1.180000e+00	1.190000e+00	1.000000e+00	0.000000e+00	0.000000e+00
1.190000e+00	1.200000e+00	1.000000e+00	0.000000e+00	0.000000e+00
1.200000e+00	1.210000e+00	1.000000e+00	0.000000e+00	0.000000e+00
1.210000e+00	1.220000e+00	1.000000e+00	0.000000e+00	0.000000e+00
1.220000e+00	1.230000e+00	1.000000e+00	0.000000e+00	0.000000e+00
1.230000e+00	1.240000e+00	1.000000e+00	0.000000e+00	0.000000e+00
1.240000e+00	1.250000e+00	1.000000e+00	0.000000e+00	0.000000e+00
1.250000e+00	1.260000e+00	1.000000e+00	0.000000e+00	0.000000e+00
1.260000e+00	1.270000e+00	1.000000e+00	0.000000e+00	0.000000e+00
1.270000e+00	1.280000e+00	1.000000e+00	0.000000e+00	0.000000e+00
1.280000e+00	1.290000e+00	1.000000e+00	0.000000e+00	0.000000e+00
1.290000e+00	1.300000e+00	1.000000e+00	0.000000e+00	0.000000e+00
1.300000e+00	1.310000e+00	1.000000e+00	0.000000e+00	0.000000e+00
1.310000e+00	1.320000e+00	1.000000e+00	0.000000e+00	0.000000e+00
1.320000e+00	1.330000e+00	1.000000e+00	0.000000e+00	0.000000e+00
1.330000e+00	1.340000e+00	1.000000e+00	0.000000e+00	0.000000e+00
1.340000e+00	1.350000e+00	1.000000e+00	0.000000e+00	0.000000e+00
1.350000e+00	1.360000e+00	1.000000e+00	0.000000e+00	0.000000e+00
1.360000e+00	1.370000e+00	1.000000e+00	0.000000e+00	0.000000e+00
1.370000e+00	1.380000e+00	1.000000e+00	0.000000e+00	0.000000e+00
1.380000e+00	1.390000e+00	1.000000e+00	0.000000e+00	0.000000e+00
1.390000e+00	1.400000e+00	1.000000e+00	0.000000e+00	0.000000e+00
1.400000e+00	1.410000e+00	1.000000e+00	0.000000e+00	0.000000e+00
1.410000e+00	1.420000e+00	1.000000e+00	0.000000e+00	0.000000e+00
1.420000e+00	1.430000e+00	1.000000e+00	0.000000e+00	0.000000e+00
1.430000e+00	1.440000e+00	1.000000e+00	0.000000e+00	0.000000e+00
1.440000e+00	1.450000e+00	1.000000e+00	0.000000e+00	0.000000e+00
1.450000e+00	1.460000e+00	1.000000e+00	0.000000e+00	0.000000e+00
1.460000e+00	1.470000e+00	1.000000e+00	0.000000e+00	0.000000e+00
1.470000e+00	1.480000e+00	1.000000e+00	0.000000e+00	0.000000e+00
1.480000e+00	1.490000e+00	1.000000e+00	0.000000e+00	0.000000e+00
1.490000e+00	1.500000e+00	1.000000e+00	0.000000e+00	0.000000e+00
# END HISTO1D

