# BEGIN PLOT
XTwosidedTicks=1
DrawOnly=//nfs/farm/g/theory/qcdsim/shoeche/runs/lhjets/hj/mcnlo/css/run.yoda/LH2017_ZHSHAPES/psi_0.9_200 //nfs/farm/g/theory/qcdsim/shoeche/runs/lhjets/hj/mcnlo/css-1em/run.yoda/LH2017_ZHSHAPES/psi_0.9_200 //nfs/farm/g/theory/qcdsim/shoeche/runs/lhjets/hj/nlo/cs/run.yoda/LH2017_ZHSHAPES/psi_0.9_200
RatioPlotReference=//nfs/farm/g/theory/qcdsim/shoeche/runs/lhjets/hj/nlo/cs/run.yoda/LH2017_ZHSHAPES/psi_0.9_200
XTwosidedTicks=1
YTwosidedTicks=1
TopMargin=0.0
RatioPlot=1
BottomMargin=0.0
MainPlot=0
RatioPlotYSize=2.5
XMax=0.9
DrawSpecialInRatio=1
LegendXPos=0.35
LegendYPos=0.8
LogY=1
RatioPlotYLabel=
LegendOnly=//nfs/farm/g/theory/qcdsim/shoeche/runs/lhjets/hj/nlo/cs/run.yoda/LH2017_ZHSHAPES/psi_0.9_200
RatioPlotSameStyle=1
YTwosidedTicks=1
Legend=1
# END PLOT
# BEGIN SPECIAL text
\rput[br](0.95,0.2){$k_T>200GeV$}
# END SPECIAL

# BEGIN HISTO1D //nfs/farm/g/theory/qcdsim/shoeche/runs/lhjets/hj/mcnlo/css/run.yoda/LH2017_ZHSHAPES/psi_0.9_200
ErrorBars=1
LineColor=red
LineStyle=solid
Path=//nfs/farm/g/theory/qcdsim/shoeche/runs/lhjets/hj/mcnlo/css/run.yoda/LH2017_ZHSHAPES/psi_0.9_200
Title=MC@NLO
XLabel=
YLabel=
# xlow	 xhigh	 val	 errminus	 errplus
0.000000e+00	1.000000e-02	1.047445e-01	9.054023e-05	9.054023e-05
1.000000e-02	2.000000e-02	2.124556e-01	1.161610e-04	1.161610e-04
2.000000e-02	3.000000e-02	2.993769e-01	1.268866e-04	1.268866e-04
3.000000e-02	4.000000e-02	3.701839e-01	1.312577e-04	1.312577e-04
4.000000e-02	5.000000e-02	4.291171e-01	1.323455e-04	1.323455e-04
5.000000e-02	6.000000e-02	4.787940e-01	1.315610e-04	1.315610e-04
6.000000e-02	7.000000e-02	5.215390e-01	1.296369e-04	1.296369e-04
7.000000e-02	8.000000e-02	5.585151e-01	1.270319e-04	1.270319e-04
8.000000e-02	9.000000e-02	5.909502e-01	1.239942e-04	1.239942e-04
9.000000e-02	1.000000e-01	6.196118e-01	1.206999e-04	1.206999e-04
1.000000e-01	1.100000e-01	6.452086e-01	1.172463e-04	1.172463e-04
1.100000e-01	1.200000e-01	6.681130e-01	1.137262e-04	1.137262e-04
1.200000e-01	1.300000e-01	6.888291e-01	1.101686e-04	1.101686e-04
1.300000e-01	1.400000e-01	7.076129e-01	1.066198e-04	1.066198e-04
1.400000e-01	1.500000e-01	7.247583e-01	1.031014e-04	1.031014e-04
1.500000e-01	1.600000e-01	7.404535e-01	9.962580e-05	9.962580e-05
1.600000e-01	1.700000e-01	7.548660e-01	9.620260e-05	9.620260e-05
1.700000e-01	1.800000e-01	7.681824e-01	9.284317e-05	9.284317e-05
1.800000e-01	1.900000e-01	7.805003e-01	8.954141e-05	8.954141e-05
1.900000e-01	2.000000e-01	7.919508e-01	8.630637e-05	8.630637e-05
2.000000e-01	2.100000e-01	8.025789e-01	8.315522e-05	8.315522e-05
2.100000e-01	2.200000e-01	8.124833e-01	8.008089e-05	8.008089e-05
2.200000e-01	2.300000e-01	8.217709e-01	7.706615e-05	7.706615e-05
2.300000e-01	2.400000e-01	8.304753e-01	7.412883e-05	7.412883e-05
2.400000e-01	2.500000e-01	8.386402e-01	7.127216e-05	7.127216e-05
2.500000e-01	2.600000e-01	8.463189e-01	6.848896e-05	6.848896e-05
2.600000e-01	2.700000e-01	8.535356e-01	6.578506e-05	6.578506e-05
2.700000e-01	2.800000e-01	8.603711e-01	6.313901e-05	6.313901e-05
2.800000e-01	2.900000e-01	8.668283e-01	6.057001e-05	6.057001e-05
2.900000e-01	3.000000e-01	8.729171e-01	5.808764e-05	5.808764e-05
3.000000e-01	3.100000e-01	8.786790e-01	5.568885e-05	5.568885e-05
3.100000e-01	3.200000e-01	8.841533e-01	5.336345e-05	5.336345e-05
3.200000e-01	3.300000e-01	8.893550e-01	5.110965e-05	5.110965e-05
3.300000e-01	3.400000e-01	8.943147e-01	4.892550e-05	4.892550e-05
3.400000e-01	3.500000e-01	8.990209e-01	4.682287e-05	4.682287e-05
3.500000e-01	3.600000e-01	9.035383e-01	4.477778e-05	4.477778e-05
3.600000e-01	3.700000e-01	9.078108e-01	4.283759e-05	4.283759e-05
3.700000e-01	3.800000e-01	9.118846e-01	4.098407e-05	4.098407e-05
3.800000e-01	3.900000e-01	9.157909e-01	3.920042e-05	3.920042e-05
3.900000e-01	4.000000e-01	9.195344e-01	3.750206e-05	3.750206e-05
4.000000e-01	4.100000e-01	9.231040e-01	3.589661e-05	3.589661e-05
4.100000e-01	4.200000e-01	9.265235e-01	3.437312e-05	3.437312e-05
4.200000e-01	4.300000e-01	9.298084e-01	3.293519e-05	3.293519e-05
4.300000e-01	4.400000e-01	9.329634e-01	3.157134e-05	3.157134e-05
4.400000e-01	4.500000e-01	9.360052e-01	3.028009e-05	3.028009e-05
4.500000e-01	4.600000e-01	9.389315e-01	2.905135e-05	2.905135e-05
4.600000e-01	4.700000e-01	9.417446e-01	2.788922e-05	2.788922e-05
4.700000e-01	4.800000e-01	9.444451e-01	2.677693e-05	2.677693e-05
4.800000e-01	4.900000e-01	9.470514e-01	2.571034e-05	2.571034e-05
4.900000e-01	5.000000e-01	9.495665e-01	2.468492e-05	2.468492e-05
5.000000e-01	5.100000e-01	9.519915e-01	2.369940e-05	2.369940e-05
5.100000e-01	5.200000e-01	9.543431e-01	2.273600e-05	2.273600e-05
5.200000e-01	5.300000e-01	9.566070e-01	2.181041e-05	2.181041e-05
5.300000e-01	5.400000e-01	9.587952e-01	2.091355e-05	2.091355e-05
5.400000e-01	5.500000e-01	9.609020e-01	2.004920e-05	2.004920e-05
5.500000e-01	5.600000e-01	9.629378e-01	1.921139e-05	1.921139e-05
5.600000e-01	5.700000e-01	9.649025e-01	1.839355e-05	1.839355e-05
5.700000e-01	5.800000e-01	9.668037e-01	1.759571e-05	1.759571e-05
5.800000e-01	5.900000e-01	9.686413e-01	1.682457e-05	1.682457e-05
5.900000e-01	6.000000e-01	9.704305e-01	1.606556e-05	1.606556e-05
6.000000e-01	6.100000e-01	9.721503e-01	1.533161e-05	1.533161e-05
6.100000e-01	6.200000e-01	9.738078e-01	1.461436e-05	1.461436e-05
6.200000e-01	6.300000e-01	9.754191e-01	1.391320e-05	1.391320e-05
6.300000e-01	6.400000e-01	9.769767e-01	1.322886e-05	1.322886e-05
6.400000e-01	6.500000e-01	9.784834e-01	1.255970e-05	1.255970e-05
6.500000e-01	6.600000e-01	9.799405e-01	1.190071e-05	1.190071e-05
6.600000e-01	6.700000e-01	9.813433e-01	1.126765e-05	1.126765e-05
6.700000e-01	6.800000e-01	9.826976e-01	1.064382e-05	1.064382e-05
6.800000e-01	6.900000e-01	9.840068e-01	1.003348e-05	1.003348e-05
6.900000e-01	7.000000e-01	9.852744e-01	9.435522e-06	9.435522e-06
7.000000e-01	7.100000e-01	9.864959e-01	8.853552e-06	8.853552e-06
7.100000e-01	7.200000e-01	9.876711e-01	8.275545e-06	8.275545e-06
7.200000e-01	7.300000e-01	9.888065e-01	7.705433e-06	7.705433e-06
7.300000e-01	7.400000e-01	9.899004e-01	7.146759e-06	7.146759e-06
7.400000e-01	7.500000e-01	9.909451e-01	6.607836e-06	6.607836e-06
7.500000e-01	7.600000e-01	9.919477e-01	6.068864e-06	6.068864e-06
7.600000e-01	7.700000e-01	9.929081e-01	5.542553e-06	5.542553e-06
7.700000e-01	7.800000e-01	9.938194e-01	5.028698e-06	5.028698e-06
7.800000e-01	7.900000e-01	9.946857e-01	4.522221e-06	4.522221e-06
7.900000e-01	8.000000e-01	9.954982e-01	4.027847e-06	4.027847e-06
8.000000e-01	8.100000e-01	9.962623e-01	3.538584e-06	3.538584e-06
8.100000e-01	8.200000e-01	9.969744e-01	3.060181e-06	3.060181e-06
8.200000e-01	8.300000e-01	9.976229e-01	2.601859e-06	2.601859e-06
8.300000e-01	8.400000e-01	9.982062e-01	2.168596e-06	2.168596e-06
8.400000e-01	8.500000e-01	9.987202e-01	1.718987e-06	1.718987e-06
8.500000e-01	8.600000e-01	9.991522e-01	1.332758e-06	1.332758e-06
8.600000e-01	8.700000e-01	9.994947e-01	1.035271e-06	1.035271e-06
8.700000e-01	8.800000e-01	9.997361e-01	7.553622e-07	7.553622e-07
8.800000e-01	8.900000e-01	9.998631e-01	6.343525e-07	6.343525e-07
8.900000e-01	9.000000e-01	9.998955e-01	5.363546e-07	5.363546e-07
9.000000e-01	9.100000e-01	9.999088e-01	5.365970e-07	5.365970e-07
9.100000e-01	9.200000e-01	9.999209e-01	4.799887e-07	4.799887e-07
9.200000e-01	9.300000e-01	9.999313e-01	4.156790e-07	4.156790e-07
9.300000e-01	9.400000e-01	9.999405e-01	3.393431e-07	3.393431e-07
9.400000e-01	9.500000e-01	9.999486e-01	2.397699e-07	2.397699e-07
9.500000e-01	9.600000e-01	9.999555e-01	2.399084e-07	2.399084e-07
9.600000e-01	9.700000e-01	9.999613e-01	3.396437e-07	3.396437e-07
9.700000e-01	9.800000e-01	9.999665e-01	3.396990e-07	3.396990e-07
9.800000e-01	9.900000e-01	9.999711e-01	3.397414e-07	3.397414e-07
9.900000e-01	1.000000e+00	9.999752e-01	3.397733e-07	3.397733e-07
1.000000e+00	1.010000e+00	9.999786e-01	3.397969e-07	3.397969e-07
1.010000e+00	1.020000e+00	9.999821e-01	2.402535e-07	2.402535e-07
1.020000e+00	1.030000e+00	9.999850e-01	4.748390e-09	4.748390e-09
1.030000e+00	1.040000e+00	9.999873e-01	2.402866e-07	2.402866e-07
1.040000e+00	1.050000e+00	9.999896e-01	3.287346e-09	3.287346e-09
1.050000e+00	1.060000e+00	9.999913e-01	2.739456e-09	2.739456e-09
1.060000e+00	1.070000e+00	9.999925e-01	2.403085e-07	2.403085e-07
1.070000e+00	1.080000e+00	9.999942e-01	2.403271e-07	2.403271e-07
1.080000e+00	1.090000e+00	9.999954e-01	2.403246e-07	2.403246e-07
1.090000e+00	1.100000e+00	9.999960e-01	1.278412e-09	1.278412e-09
1.100000e+00	1.110000e+00	9.999965e-01	2.403177e-07	2.403177e-07
1.110000e+00	1.120000e+00	9.999977e-01	2.403213e-07	2.403213e-07
1.120000e+00	1.130000e+00	9.999983e-01	2.403208e-07	2.403208e-07
1.130000e+00	1.140000e+00	9.999983e-01	2.403196e-07	2.403196e-07
1.140000e+00	1.150000e+00	9.999988e-01	3.652492e-10	3.652492e-10
1.150000e+00	1.160000e+00	9.999988e-01	2.403199e-07	2.403199e-07
1.160000e+00	1.170000e+00	9.999994e-01	1.826246e-10	1.826246e-10
1.170000e+00	1.180000e+00	9.999994e-01	1.826246e-10	1.826246e-10
1.180000e+00	1.190000e+00	9.999994e-01	2.403201e-07	2.403201e-07
1.190000e+00	1.200000e+00	1.000000e+00	2.403202e-07	2.403202e-07
1.200000e+00	1.210000e+00	1.000000e+00	2.403202e-07	2.403202e-07
1.210000e+00	1.220000e+00	1.000000e+00	0.000000e+00	0.000000e+00
1.220000e+00	1.230000e+00	1.000000e+00	0.000000e+00	0.000000e+00
1.230000e+00	1.240000e+00	1.000000e+00	0.000000e+00	0.000000e+00
1.240000e+00	1.250000e+00	1.000000e+00	0.000000e+00	0.000000e+00
1.250000e+00	1.260000e+00	1.000000e+00	0.000000e+00	0.000000e+00
1.260000e+00	1.270000e+00	1.000000e+00	0.000000e+00	0.000000e+00
1.270000e+00	1.280000e+00	1.000000e+00	0.000000e+00	0.000000e+00
1.280000e+00	1.290000e+00	1.000000e+00	0.000000e+00	0.000000e+00
1.290000e+00	1.300000e+00	1.000000e+00	0.000000e+00	0.000000e+00
1.300000e+00	1.310000e+00	1.000000e+00	0.000000e+00	0.000000e+00
1.310000e+00	1.320000e+00	1.000000e+00	0.000000e+00	0.000000e+00
1.320000e+00	1.330000e+00	1.000000e+00	0.000000e+00	0.000000e+00
1.330000e+00	1.340000e+00	1.000000e+00	0.000000e+00	0.000000e+00
1.340000e+00	1.350000e+00	1.000000e+00	0.000000e+00	0.000000e+00
1.350000e+00	1.360000e+00	1.000000e+00	0.000000e+00	0.000000e+00
1.360000e+00	1.370000e+00	1.000000e+00	0.000000e+00	0.000000e+00
1.370000e+00	1.380000e+00	1.000000e+00	0.000000e+00	0.000000e+00
1.380000e+00	1.390000e+00	1.000000e+00	0.000000e+00	0.000000e+00
1.390000e+00	1.400000e+00	1.000000e+00	0.000000e+00	0.000000e+00
1.400000e+00	1.410000e+00	1.000000e+00	0.000000e+00	0.000000e+00
1.410000e+00	1.420000e+00	1.000000e+00	0.000000e+00	0.000000e+00
1.420000e+00	1.430000e+00	1.000000e+00	0.000000e+00	0.000000e+00
1.430000e+00	1.440000e+00	1.000000e+00	0.000000e+00	0.000000e+00
1.440000e+00	1.450000e+00	1.000000e+00	0.000000e+00	0.000000e+00
1.450000e+00	1.460000e+00	1.000000e+00	0.000000e+00	0.000000e+00
1.460000e+00	1.470000e+00	1.000000e+00	0.000000e+00	0.000000e+00
1.470000e+00	1.480000e+00	1.000000e+00	0.000000e+00	0.000000e+00
1.480000e+00	1.490000e+00	1.000000e+00	0.000000e+00	0.000000e+00
1.490000e+00	1.500000e+00	1.000000e+00	0.000000e+00	0.000000e+00
# END HISTO1D

# BEGIN HISTO1D //nfs/farm/g/theory/qcdsim/shoeche/runs/lhjets/hj/mcnlo/css-1em/run.yoda/LH2017_ZHSHAPES/psi_0.9_200
ErrorBars=1
LineColor=blue
LineStyle=solid
Path=//nfs/farm/g/theory/qcdsim/shoeche/runs/lhjets/hj/mcnlo/css-1em/run.yoda/LH2017_ZHSHAPES/psi_0.9_200
Title=MC@NLO~1em
XLabel=
YLabel=
# xlow	 xhigh	 val	 errminus	 errplus
0.000000e+00	1.000000e-02	8.640692e-01	2.350886e-04	2.350886e-04
1.000000e-02	2.000000e-02	8.665404e-01	2.330999e-04	2.330999e-04
2.000000e-02	3.000000e-02	8.702533e-01	2.299768e-04	2.299768e-04
3.000000e-02	4.000000e-02	8.746729e-01	2.260931e-04	2.260931e-04
4.000000e-02	5.000000e-02	8.795310e-01	2.216305e-04	2.216305e-04
5.000000e-02	6.000000e-02	8.846818e-01	2.166691e-04	2.166691e-04
6.000000e-02	7.000000e-02	8.899493e-01	2.113604e-04	2.113604e-04
7.000000e-02	8.000000e-02	8.951538e-01	2.058631e-04	2.058631e-04
8.000000e-02	9.000000e-02	9.003128e-01	2.001690e-04	2.001690e-04
9.000000e-02	1.000000e-01	9.052855e-01	1.944261e-04	1.944261e-04
1.000000e-01	1.100000e-01	9.100548e-01	1.886762e-04	1.886762e-04
1.100000e-01	1.200000e-01	9.146045e-01	1.829678e-04	1.829678e-04
1.200000e-01	1.300000e-01	9.189895e-01	1.772203e-04	1.772203e-04
1.300000e-01	1.400000e-01	9.231915e-01	1.715088e-04	1.715088e-04
1.400000e-01	1.500000e-01	9.272099e-01	1.657933e-04	1.657933e-04
1.500000e-01	1.600000e-01	9.311066e-01	1.600351e-04	1.600351e-04
1.600000e-01	1.700000e-01	9.347631e-01	1.544024e-04	1.544024e-04
1.700000e-01	1.800000e-01	9.382435e-01	1.488367e-04	1.488367e-04
1.800000e-01	1.900000e-01	9.415258e-01	1.433900e-04	1.433900e-04
1.900000e-01	2.000000e-01	9.446251e-01	1.380562e-04	1.380562e-04
2.000000e-01	2.100000e-01	9.475436e-01	1.328324e-04	1.328324e-04
2.100000e-01	2.200000e-01	9.503859e-01	1.275936e-04	1.275936e-04
2.200000e-01	2.300000e-01	9.530400e-01	1.224728e-04	1.224728e-04
2.300000e-01	2.400000e-01	9.555657e-01	1.175045e-04	1.175045e-04
2.400000e-01	2.500000e-01	9.579860e-01	1.125631e-04	1.125631e-04
2.500000e-01	2.600000e-01	9.602758e-01	1.076790e-04	1.076790e-04
2.600000e-01	2.700000e-01	9.624601e-01	1.028866e-04	1.028866e-04
2.700000e-01	2.800000e-01	9.644958e-01	9.829512e-05	9.829512e-05
2.800000e-01	2.900000e-01	9.664481e-01	9.380572e-05	9.380572e-05
2.900000e-01	3.000000e-01	9.683035e-01	8.938901e-05	8.938901e-05
3.000000e-01	3.100000e-01	9.700709e-01	8.505769e-05	8.505769e-05
3.100000e-01	3.200000e-01	9.717681e-01	8.079429e-05	8.079429e-05
3.200000e-01	3.300000e-01	9.733821e-01	7.663613e-05	7.663613e-05
3.300000e-01	3.400000e-01	9.749079e-01	7.261400e-05	7.261400e-05
3.400000e-01	3.500000e-01	9.763672e-01	6.871572e-05	6.871572e-05
3.500000e-01	3.600000e-01	9.777873e-01	6.482954e-05	6.482954e-05
3.600000e-01	3.700000e-01	9.791238e-01	6.114141e-05	6.114141e-05
3.700000e-01	3.800000e-01	9.803822e-01	5.758284e-05	5.758284e-05
3.800000e-01	3.900000e-01	9.815776e-01	5.415993e-05	5.415993e-05
3.900000e-01	4.000000e-01	9.827109e-01	5.099315e-05	5.099315e-05
4.000000e-01	4.100000e-01	9.837906e-01	4.798512e-05	4.798512e-05
4.100000e-01	4.200000e-01	9.848163e-01	4.522933e-05	4.522933e-05
4.200000e-01	4.300000e-01	9.857951e-01	4.274190e-05	4.274190e-05
4.300000e-01	4.400000e-01	9.867296e-01	4.049592e-05	4.049592e-05
4.400000e-01	4.500000e-01	9.876098e-01	3.860053e-05	3.860053e-05
4.500000e-01	4.600000e-01	9.884602e-01	3.686640e-05	3.686640e-05
4.600000e-01	4.700000e-01	9.892693e-01	3.517407e-05	3.517407e-05
4.700000e-01	4.800000e-01	9.900337e-01	3.351899e-05	3.351899e-05
4.800000e-01	4.900000e-01	9.907479e-01	3.194082e-05	3.194082e-05
4.900000e-01	5.000000e-01	9.914320e-01	3.039938e-05	3.039938e-05
5.000000e-01	5.100000e-01	9.920956e-01	2.885240e-05	2.885240e-05
5.100000e-01	5.200000e-01	9.927145e-01	2.736919e-05	2.736919e-05
5.200000e-01	5.300000e-01	9.932927e-01	2.594738e-05	2.594738e-05
5.300000e-01	5.400000e-01	9.938324e-01	2.457772e-05	2.457772e-05
5.400000e-01	5.500000e-01	9.943479e-01	2.322113e-05	2.322113e-05
5.500000e-01	5.600000e-01	9.948295e-01	2.193106e-05	2.193106e-05
5.600000e-01	5.700000e-01	9.952936e-01	2.064291e-05	2.064291e-05
5.700000e-01	5.800000e-01	9.957237e-01	1.940710e-05	1.940710e-05
5.800000e-01	5.900000e-01	9.961286e-01	1.821089e-05	1.821089e-05
5.900000e-01	6.000000e-01	9.964969e-01	1.708947e-05	1.708947e-05
6.000000e-01	6.100000e-01	9.968455e-01	1.598284e-05	1.598284e-05
6.100000e-01	6.200000e-01	9.971858e-01	1.485151e-05	1.485151e-05
6.200000e-01	6.300000e-01	9.974937e-01	1.379348e-05	1.379348e-05
6.300000e-01	6.400000e-01	9.977760e-01	1.277687e-05	1.277687e-05
6.400000e-01	6.500000e-01	9.980309e-01	1.182990e-05	1.182990e-05
6.500000e-01	6.600000e-01	9.982733e-01	1.088793e-05	1.088793e-05
6.600000e-01	6.700000e-01	9.984964e-01	9.965607e-06	9.965607e-06
6.700000e-01	6.800000e-01	9.987015e-01	9.076970e-06	9.076970e-06
6.800000e-01	6.900000e-01	9.988861e-01	8.233409e-06	8.233409e-06
6.900000e-01	7.000000e-01	9.990527e-01	7.415537e-06	7.415537e-06
7.000000e-01	7.100000e-01	9.992030e-01	6.663436e-06	6.663436e-06
7.100000e-01	7.200000e-01	9.993356e-01	5.935918e-06	5.935918e-06
7.200000e-01	7.300000e-01	9.994508e-01	5.243872e-06	5.243872e-06
7.300000e-01	7.400000e-01	9.995522e-01	4.646995e-06	4.646995e-06
7.400000e-01	7.500000e-01	9.996401e-01	4.025637e-06	4.025637e-06
7.500000e-01	7.600000e-01	9.997185e-01	3.444587e-06	3.444587e-06
7.600000e-01	7.700000e-01	9.997842e-01	2.928194e-06	2.928194e-06
7.700000e-01	7.800000e-01	9.998385e-01	2.436997e-06	2.436997e-06
7.800000e-01	7.900000e-01	9.998823e-01	1.990219e-06	1.990219e-06
7.900000e-01	8.000000e-01	9.999166e-01	1.625336e-06	1.625336e-06
8.000000e-01	8.100000e-01	9.999438e-01	1.310634e-06	1.310634e-06
8.100000e-01	8.200000e-01	9.999649e-01	9.618565e-07	9.618565e-07
8.200000e-01	8.300000e-01	9.999789e-01	7.271796e-07	7.271796e-07
8.300000e-01	8.400000e-01	9.999885e-01	5.142345e-07	5.142345e-07
8.400000e-01	8.500000e-01	9.999944e-01	3.636412e-07	3.636412e-07
8.500000e-01	8.600000e-01	9.999978e-01	3.636584e-07	3.636584e-07
8.600000e-01	8.700000e-01	9.999992e-01	3.636612e-07	3.636612e-07
8.700000e-01	8.800000e-01	9.999997e-01	3.636616e-07	3.636616e-07
8.800000e-01	8.900000e-01	1.000000e+00	0.000000e+00	0.000000e+00
8.900000e-01	9.000000e-01	1.000000e+00	0.000000e+00	0.000000e+00
9.000000e-01	9.100000e-01	1.000000e+00	0.000000e+00	0.000000e+00
9.100000e-01	9.200000e-01	1.000000e+00	0.000000e+00	0.000000e+00
9.200000e-01	9.300000e-01	1.000000e+00	0.000000e+00	0.000000e+00
9.300000e-01	9.400000e-01	1.000000e+00	0.000000e+00	0.000000e+00
9.400000e-01	9.500000e-01	1.000000e+00	0.000000e+00	0.000000e+00
9.500000e-01	9.600000e-01	1.000000e+00	0.000000e+00	0.000000e+00
9.600000e-01	9.700000e-01	1.000000e+00	0.000000e+00	0.000000e+00
9.700000e-01	9.800000e-01	1.000000e+00	0.000000e+00	0.000000e+00
9.800000e-01	9.900000e-01	1.000000e+00	0.000000e+00	0.000000e+00
9.900000e-01	1.000000e+00	1.000000e+00	0.000000e+00	0.000000e+00
1.000000e+00	1.010000e+00	1.000000e+00	0.000000e+00	0.000000e+00
1.010000e+00	1.020000e+00	1.000000e+00	0.000000e+00	0.000000e+00
1.020000e+00	1.030000e+00	1.000000e+00	0.000000e+00	0.000000e+00
1.030000e+00	1.040000e+00	1.000000e+00	0.000000e+00	0.000000e+00
1.040000e+00	1.050000e+00	1.000000e+00	0.000000e+00	0.000000e+00
1.050000e+00	1.060000e+00	1.000000e+00	0.000000e+00	0.000000e+00
1.060000e+00	1.070000e+00	1.000000e+00	0.000000e+00	0.000000e+00
1.070000e+00	1.080000e+00	1.000000e+00	0.000000e+00	0.000000e+00
1.080000e+00	1.090000e+00	1.000000e+00	0.000000e+00	0.000000e+00
1.090000e+00	1.100000e+00	1.000000e+00	0.000000e+00	0.000000e+00
1.100000e+00	1.110000e+00	1.000000e+00	0.000000e+00	0.000000e+00
1.110000e+00	1.120000e+00	1.000000e+00	0.000000e+00	0.000000e+00
1.120000e+00	1.130000e+00	1.000000e+00	0.000000e+00	0.000000e+00
1.130000e+00	1.140000e+00	1.000000e+00	0.000000e+00	0.000000e+00
1.140000e+00	1.150000e+00	1.000000e+00	0.000000e+00	0.000000e+00
1.150000e+00	1.160000e+00	1.000000e+00	0.000000e+00	0.000000e+00
1.160000e+00	1.170000e+00	1.000000e+00	0.000000e+00	0.000000e+00
1.170000e+00	1.180000e+00	1.000000e+00	0.000000e+00	0.000000e+00
1.180000e+00	1.190000e+00	1.000000e+00	0.000000e+00	0.000000e+00
1.190000e+00	1.200000e+00	1.000000e+00	0.000000e+00	0.000000e+00
1.200000e+00	1.210000e+00	1.000000e+00	0.000000e+00	0.000000e+00
1.210000e+00	1.220000e+00	1.000000e+00	0.000000e+00	0.000000e+00
1.220000e+00	1.230000e+00	1.000000e+00	0.000000e+00	0.000000e+00
1.230000e+00	1.240000e+00	1.000000e+00	0.000000e+00	0.000000e+00
1.240000e+00	1.250000e+00	1.000000e+00	0.000000e+00	0.000000e+00
1.250000e+00	1.260000e+00	1.000000e+00	0.000000e+00	0.000000e+00
1.260000e+00	1.270000e+00	1.000000e+00	0.000000e+00	0.000000e+00
1.270000e+00	1.280000e+00	1.000000e+00	0.000000e+00	0.000000e+00
1.280000e+00	1.290000e+00	1.000000e+00	0.000000e+00	0.000000e+00
1.290000e+00	1.300000e+00	1.000000e+00	0.000000e+00	0.000000e+00
1.300000e+00	1.310000e+00	1.000000e+00	0.000000e+00	0.000000e+00
1.310000e+00	1.320000e+00	1.000000e+00	0.000000e+00	0.000000e+00
1.320000e+00	1.330000e+00	1.000000e+00	0.000000e+00	0.000000e+00
1.330000e+00	1.340000e+00	1.000000e+00	0.000000e+00	0.000000e+00
1.340000e+00	1.350000e+00	1.000000e+00	0.000000e+00	0.000000e+00
1.350000e+00	1.360000e+00	1.000000e+00	0.000000e+00	0.000000e+00
1.360000e+00	1.370000e+00	1.000000e+00	0.000000e+00	0.000000e+00
1.370000e+00	1.380000e+00	1.000000e+00	0.000000e+00	0.000000e+00
1.380000e+00	1.390000e+00	1.000000e+00	0.000000e+00	0.000000e+00
1.390000e+00	1.400000e+00	1.000000e+00	0.000000e+00	0.000000e+00
1.400000e+00	1.410000e+00	1.000000e+00	0.000000e+00	0.000000e+00
1.410000e+00	1.420000e+00	1.000000e+00	0.000000e+00	0.000000e+00
1.420000e+00	1.430000e+00	1.000000e+00	0.000000e+00	0.000000e+00
1.430000e+00	1.440000e+00	1.000000e+00	0.000000e+00	0.000000e+00
1.440000e+00	1.450000e+00	1.000000e+00	0.000000e+00	0.000000e+00
1.450000e+00	1.460000e+00	1.000000e+00	0.000000e+00	0.000000e+00
1.460000e+00	1.470000e+00	1.000000e+00	0.000000e+00	0.000000e+00
1.470000e+00	1.480000e+00	1.000000e+00	0.000000e+00	0.000000e+00
1.480000e+00	1.490000e+00	1.000000e+00	0.000000e+00	0.000000e+00
1.490000e+00	1.500000e+00	1.000000e+00	0.000000e+00	0.000000e+00
# END HISTO1D

# BEGIN HISTO1D //nfs/farm/g/theory/qcdsim/shoeche/runs/lhjets/hj/nlo/cs/run.yoda/LH2017_ZHSHAPES/psi_0.9_200
ErrorBars=0
LineColor={[HTML]{2da334}}
LineStyle=solid
Path=//nfs/farm/g/theory/qcdsim/shoeche/runs/lhjets/hj/nlo/cs/run.yoda/LH2017_ZHSHAPES/psi_0.9_200
Title=NLO
XLabel=
YLabel=
# xlow	 xhigh	 val	 errminus	 errplus
0.000000e+00	1.000000e-02	2.734760e-01	9.513015e-02	9.513015e-02
1.000000e-02	2.000000e-02	4.834350e-01	1.098748e-01	1.098748e-01
2.000000e-02	3.000000e-02	5.901013e-01	1.077801e-01	1.077801e-01
3.000000e-02	4.000000e-02	6.573162e-01	1.032421e-01	1.032421e-01
4.000000e-02	5.000000e-02	7.049638e-01	9.827832e-02	9.827832e-02
5.000000e-02	6.000000e-02	7.408120e-01	9.345832e-02	9.345832e-02
6.000000e-02	7.000000e-02	7.692239e-01	8.888363e-02	8.888363e-02
7.000000e-02	8.000000e-02	7.923487e-01	8.462011e-02	8.462011e-02
8.000000e-02	9.000000e-02	8.117103e-01	8.063136e-02	8.063136e-02
9.000000e-02	1.000000e-01	8.281339e-01	7.686986e-02	7.686986e-02
1.000000e-01	1.100000e-01	8.422235e-01	7.336365e-02	7.336365e-02
1.100000e-01	1.200000e-01	8.544277e-01	7.005608e-02	7.005608e-02
1.200000e-01	1.300000e-01	8.651532e-01	6.694676e-02	6.694676e-02
1.300000e-01	1.400000e-01	8.748096e-01	6.398126e-02	6.398126e-02
1.400000e-01	1.500000e-01	8.835507e-01	6.117844e-02	6.117844e-02
1.500000e-01	1.600000e-01	8.912662e-01	5.850989e-02	5.850989e-02
1.600000e-01	1.700000e-01	8.982600e-01	5.594654e-02	5.594654e-02
1.700000e-01	1.800000e-01	9.046139e-01	5.352316e-02	5.352316e-02
1.800000e-01	1.900000e-01	9.104320e-01	5.119278e-02	5.119278e-02
1.900000e-01	2.000000e-01	9.157707e-01	4.897123e-02	4.897123e-02
2.000000e-01	2.100000e-01	9.206623e-01	4.685270e-02	4.685270e-02
2.100000e-01	2.200000e-01	9.252103e-01	4.480264e-02	4.480264e-02
2.200000e-01	2.300000e-01	9.294267e-01	4.283701e-02	4.283701e-02
2.300000e-01	2.400000e-01	9.333602e-01	4.092541e-02	4.092541e-02
2.400000e-01	2.500000e-01	9.370162e-01	3.908934e-02	3.908934e-02
2.500000e-01	2.600000e-01	9.404020e-01	3.731265e-02	3.731265e-02
2.600000e-01	2.700000e-01	9.436116e-01	3.559887e-02	3.559887e-02
2.700000e-01	2.800000e-01	9.465796e-01	3.395963e-02	3.395963e-02
2.800000e-01	2.900000e-01	9.493922e-01	3.236799e-02	3.236799e-02
2.900000e-01	3.000000e-01	9.520443e-01	3.082105e-02	3.082105e-02
3.000000e-01	3.100000e-01	9.545367e-01	2.933312e-02	2.933312e-02
3.100000e-01	3.200000e-01	9.568932e-01	2.789201e-02	2.789201e-02
3.200000e-01	3.300000e-01	9.591319e-01	2.649907e-02	2.649907e-02
3.300000e-01	3.400000e-01	9.612303e-01	2.516920e-02	2.516920e-02
3.400000e-01	3.500000e-01	9.632230e-01	2.389217e-02	2.389217e-02
3.500000e-01	3.600000e-01	9.651211e-01	2.265598e-02	2.265598e-02
3.600000e-01	3.700000e-01	9.669157e-01	2.147770e-02	2.147770e-02
3.700000e-01	3.800000e-01	9.686263e-01	2.035875e-02	2.035875e-02
3.800000e-01	3.900000e-01	9.702603e-01	1.927913e-02	1.927913e-02
3.900000e-01	4.000000e-01	9.718148e-01	1.827483e-02	1.827483e-02
4.000000e-01	4.100000e-01	9.732950e-01	1.732341e-02	1.732341e-02
4.100000e-01	4.200000e-01	9.747152e-01	1.644197e-02	1.644197e-02
4.200000e-01	4.300000e-01	9.760732e-01	1.564881e-02	1.564881e-02
4.300000e-01	4.400000e-01	9.773539e-01	1.494273e-02	1.494273e-02
4.400000e-01	4.500000e-01	9.785775e-01	1.432876e-02	1.432876e-02
4.500000e-01	4.600000e-01	9.797419e-01	1.377139e-02	1.377139e-02
4.600000e-01	4.700000e-01	9.808590e-01	1.322757e-02	1.322757e-02
4.700000e-01	4.800000e-01	9.819206e-01	1.269735e-02	1.269735e-02
4.800000e-01	4.900000e-01	9.829297e-01	1.218542e-02	1.218542e-02
4.900000e-01	5.000000e-01	9.839102e-01	1.167981e-02	1.167981e-02
5.000000e-01	5.100000e-01	9.848488e-01	1.118671e-02	1.118671e-02
5.100000e-01	5.200000e-01	9.857476e-01	1.070659e-02	1.070659e-02
5.200000e-01	5.300000e-01	9.866089e-01	1.023556e-02	1.023556e-02
5.300000e-01	5.400000e-01	9.874266e-01	9.777335e-03	9.777335e-03
5.400000e-01	5.500000e-01	9.882174e-01	9.328553e-03	9.328553e-03
5.500000e-01	5.600000e-01	9.889654e-01	8.894925e-03	8.894925e-03
5.600000e-01	5.700000e-01	9.896856e-01	8.475277e-03	8.475277e-03
5.700000e-01	5.800000e-01	9.903646e-01	8.062985e-03	8.062985e-03
5.800000e-01	5.900000e-01	9.910248e-01	7.658546e-03	7.658546e-03
5.900000e-01	6.000000e-01	9.916445e-01	7.271294e-03	7.271294e-03
6.000000e-01	6.100000e-01	9.922477e-01	6.896686e-03	6.896686e-03
6.100000e-01	6.200000e-01	9.928157e-01	6.525702e-03	6.525702e-03
6.200000e-01	6.300000e-01	9.933656e-01	6.157064e-03	6.157064e-03
6.300000e-01	6.400000e-01	9.938848e-01	5.802263e-03	5.802263e-03
6.400000e-01	6.500000e-01	9.943777e-01	5.448450e-03	5.448450e-03
6.500000e-01	6.600000e-01	9.948406e-01	5.117882e-03	5.117882e-03
6.600000e-01	6.700000e-01	9.952802e-01	4.797708e-03	4.797708e-03
6.700000e-01	6.800000e-01	9.957011e-01	4.475898e-03	4.475898e-03
6.800000e-01	6.900000e-01	9.960980e-01	4.173537e-03	4.173537e-03
6.900000e-01	7.000000e-01	9.964784e-01	3.867282e-03	3.867282e-03
7.000000e-01	7.100000e-01	9.968295e-01	3.586977e-03	3.586977e-03
7.100000e-01	7.200000e-01	9.971596e-01	3.299843e-03	3.299843e-03
7.200000e-01	7.300000e-01	9.974739e-01	3.034128e-03	3.034128e-03
7.300000e-01	7.400000e-01	9.977680e-01	2.755898e-03	2.755898e-03
7.400000e-01	7.500000e-01	9.980434e-01	2.497375e-03	2.497375e-03
7.500000e-01	7.600000e-01	9.983007e-01	2.265758e-03	2.265758e-03
7.600000e-01	7.700000e-01	9.985385e-01	2.015882e-03	2.015882e-03
7.700000e-01	7.800000e-01	9.987568e-01	1.778383e-03	1.778383e-03
7.800000e-01	7.900000e-01	9.989587e-01	1.573764e-03	1.573764e-03
7.900000e-01	8.000000e-01	9.991425e-01	1.368695e-03	1.368695e-03
8.000000e-01	8.100000e-01	9.993053e-01	1.163340e-03	1.163340e-03
8.100000e-01	8.200000e-01	9.994523e-01	9.813146e-04	9.813146e-04
8.200000e-01	8.300000e-01	9.995821e-01	7.834348e-04	7.834348e-04
8.300000e-01	8.400000e-01	9.996939e-01	6.290227e-04	6.290227e-04
8.400000e-01	8.500000e-01	9.997862e-01	4.190596e-04	4.190596e-04
8.500000e-01	8.600000e-01	9.998642e-01	2.967627e-04	2.967627e-04
8.600000e-01	8.700000e-01	9.999235e-01	2.103187e-04	2.103187e-04
8.700000e-01	8.800000e-01	9.999662e-01	8.229880e-06	8.229880e-06
8.800000e-01	8.900000e-01	9.999917e-01	2.111539e-04	2.111539e-04
8.900000e-01	9.000000e-01	1.000000e+00	0.000000e+00	0.000000e+00
9.000000e-01	9.100000e-01	1.000000e+00	0.000000e+00	0.000000e+00
9.100000e-01	9.200000e-01	1.000000e+00	0.000000e+00	0.000000e+00
9.200000e-01	9.300000e-01	1.000000e+00	0.000000e+00	0.000000e+00
9.300000e-01	9.400000e-01	1.000000e+00	0.000000e+00	0.000000e+00
9.400000e-01	9.500000e-01	1.000000e+00	0.000000e+00	0.000000e+00
9.500000e-01	9.600000e-01	1.000000e+00	0.000000e+00	0.000000e+00
9.600000e-01	9.700000e-01	1.000000e+00	0.000000e+00	0.000000e+00
9.700000e-01	9.800000e-01	1.000000e+00	0.000000e+00	0.000000e+00
9.800000e-01	9.900000e-01	1.000000e+00	0.000000e+00	0.000000e+00
9.900000e-01	1.000000e+00	1.000000e+00	0.000000e+00	0.000000e+00
1.000000e+00	1.010000e+00	1.000000e+00	0.000000e+00	0.000000e+00
1.010000e+00	1.020000e+00	1.000000e+00	0.000000e+00	0.000000e+00
1.020000e+00	1.030000e+00	1.000000e+00	0.000000e+00	0.000000e+00
1.030000e+00	1.040000e+00	1.000000e+00	0.000000e+00	0.000000e+00
1.040000e+00	1.050000e+00	1.000000e+00	0.000000e+00	0.000000e+00
1.050000e+00	1.060000e+00	1.000000e+00	0.000000e+00	0.000000e+00
1.060000e+00	1.070000e+00	1.000000e+00	0.000000e+00	0.000000e+00
1.070000e+00	1.080000e+00	1.000000e+00	0.000000e+00	0.000000e+00
1.080000e+00	1.090000e+00	1.000000e+00	0.000000e+00	0.000000e+00
1.090000e+00	1.100000e+00	1.000000e+00	0.000000e+00	0.000000e+00
1.100000e+00	1.110000e+00	1.000000e+00	0.000000e+00	0.000000e+00
1.110000e+00	1.120000e+00	1.000000e+00	0.000000e+00	0.000000e+00
1.120000e+00	1.130000e+00	1.000000e+00	0.000000e+00	0.000000e+00
1.130000e+00	1.140000e+00	1.000000e+00	0.000000e+00	0.000000e+00
1.140000e+00	1.150000e+00	1.000000e+00	0.000000e+00	0.000000e+00
1.150000e+00	1.160000e+00	1.000000e+00	0.000000e+00	0.000000e+00
1.160000e+00	1.170000e+00	1.000000e+00	0.000000e+00	0.000000e+00
1.170000e+00	1.180000e+00	1.000000e+00	0.000000e+00	0.000000e+00
1.180000e+00	1.190000e+00	1.000000e+00	0.000000e+00	0.000000e+00
1.190000e+00	1.200000e+00	1.000000e+00	0.000000e+00	0.000000e+00
1.200000e+00	1.210000e+00	1.000000e+00	0.000000e+00	0.000000e+00
1.210000e+00	1.220000e+00	1.000000e+00	0.000000e+00	0.000000e+00
1.220000e+00	1.230000e+00	1.000000e+00	0.000000e+00	0.000000e+00
1.230000e+00	1.240000e+00	1.000000e+00	0.000000e+00	0.000000e+00
1.240000e+00	1.250000e+00	1.000000e+00	0.000000e+00	0.000000e+00
1.250000e+00	1.260000e+00	1.000000e+00	0.000000e+00	0.000000e+00
1.260000e+00	1.270000e+00	1.000000e+00	0.000000e+00	0.000000e+00
1.270000e+00	1.280000e+00	1.000000e+00	0.000000e+00	0.000000e+00
1.280000e+00	1.290000e+00	1.000000e+00	0.000000e+00	0.000000e+00
1.290000e+00	1.300000e+00	1.000000e+00	0.000000e+00	0.000000e+00
1.300000e+00	1.310000e+00	1.000000e+00	0.000000e+00	0.000000e+00
1.310000e+00	1.320000e+00	1.000000e+00	0.000000e+00	0.000000e+00
1.320000e+00	1.330000e+00	1.000000e+00	0.000000e+00	0.000000e+00
1.330000e+00	1.340000e+00	1.000000e+00	0.000000e+00	0.000000e+00
1.340000e+00	1.350000e+00	1.000000e+00	0.000000e+00	0.000000e+00
1.350000e+00	1.360000e+00	1.000000e+00	0.000000e+00	0.000000e+00
1.360000e+00	1.370000e+00	1.000000e+00	0.000000e+00	0.000000e+00
1.370000e+00	1.380000e+00	1.000000e+00	0.000000e+00	0.000000e+00
1.380000e+00	1.390000e+00	1.000000e+00	0.000000e+00	0.000000e+00
1.390000e+00	1.400000e+00	1.000000e+00	0.000000e+00	0.000000e+00
1.400000e+00	1.410000e+00	1.000000e+00	0.000000e+00	0.000000e+00
1.410000e+00	1.420000e+00	1.000000e+00	0.000000e+00	0.000000e+00
1.420000e+00	1.430000e+00	1.000000e+00	0.000000e+00	0.000000e+00
1.430000e+00	1.440000e+00	1.000000e+00	0.000000e+00	0.000000e+00
1.440000e+00	1.450000e+00	1.000000e+00	0.000000e+00	0.000000e+00
1.450000e+00	1.460000e+00	1.000000e+00	0.000000e+00	0.000000e+00
1.460000e+00	1.470000e+00	1.000000e+00	0.000000e+00	0.000000e+00
1.470000e+00	1.480000e+00	1.000000e+00	0.000000e+00	0.000000e+00
1.480000e+00	1.490000e+00	1.000000e+00	0.000000e+00	0.000000e+00
1.490000e+00	1.500000e+00	1.000000e+00	0.000000e+00	0.000000e+00
# END HISTO1D

