# BEGIN PLOT
XTwosidedTicks=1
DrawOnly=//nfs/farm/g/theory/qcdsim/shoeche/runs/lhjets/hj/mcnlo/css/run.yoda/LH2017_ZHSHAPES/psi_0.7_400 //nfs/farm/g/theory/qcdsim/shoeche/runs/lhjets/hj/mcnlo/css-1em/run.yoda/LH2017_ZHSHAPES/psi_0.7_400 //nfs/farm/g/theory/qcdsim/shoeche/runs/lhjets/hj/nlo/cs/run.yoda/LH2017_ZHSHAPES/psi_0.7_400
RatioPlotReference=//nfs/farm/g/theory/qcdsim/shoeche/runs/lhjets/hj/nlo/cs/run.yoda/LH2017_ZHSHAPES/psi_0.7_400
XTwosidedTicks=1
YTwosidedTicks=1
TopMargin=0.0
RatioPlot=1
BottomMargin=0.0
MainPlot=0
RatioPlotYSize=2.5
XMax=0.7
DrawSpecialInRatio=1
LegendXPos=0.35
LegendYPos=0.8
LogY=1
RatioPlotYLabel=Ratio~to~MC@NLO
LegendOnly=//nfs/farm/g/theory/qcdsim/shoeche/runs/lhjets/hj/mcnlo/css-1em/run.yoda/LH2017_ZHSHAPES/psi_0.7_400
RatioPlotSameStyle=1
YTwosidedTicks=1
Legend=1
# END PLOT
# BEGIN SPECIAL text
\rput[br](0.95,0.2){$k_T>400GeV$}
# END SPECIAL

# BEGIN HISTO1D //nfs/farm/g/theory/qcdsim/shoeche/runs/lhjets/hj/mcnlo/css/run.yoda/LH2017_ZHSHAPES/psi_0.7_400
ErrorBars=1
LineColor=red
LineStyle=solid
Path=//nfs/farm/g/theory/qcdsim/shoeche/runs/lhjets/hj/mcnlo/css/run.yoda/LH2017_ZHSHAPES/psi_0.7_400
Title=MC@NLO
XLabel=
YLabel=
# xlow	 xhigh	 val	 errminus	 errplus
0.000000e+00	1.000000e-02	1.994669e-01	1.957126e-04	1.957126e-04
1.000000e-02	2.000000e-02	3.435983e-01	2.247400e-04	2.247400e-04
2.000000e-02	3.000000e-02	4.433121e-01	2.296527e-04	2.296527e-04
3.000000e-02	4.000000e-02	5.174077e-01	2.264589e-04	2.264589e-04
4.000000e-02	5.000000e-02	5.751678e-01	2.198177e-04	2.198177e-04
5.000000e-02	6.000000e-02	6.217155e-01	2.116925e-04	2.116925e-04
6.000000e-02	7.000000e-02	6.600631e-01	2.030122e-04	2.030122e-04
7.000000e-02	8.000000e-02	6.923613e-01	1.941620e-04	1.941620e-04
8.000000e-02	9.000000e-02	7.199074e-01	1.853916e-04	1.853916e-04
9.000000e-02	1.000000e-01	7.437948e-01	1.768137e-04	1.768137e-04
1.000000e-01	1.100000e-01	7.645906e-01	1.685124e-04	1.685124e-04
1.100000e-01	1.200000e-01	7.830457e-01	1.604322e-04	1.604322e-04
1.200000e-01	1.300000e-01	7.993996e-01	1.526936e-04	1.526936e-04
1.300000e-01	1.400000e-01	8.140362e-01	1.452272e-04	1.452272e-04
1.400000e-01	1.500000e-01	8.271721e-01	1.380998e-04	1.380998e-04
1.500000e-01	1.600000e-01	8.391470e-01	1.311769e-04	1.311769e-04
1.600000e-01	1.700000e-01	8.499495e-01	1.246027e-04	1.246027e-04
1.700000e-01	1.800000e-01	8.598148e-01	1.182644e-04	1.182644e-04
1.800000e-01	1.900000e-01	8.688792e-01	1.121686e-04	1.121686e-04
1.900000e-01	2.000000e-01	8.772281e-01	1.063061e-04	1.063061e-04
2.000000e-01	2.100000e-01	8.848865e-01	1.007100e-04	1.007100e-04
2.100000e-01	2.200000e-01	8.920105e-01	9.528482e-05	9.528482e-05
2.200000e-01	2.300000e-01	8.985984e-01	9.013524e-05	9.013524e-05
2.300000e-01	2.400000e-01	9.047061e-01	8.520522e-05	8.520522e-05
2.400000e-01	2.500000e-01	9.104151e-01	8.046580e-05	8.046580e-05
2.500000e-01	2.600000e-01	9.157474e-01	7.596388e-05	7.596388e-05
2.600000e-01	2.700000e-01	9.207285e-01	7.167474e-05	7.167474e-05
2.700000e-01	2.800000e-01	9.253988e-01	6.757178e-05	6.757178e-05
2.800000e-01	2.900000e-01	9.297934e-01	6.369470e-05	6.369470e-05
2.900000e-01	3.000000e-01	9.339429e-01	5.998401e-05	5.998401e-05
3.000000e-01	3.100000e-01	9.378280e-01	5.654205e-05	5.654205e-05
3.100000e-01	3.200000e-01	9.415040e-01	5.331803e-05	5.331803e-05
3.200000e-01	3.300000e-01	9.449603e-01	5.032938e-05	5.032938e-05
3.300000e-01	3.400000e-01	9.482350e-01	4.753063e-05	4.753063e-05
3.400000e-01	3.500000e-01	9.513391e-01	4.492188e-05	4.492188e-05
3.500000e-01	3.600000e-01	9.542901e-01	4.249237e-05	4.249237e-05
3.600000e-01	3.700000e-01	9.570788e-01	4.023275e-05	4.023275e-05
3.700000e-01	3.800000e-01	9.597380e-01	3.809074e-05	3.809074e-05
3.800000e-01	3.900000e-01	9.622659e-01	3.607215e-05	3.607215e-05
3.900000e-01	4.000000e-01	9.646737e-01	3.413997e-05	3.413997e-05
4.000000e-01	4.100000e-01	9.669426e-01	3.230258e-05	3.230258e-05
4.100000e-01	4.200000e-01	9.691042e-01	3.056084e-05	3.056084e-05
4.200000e-01	4.300000e-01	9.711961e-01	2.885851e-05	2.885851e-05
4.300000e-01	4.400000e-01	9.731762e-01	2.723717e-05	2.723717e-05
4.400000e-01	4.500000e-01	9.750714e-01	2.567738e-05	2.567738e-05
4.500000e-01	4.600000e-01	9.768661e-01	2.418939e-05	2.418939e-05
4.600000e-01	4.700000e-01	9.785782e-01	2.274267e-05	2.274267e-05
4.700000e-01	4.800000e-01	9.802262e-01	2.132464e-05	2.132464e-05
4.800000e-01	4.900000e-01	9.817738e-01	1.998546e-05	1.998546e-05
4.900000e-01	5.000000e-01	9.832767e-01	1.866296e-05	1.866296e-05
5.000000e-01	5.100000e-01	9.846989e-01	1.740720e-05	1.740720e-05
5.100000e-01	5.200000e-01	9.860425e-01	1.620316e-05	1.620316e-05
5.200000e-01	5.300000e-01	9.873268e-01	1.503398e-05	1.503398e-05
5.300000e-01	5.400000e-01	9.885548e-01	1.390312e-05	1.390312e-05
5.400000e-01	5.500000e-01	9.897262e-01	1.279586e-05	1.279586e-05
5.500000e-01	5.600000e-01	9.908351e-01	1.172252e-05	1.172252e-05
5.600000e-01	5.700000e-01	9.918983e-01	1.068146e-05	1.068146e-05
5.700000e-01	5.800000e-01	9.928911e-01	9.674477e-06	9.674477e-06
5.800000e-01	5.900000e-01	9.938424e-01	8.700270e-06	8.700270e-06
5.900000e-01	6.000000e-01	9.947406e-01	7.744215e-06	7.744215e-06
6.000000e-01	6.100000e-01	9.955830e-01	6.808485e-06	6.808485e-06
6.100000e-01	6.200000e-01	9.963657e-01	5.934372e-06	5.934372e-06
6.200000e-01	6.300000e-01	9.970989e-01	5.044775e-06	5.044775e-06
6.300000e-01	6.400000e-01	9.977681e-01	4.171345e-06	4.171345e-06
6.400000e-01	6.500000e-01	9.983665e-01	3.381925e-06	3.381925e-06
6.500000e-01	6.600000e-01	9.988952e-01	2.623396e-06	2.623396e-06
6.600000e-01	6.700000e-01	9.993324e-01	1.867821e-06	1.867821e-06
6.700000e-01	6.800000e-01	9.996680e-01	1.333046e-06	1.333046e-06
6.800000e-01	6.900000e-01	9.998741e-01	9.486183e-07	9.486183e-07
6.900000e-01	7.000000e-01	9.999318e-01	8.673981e-07	8.673981e-07
7.000000e-01	7.100000e-01	9.999433e-01	7.759178e-07	7.759178e-07
7.100000e-01	7.200000e-01	9.999526e-01	6.720013e-07	6.720013e-07
7.200000e-01	7.300000e-01	9.999605e-01	6.721475e-07	6.721475e-07
7.300000e-01	7.400000e-01	9.999667e-01	5.487886e-07	5.487886e-07
7.400000e-01	7.500000e-01	9.999719e-01	5.488729e-07	5.488729e-07
7.500000e-01	7.600000e-01	9.999766e-01	5.489366e-07	5.489366e-07
7.600000e-01	7.700000e-01	9.999807e-01	5.489835e-07	5.489835e-07
7.700000e-01	7.800000e-01	9.999844e-01	8.402367e-09	8.402367e-09
7.800000e-01	7.900000e-01	9.999870e-01	3.881959e-07	3.881959e-07
7.900000e-01	8.000000e-01	9.999896e-01	5.601578e-09	5.601578e-09
8.000000e-01	8.100000e-01	9.999912e-01	3.882299e-07	3.882299e-07
8.100000e-01	8.200000e-01	9.999927e-01	5.490673e-07	5.490673e-07
8.200000e-01	8.300000e-01	9.999943e-01	3.080868e-09	3.080868e-09
8.300000e-01	8.400000e-01	9.999953e-01	3.882509e-07	3.882509e-07
8.400000e-01	8.500000e-01	9.999964e-01	3.882541e-07	3.882541e-07
8.500000e-01	8.600000e-01	9.999969e-01	3.882555e-07	3.882555e-07
8.600000e-01	8.700000e-01	9.999979e-01	1.120316e-09	1.120316e-09
8.700000e-01	8.800000e-01	9.999984e-01	8.402367e-10	8.402367e-10
8.800000e-01	8.900000e-01	9.999984e-01	3.882582e-07	3.882582e-07
8.900000e-01	9.000000e-01	9.999990e-01	5.601578e-10	5.601578e-10
9.000000e-01	9.100000e-01	9.999990e-01	3.882587e-07	3.882587e-07
9.100000e-01	9.200000e-01	9.999995e-01	2.800789e-10	2.800789e-10
9.200000e-01	9.300000e-01	9.999995e-01	3.882590e-07	3.882590e-07
9.300000e-01	9.400000e-01	9.999995e-01	3.882590e-07	3.882590e-07
9.400000e-01	9.500000e-01	9.999995e-01	3.882590e-07	3.882590e-07
9.500000e-01	9.600000e-01	9.999995e-01	3.882590e-07	3.882590e-07
9.600000e-01	9.700000e-01	9.999995e-01	3.882590e-07	3.882590e-07
9.700000e-01	9.800000e-01	1.000000e+00	3.882591e-07	3.882591e-07
9.800000e-01	9.900000e-01	1.000000e+00	0.000000e+00	0.000000e+00
9.900000e-01	1.000000e+00	1.000000e+00	0.000000e+00	0.000000e+00
1.000000e+00	1.010000e+00	1.000000e+00	0.000000e+00	0.000000e+00
1.010000e+00	1.020000e+00	1.000000e+00	0.000000e+00	0.000000e+00
1.020000e+00	1.030000e+00	1.000000e+00	0.000000e+00	0.000000e+00
1.030000e+00	1.040000e+00	1.000000e+00	0.000000e+00	0.000000e+00
1.040000e+00	1.050000e+00	1.000000e+00	0.000000e+00	0.000000e+00
1.050000e+00	1.060000e+00	1.000000e+00	0.000000e+00	0.000000e+00
1.060000e+00	1.070000e+00	1.000000e+00	0.000000e+00	0.000000e+00
1.070000e+00	1.080000e+00	1.000000e+00	0.000000e+00	0.000000e+00
1.080000e+00	1.090000e+00	1.000000e+00	0.000000e+00	0.000000e+00
1.090000e+00	1.100000e+00	1.000000e+00	0.000000e+00	0.000000e+00
1.100000e+00	1.110000e+00	1.000000e+00	0.000000e+00	0.000000e+00
1.110000e+00	1.120000e+00	1.000000e+00	0.000000e+00	0.000000e+00
1.120000e+00	1.130000e+00	1.000000e+00	0.000000e+00	0.000000e+00
1.130000e+00	1.140000e+00	1.000000e+00	0.000000e+00	0.000000e+00
1.140000e+00	1.150000e+00	1.000000e+00	0.000000e+00	0.000000e+00
1.150000e+00	1.160000e+00	1.000000e+00	0.000000e+00	0.000000e+00
1.160000e+00	1.170000e+00	1.000000e+00	0.000000e+00	0.000000e+00
1.170000e+00	1.180000e+00	1.000000e+00	0.000000e+00	0.000000e+00
1.180000e+00	1.190000e+00	1.000000e+00	0.000000e+00	0.000000e+00
1.190000e+00	1.200000e+00	1.000000e+00	0.000000e+00	0.000000e+00
1.200000e+00	1.210000e+00	1.000000e+00	0.000000e+00	0.000000e+00
1.210000e+00	1.220000e+00	1.000000e+00	0.000000e+00	0.000000e+00
1.220000e+00	1.230000e+00	1.000000e+00	0.000000e+00	0.000000e+00
1.230000e+00	1.240000e+00	1.000000e+00	0.000000e+00	0.000000e+00
1.240000e+00	1.250000e+00	1.000000e+00	0.000000e+00	0.000000e+00
1.250000e+00	1.260000e+00	1.000000e+00	0.000000e+00	0.000000e+00
1.260000e+00	1.270000e+00	1.000000e+00	0.000000e+00	0.000000e+00
1.270000e+00	1.280000e+00	1.000000e+00	0.000000e+00	0.000000e+00
1.280000e+00	1.290000e+00	1.000000e+00	0.000000e+00	0.000000e+00
1.290000e+00	1.300000e+00	1.000000e+00	0.000000e+00	0.000000e+00
1.300000e+00	1.310000e+00	1.000000e+00	0.000000e+00	0.000000e+00
1.310000e+00	1.320000e+00	1.000000e+00	0.000000e+00	0.000000e+00
1.320000e+00	1.330000e+00	1.000000e+00	0.000000e+00	0.000000e+00
1.330000e+00	1.340000e+00	1.000000e+00	0.000000e+00	0.000000e+00
1.340000e+00	1.350000e+00	1.000000e+00	0.000000e+00	0.000000e+00
1.350000e+00	1.360000e+00	1.000000e+00	0.000000e+00	0.000000e+00
1.360000e+00	1.370000e+00	1.000000e+00	0.000000e+00	0.000000e+00
1.370000e+00	1.380000e+00	1.000000e+00	0.000000e+00	0.000000e+00
1.380000e+00	1.390000e+00	1.000000e+00	0.000000e+00	0.000000e+00
1.390000e+00	1.400000e+00	1.000000e+00	0.000000e+00	0.000000e+00
1.400000e+00	1.410000e+00	1.000000e+00	0.000000e+00	0.000000e+00
1.410000e+00	1.420000e+00	1.000000e+00	0.000000e+00	0.000000e+00
1.420000e+00	1.430000e+00	1.000000e+00	0.000000e+00	0.000000e+00
1.430000e+00	1.440000e+00	1.000000e+00	0.000000e+00	0.000000e+00
1.440000e+00	1.450000e+00	1.000000e+00	0.000000e+00	0.000000e+00
1.450000e+00	1.460000e+00	1.000000e+00	0.000000e+00	0.000000e+00
1.460000e+00	1.470000e+00	1.000000e+00	0.000000e+00	0.000000e+00
1.470000e+00	1.480000e+00	1.000000e+00	0.000000e+00	0.000000e+00
1.480000e+00	1.490000e+00	1.000000e+00	0.000000e+00	0.000000e+00
1.490000e+00	1.500000e+00	1.000000e+00	0.000000e+00	0.000000e+00
# END HISTO1D

# BEGIN HISTO1D //nfs/farm/g/theory/qcdsim/shoeche/runs/lhjets/hj/mcnlo/css-1em/run.yoda/LH2017_ZHSHAPES/psi_0.7_400
ErrorBars=1
LineColor=blue
LineStyle=solid
Path=//nfs/farm/g/theory/qcdsim/shoeche/runs/lhjets/hj/mcnlo/css-1em/run.yoda/LH2017_ZHSHAPES/psi_0.7_400
Title=MC@NLO~1em
XLabel=
YLabel=
# xlow	 xhigh	 val	 errminus	 errplus
0.000000e+00	1.000000e-02	8.804156e-01	3.667599e-04	3.667599e-04
1.000000e-02	2.000000e-02	8.848671e-01	3.601217e-04	3.601217e-04
2.000000e-02	3.000000e-02	8.906061e-01	3.510591e-04	3.510591e-04
3.000000e-02	4.000000e-02	8.969503e-01	3.404042e-04	3.404042e-04
4.000000e-02	5.000000e-02	9.035080e-01	3.287232e-04	3.287232e-04
5.000000e-02	6.000000e-02	9.097798e-01	3.168500e-04	3.168500e-04
6.000000e-02	7.000000e-02	9.158835e-01	3.045894e-04	3.045894e-04
7.000000e-02	8.000000e-02	9.216014e-01	2.924301e-04	2.924301e-04
8.000000e-02	9.000000e-02	9.270147e-01	2.802093e-04	2.802093e-04
9.000000e-02	1.000000e-01	9.322106e-01	2.678120e-04	2.678120e-04
1.000000e-01	1.100000e-01	9.369021e-01	2.560575e-04	2.560575e-04
1.100000e-01	1.200000e-01	9.413137e-01	2.443455e-04	2.443455e-04
1.200000e-01	1.300000e-01	9.453550e-01	2.331714e-04	2.331714e-04
1.300000e-01	1.400000e-01	9.492063e-01	2.218796e-04	2.218796e-04
1.400000e-01	1.500000e-01	9.528488e-01	2.106582e-04	2.106582e-04
1.500000e-01	1.600000e-01	9.561498e-01	2.000435e-04	2.000435e-04
1.600000e-01	1.700000e-01	9.592327e-01	1.896674e-04	1.896674e-04
1.700000e-01	1.800000e-01	9.620741e-01	1.797375e-04	1.797375e-04
1.800000e-01	1.900000e-01	9.647333e-01	1.701296e-04	1.701296e-04
1.900000e-01	2.000000e-01	9.672025e-01	1.606589e-04	1.606589e-04
2.000000e-01	2.100000e-01	9.694896e-01	1.514873e-04	1.514873e-04
2.100000e-01	2.200000e-01	9.716323e-01	1.426257e-04	1.426257e-04
2.200000e-01	2.300000e-01	9.736415e-01	1.340091e-04	1.340091e-04
2.300000e-01	2.400000e-01	9.754845e-01	1.258426e-04	1.258426e-04
2.400000e-01	2.500000e-01	9.772388e-01	1.179142e-04	1.179142e-04
2.500000e-01	2.600000e-01	9.788613e-01	1.102536e-04	1.102536e-04
2.600000e-01	2.700000e-01	9.804305e-01	1.025505e-04	1.025505e-04
2.700000e-01	2.800000e-01	9.818485e-01	9.566348e-05	9.566348e-05
2.800000e-01	2.900000e-01	9.832271e-01	8.879613e-05	8.879613e-05
2.900000e-01	3.000000e-01	9.845598e-01	8.188159e-05	8.188159e-05
3.000000e-01	3.100000e-01	9.857285e-01	7.611858e-05	7.611858e-05
3.100000e-01	3.200000e-01	9.867804e-01	7.086334e-05	7.086334e-05
3.200000e-01	3.300000e-01	9.878862e-01	6.545311e-05	6.545311e-05
3.300000e-01	3.400000e-01	9.888929e-01	6.088786e-05	6.088786e-05
3.400000e-01	3.500000e-01	9.898239e-01	5.710918e-05	5.710918e-05
3.500000e-01	3.600000e-01	9.906908e-01	5.385083e-05	5.385083e-05
3.600000e-01	3.700000e-01	9.914966e-01	5.077937e-05	5.077937e-05
3.700000e-01	3.800000e-01	9.922939e-01	4.760303e-05	4.760303e-05
3.800000e-01	3.900000e-01	9.929922e-01	4.473853e-05	4.473853e-05
3.900000e-01	4.000000e-01	9.936414e-01	4.197125e-05	4.197125e-05
4.000000e-01	4.100000e-01	9.942665e-01	3.922048e-05	3.922048e-05
4.100000e-01	4.200000e-01	9.948414e-01	3.661231e-05	3.661231e-05
4.200000e-01	4.300000e-01	9.953644e-01	3.414209e-05	3.414209e-05
4.300000e-01	4.400000e-01	9.958697e-01	3.165832e-05	3.165832e-05
4.400000e-01	4.500000e-01	9.963353e-01	2.930163e-05	2.930163e-05
4.500000e-01	4.600000e-01	9.967535e-01	2.710102e-05	2.710102e-05
4.600000e-01	4.700000e-01	9.971404e-01	2.495632e-05	2.495632e-05
4.700000e-01	4.800000e-01	9.975056e-01	2.282644e-05	2.282644e-05
4.800000e-01	4.900000e-01	9.978337e-01	2.081844e-05	2.081844e-05
4.900000e-01	5.000000e-01	9.981371e-01	1.887816e-05	1.887816e-05
5.000000e-01	5.100000e-01	9.984102e-01	1.703874e-05	1.703874e-05
5.100000e-01	5.200000e-01	9.986530e-01	1.532861e-05	1.532861e-05
5.200000e-01	5.300000e-01	9.988749e-01	1.365420e-05	1.365420e-05
5.300000e-01	5.400000e-01	9.990693e-01	1.206928e-05	1.206928e-05
5.400000e-01	5.500000e-01	9.992451e-01	1.057350e-05	1.057350e-05
5.500000e-01	5.600000e-01	9.993971e-01	9.127950e-06	9.127950e-06
5.600000e-01	5.700000e-01	9.995246e-01	7.860325e-06	7.860325e-06
5.700000e-01	5.800000e-01	9.996291e-01	6.714149e-06	6.714149e-06
5.800000e-01	5.900000e-01	9.997252e-01	5.548641e-06	5.548641e-06
5.900000e-01	6.000000e-01	9.997970e-01	4.587618e-06	4.587618e-06
6.000000e-01	6.100000e-01	9.998589e-01	3.580137e-06	3.580137e-06
6.100000e-01	6.200000e-01	9.999055e-01	2.762813e-06	2.762813e-06
6.200000e-01	6.300000e-01	9.999419e-01	2.140656e-06	2.140656e-06
6.300000e-01	6.400000e-01	9.999651e-01	1.353932e-06	1.353932e-06
6.400000e-01	6.500000e-01	9.999837e-01	9.576049e-07	9.576049e-07
6.500000e-01	6.600000e-01	9.999931e-01	5.529198e-07	5.529198e-07
6.600000e-01	6.700000e-01	9.999976e-01	2.704122e-09	2.704122e-09
6.700000e-01	6.800000e-01	9.999993e-01	5.529748e-07	5.529748e-07
6.800000e-01	6.900000e-01	1.000000e+00	0.000000e+00	0.000000e+00
6.900000e-01	7.000000e-01	1.000000e+00	0.000000e+00	0.000000e+00
7.000000e-01	7.100000e-01	1.000000e+00	0.000000e+00	0.000000e+00
7.100000e-01	7.200000e-01	1.000000e+00	0.000000e+00	0.000000e+00
7.200000e-01	7.300000e-01	1.000000e+00	0.000000e+00	0.000000e+00
7.300000e-01	7.400000e-01	1.000000e+00	0.000000e+00	0.000000e+00
7.400000e-01	7.500000e-01	1.000000e+00	0.000000e+00	0.000000e+00
7.500000e-01	7.600000e-01	1.000000e+00	0.000000e+00	0.000000e+00
7.600000e-01	7.700000e-01	1.000000e+00	0.000000e+00	0.000000e+00
7.700000e-01	7.800000e-01	1.000000e+00	0.000000e+00	0.000000e+00
7.800000e-01	7.900000e-01	1.000000e+00	0.000000e+00	0.000000e+00
7.900000e-01	8.000000e-01	1.000000e+00	0.000000e+00	0.000000e+00
8.000000e-01	8.100000e-01	1.000000e+00	0.000000e+00	0.000000e+00
8.100000e-01	8.200000e-01	1.000000e+00	0.000000e+00	0.000000e+00
8.200000e-01	8.300000e-01	1.000000e+00	0.000000e+00	0.000000e+00
8.300000e-01	8.400000e-01	1.000000e+00	0.000000e+00	0.000000e+00
8.400000e-01	8.500000e-01	1.000000e+00	0.000000e+00	0.000000e+00
8.500000e-01	8.600000e-01	1.000000e+00	0.000000e+00	0.000000e+00
8.600000e-01	8.700000e-01	1.000000e+00	0.000000e+00	0.000000e+00
8.700000e-01	8.800000e-01	1.000000e+00	0.000000e+00	0.000000e+00
8.800000e-01	8.900000e-01	1.000000e+00	0.000000e+00	0.000000e+00
8.900000e-01	9.000000e-01	1.000000e+00	0.000000e+00	0.000000e+00
9.000000e-01	9.100000e-01	1.000000e+00	0.000000e+00	0.000000e+00
9.100000e-01	9.200000e-01	1.000000e+00	0.000000e+00	0.000000e+00
9.200000e-01	9.300000e-01	1.000000e+00	0.000000e+00	0.000000e+00
9.300000e-01	9.400000e-01	1.000000e+00	0.000000e+00	0.000000e+00
9.400000e-01	9.500000e-01	1.000000e+00	0.000000e+00	0.000000e+00
9.500000e-01	9.600000e-01	1.000000e+00	0.000000e+00	0.000000e+00
9.600000e-01	9.700000e-01	1.000000e+00	0.000000e+00	0.000000e+00
9.700000e-01	9.800000e-01	1.000000e+00	0.000000e+00	0.000000e+00
9.800000e-01	9.900000e-01	1.000000e+00	0.000000e+00	0.000000e+00
9.900000e-01	1.000000e+00	1.000000e+00	0.000000e+00	0.000000e+00
1.000000e+00	1.010000e+00	1.000000e+00	0.000000e+00	0.000000e+00
1.010000e+00	1.020000e+00	1.000000e+00	0.000000e+00	0.000000e+00
1.020000e+00	1.030000e+00	1.000000e+00	0.000000e+00	0.000000e+00
1.030000e+00	1.040000e+00	1.000000e+00	0.000000e+00	0.000000e+00
1.040000e+00	1.050000e+00	1.000000e+00	0.000000e+00	0.000000e+00
1.050000e+00	1.060000e+00	1.000000e+00	0.000000e+00	0.000000e+00
1.060000e+00	1.070000e+00	1.000000e+00	0.000000e+00	0.000000e+00
1.070000e+00	1.080000e+00	1.000000e+00	0.000000e+00	0.000000e+00
1.080000e+00	1.090000e+00	1.000000e+00	0.000000e+00	0.000000e+00
1.090000e+00	1.100000e+00	1.000000e+00	0.000000e+00	0.000000e+00
1.100000e+00	1.110000e+00	1.000000e+00	0.000000e+00	0.000000e+00
1.110000e+00	1.120000e+00	1.000000e+00	0.000000e+00	0.000000e+00
1.120000e+00	1.130000e+00	1.000000e+00	0.000000e+00	0.000000e+00
1.130000e+00	1.140000e+00	1.000000e+00	0.000000e+00	0.000000e+00
1.140000e+00	1.150000e+00	1.000000e+00	0.000000e+00	0.000000e+00
1.150000e+00	1.160000e+00	1.000000e+00	0.000000e+00	0.000000e+00
1.160000e+00	1.170000e+00	1.000000e+00	0.000000e+00	0.000000e+00
1.170000e+00	1.180000e+00	1.000000e+00	0.000000e+00	0.000000e+00
1.180000e+00	1.190000e+00	1.000000e+00	0.000000e+00	0.000000e+00
1.190000e+00	1.200000e+00	1.000000e+00	0.000000e+00	0.000000e+00
1.200000e+00	1.210000e+00	1.000000e+00	0.000000e+00	0.000000e+00
1.210000e+00	1.220000e+00	1.000000e+00	0.000000e+00	0.000000e+00
1.220000e+00	1.230000e+00	1.000000e+00	0.000000e+00	0.000000e+00
1.230000e+00	1.240000e+00	1.000000e+00	0.000000e+00	0.000000e+00
1.240000e+00	1.250000e+00	1.000000e+00	0.000000e+00	0.000000e+00
1.250000e+00	1.260000e+00	1.000000e+00	0.000000e+00	0.000000e+00
1.260000e+00	1.270000e+00	1.000000e+00	0.000000e+00	0.000000e+00
1.270000e+00	1.280000e+00	1.000000e+00	0.000000e+00	0.000000e+00
1.280000e+00	1.290000e+00	1.000000e+00	0.000000e+00	0.000000e+00
1.290000e+00	1.300000e+00	1.000000e+00	0.000000e+00	0.000000e+00
1.300000e+00	1.310000e+00	1.000000e+00	0.000000e+00	0.000000e+00
1.310000e+00	1.320000e+00	1.000000e+00	0.000000e+00	0.000000e+00
1.320000e+00	1.330000e+00	1.000000e+00	0.000000e+00	0.000000e+00
1.330000e+00	1.340000e+00	1.000000e+00	0.000000e+00	0.000000e+00
1.340000e+00	1.350000e+00	1.000000e+00	0.000000e+00	0.000000e+00
1.350000e+00	1.360000e+00	1.000000e+00	0.000000e+00	0.000000e+00
1.360000e+00	1.370000e+00	1.000000e+00	0.000000e+00	0.000000e+00
1.370000e+00	1.380000e+00	1.000000e+00	0.000000e+00	0.000000e+00
1.380000e+00	1.390000e+00	1.000000e+00	0.000000e+00	0.000000e+00
1.390000e+00	1.400000e+00	1.000000e+00	0.000000e+00	0.000000e+00
1.400000e+00	1.410000e+00	1.000000e+00	0.000000e+00	0.000000e+00
1.410000e+00	1.420000e+00	1.000000e+00	0.000000e+00	0.000000e+00
1.420000e+00	1.430000e+00	1.000000e+00	0.000000e+00	0.000000e+00
1.430000e+00	1.440000e+00	1.000000e+00	0.000000e+00	0.000000e+00
1.440000e+00	1.450000e+00	1.000000e+00	0.000000e+00	0.000000e+00
1.450000e+00	1.460000e+00	1.000000e+00	0.000000e+00	0.000000e+00
1.460000e+00	1.470000e+00	1.000000e+00	0.000000e+00	0.000000e+00
1.470000e+00	1.480000e+00	1.000000e+00	0.000000e+00	0.000000e+00
1.480000e+00	1.490000e+00	1.000000e+00	0.000000e+00	0.000000e+00
1.490000e+00	1.500000e+00	1.000000e+00	0.000000e+00	0.000000e+00
# END HISTO1D

# BEGIN HISTO1D //nfs/farm/g/theory/qcdsim/shoeche/runs/lhjets/hj/nlo/cs/run.yoda/LH2017_ZHSHAPES/psi_0.7_400
ErrorBars=0
LineColor={[HTML]{2da334}}
LineStyle=solid
Path=//nfs/farm/g/theory/qcdsim/shoeche/runs/lhjets/hj/nlo/cs/run.yoda/LH2017_ZHSHAPES/psi_0.7_400
Title=NLO
XLabel=
YLabel=
# xlow	 xhigh	 val	 errminus	 errplus
0.000000e+00	1.000000e-02	4.502532e-01	3.776783e-01	3.776783e-01
1.000000e-02	2.000000e-02	6.193041e-01	3.677983e-01	3.677983e-01
2.000000e-02	3.000000e-02	7.033442e-01	3.419156e-01	3.419156e-01
3.000000e-02	4.000000e-02	7.563241e-01	3.170063e-01	3.170063e-01
4.000000e-02	5.000000e-02	7.927934e-01	2.950188e-01	2.950188e-01
5.000000e-02	6.000000e-02	8.205672e-01	2.750022e-01	2.750022e-01
6.000000e-02	7.000000e-02	8.425166e-01	2.569559e-01	2.569559e-01
7.000000e-02	8.000000e-02	8.599660e-01	2.409532e-01	2.409532e-01
8.000000e-02	9.000000e-02	8.746050e-01	2.261144e-01	2.261144e-01
9.000000e-02	1.000000e-01	8.867457e-01	2.126613e-01	2.126613e-01
1.000000e-01	1.100000e-01	8.970931e-01	2.001319e-01	2.001319e-01
1.100000e-01	1.200000e-01	9.062228e-01	1.884960e-01	1.884960e-01
1.200000e-01	1.300000e-01	9.141050e-01	1.777488e-01	1.777488e-01
1.300000e-01	1.400000e-01	9.210000e-01	1.678456e-01	1.678456e-01
1.400000e-01	1.500000e-01	9.271946e-01	1.583639e-01	1.583639e-01
1.500000e-01	1.600000e-01	9.327606e-01	1.493012e-01	1.493012e-01
1.600000e-01	1.700000e-01	9.377674e-01	1.407897e-01	1.407897e-01
1.700000e-01	1.800000e-01	9.423737e-01	1.326594e-01	1.326594e-01
1.800000e-01	1.900000e-01	9.465335e-01	1.249313e-01	1.249313e-01
1.900000e-01	2.000000e-01	9.503074e-01	1.177333e-01	1.177333e-01
2.000000e-01	2.100000e-01	9.537508e-01	1.107282e-01	1.107282e-01
2.100000e-01	2.200000e-01	9.569242e-01	1.041839e-01	1.041839e-01
2.200000e-01	2.300000e-01	9.598403e-01	9.777976e-02	9.777976e-02
2.300000e-01	2.400000e-01	9.626060e-01	9.169116e-02	9.169116e-02
2.400000e-01	2.500000e-01	9.651241e-01	8.587543e-02	8.587543e-02
2.500000e-01	2.600000e-01	9.674581e-01	8.035718e-02	8.035718e-02
2.600000e-01	2.700000e-01	9.696393e-01	7.510214e-02	7.510214e-02
2.700000e-01	2.800000e-01	9.716746e-01	7.008689e-02	7.008689e-02
2.800000e-01	2.900000e-01	9.735960e-01	6.537151e-02	6.537151e-02
2.900000e-01	3.000000e-01	9.753842e-01	6.101320e-02	6.101320e-02
3.000000e-01	3.100000e-01	9.770559e-01	5.693675e-02	5.693675e-02
3.100000e-01	3.200000e-01	9.786111e-01	5.318971e-02	5.318971e-02
3.200000e-01	3.300000e-01	9.800803e-01	4.984474e-02	4.984474e-02
3.300000e-01	3.400000e-01	9.814361e-01	4.689654e-02	4.689654e-02
3.400000e-01	3.500000e-01	9.827448e-01	4.434981e-02	4.434981e-02
3.500000e-01	3.600000e-01	9.839771e-01	4.207361e-02	4.207361e-02
3.600000e-01	3.700000e-01	9.851209e-01	3.990063e-02	3.990063e-02
3.700000e-01	3.800000e-01	9.861978e-01	3.781885e-02	3.781885e-02
3.800000e-01	3.900000e-01	9.872167e-01	3.580127e-02	3.580127e-02
3.900000e-01	4.000000e-01	9.882025e-01	3.383639e-02	3.383639e-02
4.000000e-01	4.100000e-01	9.891126e-01	3.193292e-02	3.193292e-02
4.100000e-01	4.200000e-01	9.899812e-01	3.007854e-02	3.007854e-02
4.200000e-01	4.300000e-01	9.908009e-01	2.829163e-02	2.829163e-02
4.300000e-01	4.400000e-01	9.915612e-01	2.657842e-02	2.657842e-02
4.400000e-01	4.500000e-01	9.922720e-01	2.494218e-02	2.494218e-02
4.500000e-01	4.600000e-01	9.929445e-01	2.335740e-02	2.335740e-02
4.600000e-01	4.700000e-01	9.935819e-01	2.180806e-02	2.180806e-02
4.700000e-01	4.800000e-01	9.941863e-01	2.028317e-02	2.028317e-02
4.800000e-01	4.900000e-01	9.947454e-01	1.887061e-02	1.887061e-02
4.900000e-01	5.000000e-01	9.952785e-01	1.745291e-02	1.745291e-02
5.000000e-01	5.100000e-01	9.957797e-01	1.609814e-02	1.609814e-02
5.100000e-01	5.200000e-01	9.962401e-01	1.477952e-02	1.477952e-02
5.200000e-01	5.300000e-01	9.966738e-01	1.351293e-02	1.351293e-02
5.300000e-01	5.400000e-01	9.970769e-01	1.231575e-02	1.231575e-02
5.400000e-01	5.500000e-01	9.974552e-01	1.113442e-02	1.113442e-02
5.500000e-01	5.600000e-01	9.978023e-01	9.997655e-03	9.997655e-03
5.600000e-01	5.700000e-01	9.981175e-01	8.900183e-03	8.900183e-03
5.700000e-01	5.800000e-01	9.984117e-01	7.862654e-03	7.862654e-03
5.800000e-01	5.900000e-01	9.986722e-01	6.880281e-03	6.880281e-03
5.900000e-01	6.000000e-01	9.989053e-01	6.020943e-03	6.020943e-03
6.000000e-01	6.100000e-01	9.991161e-01	5.136861e-03	5.136861e-03
6.100000e-01	6.200000e-01	9.993058e-01	4.266994e-03	4.266994e-03
6.200000e-01	6.300000e-01	9.994689e-01	3.424008e-03	3.424008e-03
6.300000e-01	6.400000e-01	9.996109e-01	2.800232e-03	2.800232e-03
6.400000e-01	6.500000e-01	9.997319e-01	2.192308e-03	2.192308e-03
6.500000e-01	6.600000e-01	9.998300e-01	1.621329e-03	1.621329e-03
6.600000e-01	6.700000e-01	9.999038e-01	9.362194e-04	9.362194e-04
6.700000e-01	6.800000e-01	9.999567e-01	9.389446e-04	9.389446e-04
6.800000e-01	6.900000e-01	9.999892e-01	6.643623e-04	6.643623e-04
6.900000e-01	7.000000e-01	1.000000e+00	0.000000e+00	0.000000e+00
7.000000e-01	7.100000e-01	1.000000e+00	0.000000e+00	0.000000e+00
7.100000e-01	7.200000e-01	1.000000e+00	0.000000e+00	0.000000e+00
7.200000e-01	7.300000e-01	1.000000e+00	0.000000e+00	0.000000e+00
7.300000e-01	7.400000e-01	1.000000e+00	0.000000e+00	0.000000e+00
7.400000e-01	7.500000e-01	1.000000e+00	0.000000e+00	0.000000e+00
7.500000e-01	7.600000e-01	1.000000e+00	0.000000e+00	0.000000e+00
7.600000e-01	7.700000e-01	1.000000e+00	0.000000e+00	0.000000e+00
7.700000e-01	7.800000e-01	1.000000e+00	0.000000e+00	0.000000e+00
7.800000e-01	7.900000e-01	1.000000e+00	0.000000e+00	0.000000e+00
7.900000e-01	8.000000e-01	1.000000e+00	0.000000e+00	0.000000e+00
8.000000e-01	8.100000e-01	1.000000e+00	0.000000e+00	0.000000e+00
8.100000e-01	8.200000e-01	1.000000e+00	0.000000e+00	0.000000e+00
8.200000e-01	8.300000e-01	1.000000e+00	0.000000e+00	0.000000e+00
8.300000e-01	8.400000e-01	1.000000e+00	0.000000e+00	0.000000e+00
8.400000e-01	8.500000e-01	1.000000e+00	0.000000e+00	0.000000e+00
8.500000e-01	8.600000e-01	1.000000e+00	0.000000e+00	0.000000e+00
8.600000e-01	8.700000e-01	1.000000e+00	0.000000e+00	0.000000e+00
8.700000e-01	8.800000e-01	1.000000e+00	0.000000e+00	0.000000e+00
8.800000e-01	8.900000e-01	1.000000e+00	0.000000e+00	0.000000e+00
8.900000e-01	9.000000e-01	1.000000e+00	0.000000e+00	0.000000e+00
9.000000e-01	9.100000e-01	1.000000e+00	0.000000e+00	0.000000e+00
9.100000e-01	9.200000e-01	1.000000e+00	0.000000e+00	0.000000e+00
9.200000e-01	9.300000e-01	1.000000e+00	0.000000e+00	0.000000e+00
9.300000e-01	9.400000e-01	1.000000e+00	0.000000e+00	0.000000e+00
9.400000e-01	9.500000e-01	1.000000e+00	0.000000e+00	0.000000e+00
9.500000e-01	9.600000e-01	1.000000e+00	0.000000e+00	0.000000e+00
9.600000e-01	9.700000e-01	1.000000e+00	0.000000e+00	0.000000e+00
9.700000e-01	9.800000e-01	1.000000e+00	0.000000e+00	0.000000e+00
9.800000e-01	9.900000e-01	1.000000e+00	0.000000e+00	0.000000e+00
9.900000e-01	1.000000e+00	1.000000e+00	0.000000e+00	0.000000e+00
1.000000e+00	1.010000e+00	1.000000e+00	0.000000e+00	0.000000e+00
1.010000e+00	1.020000e+00	1.000000e+00	0.000000e+00	0.000000e+00
1.020000e+00	1.030000e+00	1.000000e+00	0.000000e+00	0.000000e+00
1.030000e+00	1.040000e+00	1.000000e+00	0.000000e+00	0.000000e+00
1.040000e+00	1.050000e+00	1.000000e+00	0.000000e+00	0.000000e+00
1.050000e+00	1.060000e+00	1.000000e+00	0.000000e+00	0.000000e+00
1.060000e+00	1.070000e+00	1.000000e+00	0.000000e+00	0.000000e+00
1.070000e+00	1.080000e+00	1.000000e+00	0.000000e+00	0.000000e+00
1.080000e+00	1.090000e+00	1.000000e+00	0.000000e+00	0.000000e+00
1.090000e+00	1.100000e+00	1.000000e+00	0.000000e+00	0.000000e+00
1.100000e+00	1.110000e+00	1.000000e+00	0.000000e+00	0.000000e+00
1.110000e+00	1.120000e+00	1.000000e+00	0.000000e+00	0.000000e+00
1.120000e+00	1.130000e+00	1.000000e+00	0.000000e+00	0.000000e+00
1.130000e+00	1.140000e+00	1.000000e+00	0.000000e+00	0.000000e+00
1.140000e+00	1.150000e+00	1.000000e+00	0.000000e+00	0.000000e+00
1.150000e+00	1.160000e+00	1.000000e+00	0.000000e+00	0.000000e+00
1.160000e+00	1.170000e+00	1.000000e+00	0.000000e+00	0.000000e+00
1.170000e+00	1.180000e+00	1.000000e+00	0.000000e+00	0.000000e+00
1.180000e+00	1.190000e+00	1.000000e+00	0.000000e+00	0.000000e+00
1.190000e+00	1.200000e+00	1.000000e+00	0.000000e+00	0.000000e+00
1.200000e+00	1.210000e+00	1.000000e+00	0.000000e+00	0.000000e+00
1.210000e+00	1.220000e+00	1.000000e+00	0.000000e+00	0.000000e+00
1.220000e+00	1.230000e+00	1.000000e+00	0.000000e+00	0.000000e+00
1.230000e+00	1.240000e+00	1.000000e+00	0.000000e+00	0.000000e+00
1.240000e+00	1.250000e+00	1.000000e+00	0.000000e+00	0.000000e+00
1.250000e+00	1.260000e+00	1.000000e+00	0.000000e+00	0.000000e+00
1.260000e+00	1.270000e+00	1.000000e+00	0.000000e+00	0.000000e+00
1.270000e+00	1.280000e+00	1.000000e+00	0.000000e+00	0.000000e+00
1.280000e+00	1.290000e+00	1.000000e+00	0.000000e+00	0.000000e+00
1.290000e+00	1.300000e+00	1.000000e+00	0.000000e+00	0.000000e+00
1.300000e+00	1.310000e+00	1.000000e+00	0.000000e+00	0.000000e+00
1.310000e+00	1.320000e+00	1.000000e+00	0.000000e+00	0.000000e+00
1.320000e+00	1.330000e+00	1.000000e+00	0.000000e+00	0.000000e+00
1.330000e+00	1.340000e+00	1.000000e+00	0.000000e+00	0.000000e+00
1.340000e+00	1.350000e+00	1.000000e+00	0.000000e+00	0.000000e+00
1.350000e+00	1.360000e+00	1.000000e+00	0.000000e+00	0.000000e+00
1.360000e+00	1.370000e+00	1.000000e+00	0.000000e+00	0.000000e+00
1.370000e+00	1.380000e+00	1.000000e+00	0.000000e+00	0.000000e+00
1.380000e+00	1.390000e+00	1.000000e+00	0.000000e+00	0.000000e+00
1.390000e+00	1.400000e+00	1.000000e+00	0.000000e+00	0.000000e+00
1.400000e+00	1.410000e+00	1.000000e+00	0.000000e+00	0.000000e+00
1.410000e+00	1.420000e+00	1.000000e+00	0.000000e+00	0.000000e+00
1.420000e+00	1.430000e+00	1.000000e+00	0.000000e+00	0.000000e+00
1.430000e+00	1.440000e+00	1.000000e+00	0.000000e+00	0.000000e+00
1.440000e+00	1.450000e+00	1.000000e+00	0.000000e+00	0.000000e+00
1.450000e+00	1.460000e+00	1.000000e+00	0.000000e+00	0.000000e+00
1.460000e+00	1.470000e+00	1.000000e+00	0.000000e+00	0.000000e+00
1.470000e+00	1.480000e+00	1.000000e+00	0.000000e+00	0.000000e+00
1.480000e+00	1.490000e+00	1.000000e+00	0.000000e+00	0.000000e+00
1.490000e+00	1.500000e+00	1.000000e+00	0.000000e+00	0.000000e+00
# END HISTO1D

