# BEGIN PLOT
XTwosidedTicks=1
DrawOnly=//nfs/farm/g/theory/qcdsim/shoeche/runs/lhjets/jj/mcnlo/css-2/run.yoda/LH2017_ZHSHAPES/psi_0.7_400 //nfs/farm/g/theory/qcdsim/shoeche/runs/lhjets/jj/mcnlo/css-1em-2/run.yoda/LH2017_ZHSHAPES/psi_0.7_400 //nfs/farm/g/theory/qcdsim/shoeche/runs/lhjets/jj/nlo/cs-2/run.yoda/LH2017_ZHSHAPES/psi_0.7_400
RatioPlotReference=//nfs/farm/g/theory/qcdsim/shoeche/runs/lhjets/jj/nlo/cs-2/run.yoda/LH2017_ZHSHAPES/psi_0.7_400
XTwosidedTicks=1
YTwosidedTicks=1
TopMargin=0.0
RatioPlot=1
BottomMargin=0.0
MainPlot=0
RatioPlotYSize=2.5
XMax=0.7
DrawSpecialInRatio=1
LegendXPos=0.35
LegendYPos=0.8
LogY=1
RatioPlotYLabel=~
LegendOnly=//nfs/farm/g/theory/qcdsim/shoeche/runs/lhjets/jj/mcnlo/css-1em-2/run.yoda/LH2017_ZHSHAPES/psi_0.7_400
RatioPlotSameStyle=1
YTwosidedTicks=1
Legend=1
# END PLOT
# BEGIN SPECIAL text
\rput[br](0.95,0.2){$k_T>400GeV$}
# END SPECIAL

# BEGIN HISTO1D //nfs/farm/g/theory/qcdsim/shoeche/runs/lhjets/jj/mcnlo/css-2/run.yoda/LH2017_ZHSHAPES/psi_0.7_400
LineColor=red
LineStyle=solid
Path=//nfs/farm/g/theory/qcdsim/shoeche/runs/lhjets/jj/mcnlo/css-2/run.yoda/LH2017_ZHSHAPES/psi_0.7_400
Title=run
XLabel=
YLabel=
# xlow	 xhigh	 val	 errminus	 errplus
0.000000e+00	1.000000e-02	1.897838e-01	4.146026e-04	4.146026e-04
1.000000e-02	2.000000e-02	3.321632e-01	4.801964e-04	4.801964e-04
2.000000e-02	3.000000e-02	4.322445e-01	4.930475e-04	4.930475e-04
3.000000e-02	4.000000e-02	5.065165e-01	4.876288e-04	4.876288e-04
4.000000e-02	5.000000e-02	5.650526e-01	4.743464e-04	4.743464e-04
5.000000e-02	6.000000e-02	6.123286e-01	4.575502e-04	4.575502e-04
6.000000e-02	7.000000e-02	6.511979e-01	4.394789e-04	4.394789e-04
7.000000e-02	8.000000e-02	6.840881e-01	4.209037e-04	4.209037e-04
8.000000e-02	9.000000e-02	7.120535e-01	4.025730e-04	4.025730e-04
9.000000e-02	1.000000e-01	7.363555e-01	3.845568e-04	3.845568e-04
1.000000e-01	1.100000e-01	7.577704e-01	3.666891e-04	3.666891e-04
1.100000e-01	1.200000e-01	7.765740e-01	3.497280e-04	3.497280e-04
1.200000e-01	1.300000e-01	7.934931e-01	3.328762e-04	3.328762e-04
1.300000e-01	1.400000e-01	8.086580e-01	3.166781e-04	3.166781e-04
1.400000e-01	1.500000e-01	8.222355e-01	3.011862e-04	3.011862e-04
1.500000e-01	1.600000e-01	8.346388e-01	2.860916e-04	2.860916e-04
1.600000e-01	1.700000e-01	8.457653e-01	2.718626e-04	2.718626e-04
1.700000e-01	1.800000e-01	8.559462e-01	2.583187e-04	2.583187e-04
1.800000e-01	1.900000e-01	8.653476e-01	2.449147e-04	2.449147e-04
1.900000e-01	2.000000e-01	8.739990e-01	2.321401e-04	2.321401e-04
2.000000e-01	2.100000e-01	8.819453e-01	2.199718e-04	2.199718e-04
2.100000e-01	2.200000e-01	8.892593e-01	2.083880e-04	2.083880e-04
2.200000e-01	2.300000e-01	8.960567e-01	1.971584e-04	1.971584e-04
2.300000e-01	2.400000e-01	9.024160e-01	1.862736e-04	1.862736e-04
2.400000e-01	2.500000e-01	9.083738e-01	1.757791e-04	1.757791e-04
2.500000e-01	2.600000e-01	9.138848e-01	1.658464e-04	1.658464e-04
2.600000e-01	2.700000e-01	9.190430e-01	1.564755e-04	1.564755e-04
2.700000e-01	2.800000e-01	9.238906e-01	1.474884e-04	1.474884e-04
2.800000e-01	2.900000e-01	9.284321e-01	1.390191e-04	1.390191e-04
2.900000e-01	3.000000e-01	9.326866e-01	1.311212e-04	1.311212e-04
3.000000e-01	3.100000e-01	9.366641e-01	1.234997e-04	1.234997e-04
3.100000e-01	3.200000e-01	9.404500e-01	1.164148e-04	1.164148e-04
3.200000e-01	3.300000e-01	9.440334e-01	1.098294e-04	1.098294e-04
3.300000e-01	3.400000e-01	9.474404e-01	1.036467e-04	1.036467e-04
3.400000e-01	3.500000e-01	9.506484e-01	9.790749e-05	9.790749e-05
3.500000e-01	3.600000e-01	9.536791e-01	9.260053e-05	9.260053e-05
3.600000e-01	3.700000e-01	9.565400e-01	8.765982e-05	8.765982e-05
3.700000e-01	3.800000e-01	9.592428e-01	8.299830e-05	8.299830e-05
3.800000e-01	3.900000e-01	9.618127e-01	7.860331e-05	7.860331e-05
3.900000e-01	4.000000e-01	9.642803e-01	7.437489e-05	7.437489e-05
4.000000e-01	4.100000e-01	9.665820e-01	7.047128e-05	7.047128e-05
4.100000e-01	4.200000e-01	9.688336e-01	6.655719e-05	6.655719e-05
4.200000e-01	4.300000e-01	9.709941e-01	6.277634e-05	6.277634e-05
4.300000e-01	4.400000e-01	9.730071e-01	5.920241e-05	5.920241e-05
4.400000e-01	4.500000e-01	9.748911e-01	5.586595e-05	5.586595e-05
4.500000e-01	4.600000e-01	9.767128e-01	5.260852e-05	5.260852e-05
4.600000e-01	4.700000e-01	9.784740e-01	4.943229e-05	4.943229e-05
4.700000e-01	4.800000e-01	9.801346e-01	4.639078e-05	4.639078e-05
4.800000e-01	4.900000e-01	9.817347e-01	4.339510e-05	4.339510e-05
4.900000e-01	5.000000e-01	9.832433e-01	4.049142e-05	4.049142e-05
5.000000e-01	5.100000e-01	9.846875e-01	3.774616e-05	3.774616e-05
5.100000e-01	5.200000e-01	9.860384e-01	3.511654e-05	3.511654e-05
5.200000e-01	5.300000e-01	9.873423e-01	3.252619e-05	3.252619e-05
5.300000e-01	5.400000e-01	9.885792e-01	3.004198e-05	3.004198e-05
5.400000e-01	5.500000e-01	9.897733e-01	2.763186e-05	2.763186e-05
5.500000e-01	5.600000e-01	9.908865e-01	2.531818e-05	2.531818e-05
5.600000e-01	5.700000e-01	9.919448e-01	2.304353e-05	2.304353e-05
5.700000e-01	5.800000e-01	9.929482e-01	2.083199e-05	2.083199e-05
5.800000e-01	5.900000e-01	9.938902e-01	1.871498e-05	1.871498e-05
5.900000e-01	6.000000e-01	9.947913e-01	1.664550e-05	1.664550e-05
6.000000e-01	6.100000e-01	9.956305e-01	1.462544e-05	1.462544e-05
6.100000e-01	6.200000e-01	9.964049e-01	1.269383e-05	1.269383e-05
6.200000e-01	6.300000e-01	9.971230e-01	1.083855e-05	1.083855e-05
6.300000e-01	6.400000e-01	9.977824e-01	9.026362e-06	9.026362e-06
6.400000e-01	6.500000e-01	9.983873e-01	7.231459e-06	7.231459e-06
6.500000e-01	6.600000e-01	9.989130e-01	5.541892e-06	5.541892e-06
6.600000e-01	6.700000e-01	9.993454e-01	4.128405e-06	4.128405e-06
6.700000e-01	6.800000e-01	9.996738e-01	2.737247e-06	2.737247e-06
6.800000e-01	6.900000e-01	9.998768e-01	1.871853e-06	1.871853e-06
6.900000e-01	7.000000e-01	9.999329e-01	1.711978e-06	1.711978e-06
7.000000e-01	7.100000e-01	9.999443e-01	1.325885e-06	1.325885e-06
7.100000e-01	7.200000e-01	9.999538e-01	1.326381e-06	1.326381e-06
7.200000e-01	7.300000e-01	9.999617e-01	1.082956e-06	1.082956e-06
7.300000e-01	7.400000e-01	9.999678e-01	1.326936e-06	1.326936e-06
7.400000e-01	7.500000e-01	9.999730e-01	7.657700e-07	7.657700e-07
7.500000e-01	7.600000e-01	9.999760e-01	1.083513e-06	1.083513e-06
7.600000e-01	7.700000e-01	9.999804e-01	7.660738e-07	7.660738e-07
7.700000e-01	7.800000e-01	9.999835e-01	1.083700e-06	1.083700e-06
7.800000e-01	7.900000e-01	9.999865e-01	7.662514e-07	7.662514e-07
7.900000e-01	8.000000e-01	9.999887e-01	1.083790e-06	1.083790e-06
8.000000e-01	8.100000e-01	9.999909e-01	7.663382e-07	7.663382e-07
8.100000e-01	8.200000e-01	9.999926e-01	7.663635e-07	7.663635e-07
8.200000e-01	8.300000e-01	9.999943e-01	6.575127e-09	6.575127e-09
8.300000e-01	8.400000e-01	9.999952e-01	7.663916e-07	7.663916e-07
8.400000e-01	8.500000e-01	9.999965e-01	4.046250e-09	4.046250e-09
8.500000e-01	8.600000e-01	9.999970e-01	7.664036e-07	7.664036e-07
8.600000e-01	8.700000e-01	9.999978e-01	7.664076e-07	7.664076e-07
8.700000e-01	8.800000e-01	9.999983e-01	2.023176e-09	2.023176e-09
8.800000e-01	8.900000e-01	9.999987e-01	1.517348e-09	1.517348e-09
8.900000e-01	9.000000e-01	9.999987e-01	7.664103e-07	7.664103e-07
9.000000e-01	9.100000e-01	9.999991e-01	7.664111e-07	7.664111e-07
9.100000e-01	9.200000e-01	9.999996e-01	5.059637e-10	5.059637e-10
9.200000e-01	9.300000e-01	9.999996e-01	7.664116e-07	7.664116e-07
9.300000e-01	9.400000e-01	9.999996e-01	7.664116e-07	7.664116e-07
9.400000e-01	9.500000e-01	9.999996e-01	7.664116e-07	7.664116e-07
9.500000e-01	9.600000e-01	9.999996e-01	7.664116e-07	7.664116e-07
9.600000e-01	9.700000e-01	1.000000e+00	0.000000e+00	0.000000e+00
9.700000e-01	9.800000e-01	1.000000e+00	0.000000e+00	0.000000e+00
9.800000e-01	9.900000e-01	1.000000e+00	0.000000e+00	0.000000e+00
9.900000e-01	1.000000e+00	1.000000e+00	0.000000e+00	0.000000e+00
1.000000e+00	1.010000e+00	1.000000e+00	0.000000e+00	0.000000e+00
1.010000e+00	1.020000e+00	1.000000e+00	0.000000e+00	0.000000e+00
1.020000e+00	1.030000e+00	1.000000e+00	0.000000e+00	0.000000e+00
1.030000e+00	1.040000e+00	1.000000e+00	0.000000e+00	0.000000e+00
1.040000e+00	1.050000e+00	1.000000e+00	0.000000e+00	0.000000e+00
1.050000e+00	1.060000e+00	1.000000e+00	0.000000e+00	0.000000e+00
1.060000e+00	1.070000e+00	1.000000e+00	0.000000e+00	0.000000e+00
1.070000e+00	1.080000e+00	1.000000e+00	0.000000e+00	0.000000e+00
1.080000e+00	1.090000e+00	1.000000e+00	0.000000e+00	0.000000e+00
1.090000e+00	1.100000e+00	1.000000e+00	0.000000e+00	0.000000e+00
1.100000e+00	1.110000e+00	1.000000e+00	0.000000e+00	0.000000e+00
1.110000e+00	1.120000e+00	1.000000e+00	0.000000e+00	0.000000e+00
1.120000e+00	1.130000e+00	1.000000e+00	0.000000e+00	0.000000e+00
1.130000e+00	1.140000e+00	1.000000e+00	0.000000e+00	0.000000e+00
1.140000e+00	1.150000e+00	1.000000e+00	0.000000e+00	0.000000e+00
1.150000e+00	1.160000e+00	1.000000e+00	0.000000e+00	0.000000e+00
1.160000e+00	1.170000e+00	1.000000e+00	0.000000e+00	0.000000e+00
1.170000e+00	1.180000e+00	1.000000e+00	0.000000e+00	0.000000e+00
1.180000e+00	1.190000e+00	1.000000e+00	0.000000e+00	0.000000e+00
1.190000e+00	1.200000e+00	1.000000e+00	0.000000e+00	0.000000e+00
1.200000e+00	1.210000e+00	1.000000e+00	0.000000e+00	0.000000e+00
1.210000e+00	1.220000e+00	1.000000e+00	0.000000e+00	0.000000e+00
1.220000e+00	1.230000e+00	1.000000e+00	0.000000e+00	0.000000e+00
1.230000e+00	1.240000e+00	1.000000e+00	0.000000e+00	0.000000e+00
1.240000e+00	1.250000e+00	1.000000e+00	0.000000e+00	0.000000e+00
1.250000e+00	1.260000e+00	1.000000e+00	0.000000e+00	0.000000e+00
1.260000e+00	1.270000e+00	1.000000e+00	0.000000e+00	0.000000e+00
1.270000e+00	1.280000e+00	1.000000e+00	0.000000e+00	0.000000e+00
1.280000e+00	1.290000e+00	1.000000e+00	0.000000e+00	0.000000e+00
1.290000e+00	1.300000e+00	1.000000e+00	0.000000e+00	0.000000e+00
1.300000e+00	1.310000e+00	1.000000e+00	0.000000e+00	0.000000e+00
1.310000e+00	1.320000e+00	1.000000e+00	0.000000e+00	0.000000e+00
1.320000e+00	1.330000e+00	1.000000e+00	0.000000e+00	0.000000e+00
1.330000e+00	1.340000e+00	1.000000e+00	0.000000e+00	0.000000e+00
1.340000e+00	1.350000e+00	1.000000e+00	0.000000e+00	0.000000e+00
1.350000e+00	1.360000e+00	1.000000e+00	0.000000e+00	0.000000e+00
1.360000e+00	1.370000e+00	1.000000e+00	0.000000e+00	0.000000e+00
1.370000e+00	1.380000e+00	1.000000e+00	0.000000e+00	0.000000e+00
1.380000e+00	1.390000e+00	1.000000e+00	0.000000e+00	0.000000e+00
1.390000e+00	1.400000e+00	1.000000e+00	0.000000e+00	0.000000e+00
1.400000e+00	1.410000e+00	1.000000e+00	0.000000e+00	0.000000e+00
1.410000e+00	1.420000e+00	1.000000e+00	0.000000e+00	0.000000e+00
1.420000e+00	1.430000e+00	1.000000e+00	0.000000e+00	0.000000e+00
1.430000e+00	1.440000e+00	1.000000e+00	0.000000e+00	0.000000e+00
1.440000e+00	1.450000e+00	1.000000e+00	0.000000e+00	0.000000e+00
1.450000e+00	1.460000e+00	1.000000e+00	0.000000e+00	0.000000e+00
1.460000e+00	1.470000e+00	1.000000e+00	0.000000e+00	0.000000e+00
1.470000e+00	1.480000e+00	1.000000e+00	0.000000e+00	0.000000e+00
1.480000e+00	1.490000e+00	1.000000e+00	0.000000e+00	0.000000e+00
1.490000e+00	1.500000e+00	1.000000e+00	0.000000e+00	0.000000e+00
# END HISTO1D

# BEGIN HISTO1D //nfs/farm/g/theory/qcdsim/shoeche/runs/lhjets/jj/mcnlo/css-1em-2/run.yoda/LH2017_ZHSHAPES/psi_0.7_400
LineColor=blue
LineStyle=solid
Path=//nfs/farm/g/theory/qcdsim/shoeche/runs/lhjets/jj/mcnlo/css-1em-2/run.yoda/LH2017_ZHSHAPES/psi_0.7_400
Title=MC@NLO~1em
XLabel=
YLabel=
# xlow	 xhigh	 val	 errminus	 errplus
0.000000e+00	1.000000e-02	8.965503e-01	6.582368e-04	6.582368e-04
1.000000e-02	2.000000e-02	8.989500e-01	6.506546e-04	6.506546e-04
2.000000e-02	3.000000e-02	9.027243e-01	6.383194e-04	6.383194e-04
3.000000e-02	4.000000e-02	9.069567e-01	6.236788e-04	6.236788e-04
4.000000e-02	5.000000e-02	9.118028e-01	6.059415e-04	6.059415e-04
5.000000e-02	6.000000e-02	9.165248e-01	5.878396e-04	5.878396e-04
6.000000e-02	7.000000e-02	9.214202e-01	5.682108e-04	5.682108e-04
7.000000e-02	8.000000e-02	9.261379e-01	5.482707e-04	5.482707e-04
8.000000e-02	9.000000e-02	9.305459e-01	5.287625e-04	5.287625e-04
9.000000e-02	1.000000e-01	9.347283e-01	5.091878e-04	5.091878e-04
1.000000e-01	1.100000e-01	9.388100e-01	4.893468e-04	4.893468e-04
1.100000e-01	1.200000e-01	9.427557e-01	4.690869e-04	4.690869e-04
1.200000e-01	1.300000e-01	9.464398e-01	4.493987e-04	4.493987e-04
1.300000e-01	1.400000e-01	9.499055e-01	4.299297e-04	4.299297e-04
1.400000e-01	1.500000e-01	9.532061e-01	4.105259e-04	4.105259e-04
1.500000e-01	1.600000e-01	9.562151e-01	3.919488e-04	3.919488e-04
1.600000e-01	1.700000e-01	9.593263e-01	3.715185e-04	3.715185e-04
1.700000e-01	1.800000e-01	9.621860e-01	3.526977e-04	3.526977e-04
1.800000e-01	1.900000e-01	9.648101e-01	3.340917e-04	3.340917e-04
1.900000e-01	2.000000e-01	9.673159e-01	3.154736e-04	3.154736e-04
2.000000e-01	2.100000e-01	9.695507e-01	2.981608e-04	2.981608e-04
2.100000e-01	2.200000e-01	9.717107e-01	2.810898e-04	2.810898e-04
2.200000e-01	2.300000e-01	9.736919e-01	2.647934e-04	2.647934e-04
2.300000e-01	2.400000e-01	9.755758e-01	2.489562e-04	2.489562e-04
2.400000e-01	2.500000e-01	9.775328e-01	2.304784e-04	2.304784e-04
2.500000e-01	2.600000e-01	9.792424e-01	2.144314e-04	2.144314e-04
2.600000e-01	2.700000e-01	9.808662e-01	1.998736e-04	1.998736e-04
2.700000e-01	2.800000e-01	9.822628e-01	1.868530e-04	1.868530e-04
2.800000e-01	2.900000e-01	9.836687e-01	1.725043e-04	1.725043e-04
2.900000e-01	3.000000e-01	9.849315e-01	1.597647e-04	1.597647e-04
3.000000e-01	3.100000e-01	9.860740e-01	1.486277e-04	1.486277e-04
3.100000e-01	3.200000e-01	9.872182e-01	1.373716e-04	1.373716e-04
3.200000e-01	3.300000e-01	9.883356e-01	1.260839e-04	1.260839e-04
3.300000e-01	3.400000e-01	9.893241e-01	1.173783e-04	1.173783e-04
3.400000e-01	3.500000e-01	9.902632e-01	1.100164e-04	1.100164e-04
3.500000e-01	3.600000e-01	9.911027e-01	1.038240e-04	1.038240e-04
3.600000e-01	3.700000e-01	9.919657e-01	9.712336e-05	9.712336e-05
3.700000e-01	3.800000e-01	9.927566e-01	9.098085e-05	9.098085e-05
3.800000e-01	3.900000e-01	9.935592e-01	8.415437e-05	8.415437e-05
3.900000e-01	4.000000e-01	9.941878e-01	7.881676e-05	7.881676e-05
4.000000e-01	4.100000e-01	9.947489e-01	7.384029e-05	7.384029e-05
4.100000e-01	4.200000e-01	9.952985e-01	6.884741e-05	6.884741e-05
4.200000e-01	4.300000e-01	9.957870e-01	6.416201e-05	6.416201e-05
4.300000e-01	4.400000e-01	9.962403e-01	5.971011e-05	5.971011e-05
4.400000e-01	4.500000e-01	9.967227e-01	5.468957e-05	5.468957e-05
4.500000e-01	4.600000e-01	9.971397e-01	5.012360e-05	5.012360e-05
4.600000e-01	4.700000e-01	9.975259e-01	4.561176e-05	4.561176e-05
4.700000e-01	4.800000e-01	9.978800e-01	4.119687e-05	4.119687e-05
4.800000e-01	4.900000e-01	9.981844e-01	3.736131e-05	3.736131e-05
4.900000e-01	5.000000e-01	9.984557e-01	3.361457e-05	3.361457e-05
5.000000e-01	5.100000e-01	9.986777e-01	3.049680e-05	3.049680e-05
5.100000e-01	5.200000e-01	9.989090e-01	2.688509e-05	2.688509e-05
5.200000e-01	5.300000e-01	9.990856e-01	2.406894e-05	2.406894e-05
5.300000e-01	5.400000e-01	9.992476e-01	2.130231e-05	2.130231e-05
5.400000e-01	5.500000e-01	9.993944e-01	1.856197e-05	1.856197e-05
5.500000e-01	5.600000e-01	9.995224e-01	1.597285e-05	1.597285e-05
5.600000e-01	5.700000e-01	9.996300e-01	1.359161e-05	1.359161e-05
5.700000e-01	5.800000e-01	9.997203e-01	1.143651e-05	1.143651e-05
5.800000e-01	5.900000e-01	9.997957e-01	9.340478e-06	9.340478e-06
5.900000e-01	6.000000e-01	9.998550e-01	7.532429e-06	7.532429e-06
6.000000e-01	6.100000e-01	9.999018e-01	5.835782e-06	5.835782e-06
6.100000e-01	6.200000e-01	9.999390e-01	4.283098e-06	4.283098e-06
6.200000e-01	6.300000e-01	9.999616e-01	3.370500e-06	3.370500e-06
6.300000e-01	6.400000e-01	9.999783e-01	2.290016e-06	2.290016e-06
6.400000e-01	6.500000e-01	9.999895e-01	1.619467e-06	1.619467e-06
6.500000e-01	6.600000e-01	9.999957e-01	9.302397e-09	9.302397e-09
6.600000e-01	6.700000e-01	9.999985e-01	9.350858e-07	9.350858e-07
6.700000e-01	6.800000e-01	9.999998e-01	4.044366e-10	4.044366e-10
6.800000e-01	6.900000e-01	1.000000e+00	0.000000e+00	0.000000e+00
6.900000e-01	7.000000e-01	1.000000e+00	0.000000e+00	0.000000e+00
7.000000e-01	7.100000e-01	1.000000e+00	0.000000e+00	0.000000e+00
7.100000e-01	7.200000e-01	1.000000e+00	0.000000e+00	0.000000e+00
7.200000e-01	7.300000e-01	1.000000e+00	0.000000e+00	0.000000e+00
7.300000e-01	7.400000e-01	1.000000e+00	0.000000e+00	0.000000e+00
7.400000e-01	7.500000e-01	1.000000e+00	0.000000e+00	0.000000e+00
7.500000e-01	7.600000e-01	1.000000e+00	0.000000e+00	0.000000e+00
7.600000e-01	7.700000e-01	1.000000e+00	0.000000e+00	0.000000e+00
7.700000e-01	7.800000e-01	1.000000e+00	0.000000e+00	0.000000e+00
7.800000e-01	7.900000e-01	1.000000e+00	0.000000e+00	0.000000e+00
7.900000e-01	8.000000e-01	1.000000e+00	0.000000e+00	0.000000e+00
8.000000e-01	8.100000e-01	1.000000e+00	0.000000e+00	0.000000e+00
8.100000e-01	8.200000e-01	1.000000e+00	0.000000e+00	0.000000e+00
8.200000e-01	8.300000e-01	1.000000e+00	0.000000e+00	0.000000e+00
8.300000e-01	8.400000e-01	1.000000e+00	0.000000e+00	0.000000e+00
8.400000e-01	8.500000e-01	1.000000e+00	0.000000e+00	0.000000e+00
8.500000e-01	8.600000e-01	1.000000e+00	0.000000e+00	0.000000e+00
8.600000e-01	8.700000e-01	1.000000e+00	0.000000e+00	0.000000e+00
8.700000e-01	8.800000e-01	1.000000e+00	0.000000e+00	0.000000e+00
8.800000e-01	8.900000e-01	1.000000e+00	0.000000e+00	0.000000e+00
8.900000e-01	9.000000e-01	1.000000e+00	0.000000e+00	0.000000e+00
9.000000e-01	9.100000e-01	1.000000e+00	0.000000e+00	0.000000e+00
9.100000e-01	9.200000e-01	1.000000e+00	0.000000e+00	0.000000e+00
9.200000e-01	9.300000e-01	1.000000e+00	0.000000e+00	0.000000e+00
9.300000e-01	9.400000e-01	1.000000e+00	0.000000e+00	0.000000e+00
9.400000e-01	9.500000e-01	1.000000e+00	0.000000e+00	0.000000e+00
9.500000e-01	9.600000e-01	1.000000e+00	0.000000e+00	0.000000e+00
9.600000e-01	9.700000e-01	1.000000e+00	0.000000e+00	0.000000e+00
9.700000e-01	9.800000e-01	1.000000e+00	0.000000e+00	0.000000e+00
9.800000e-01	9.900000e-01	1.000000e+00	0.000000e+00	0.000000e+00
9.900000e-01	1.000000e+00	1.000000e+00	0.000000e+00	0.000000e+00
1.000000e+00	1.010000e+00	1.000000e+00	0.000000e+00	0.000000e+00
1.010000e+00	1.020000e+00	1.000000e+00	0.000000e+00	0.000000e+00
1.020000e+00	1.030000e+00	1.000000e+00	0.000000e+00	0.000000e+00
1.030000e+00	1.040000e+00	1.000000e+00	0.000000e+00	0.000000e+00
1.040000e+00	1.050000e+00	1.000000e+00	0.000000e+00	0.000000e+00
1.050000e+00	1.060000e+00	1.000000e+00	0.000000e+00	0.000000e+00
1.060000e+00	1.070000e+00	1.000000e+00	0.000000e+00	0.000000e+00
1.070000e+00	1.080000e+00	1.000000e+00	0.000000e+00	0.000000e+00
1.080000e+00	1.090000e+00	1.000000e+00	0.000000e+00	0.000000e+00
1.090000e+00	1.100000e+00	1.000000e+00	0.000000e+00	0.000000e+00
1.100000e+00	1.110000e+00	1.000000e+00	0.000000e+00	0.000000e+00
1.110000e+00	1.120000e+00	1.000000e+00	0.000000e+00	0.000000e+00
1.120000e+00	1.130000e+00	1.000000e+00	0.000000e+00	0.000000e+00
1.130000e+00	1.140000e+00	1.000000e+00	0.000000e+00	0.000000e+00
1.140000e+00	1.150000e+00	1.000000e+00	0.000000e+00	0.000000e+00
1.150000e+00	1.160000e+00	1.000000e+00	0.000000e+00	0.000000e+00
1.160000e+00	1.170000e+00	1.000000e+00	0.000000e+00	0.000000e+00
1.170000e+00	1.180000e+00	1.000000e+00	0.000000e+00	0.000000e+00
1.180000e+00	1.190000e+00	1.000000e+00	0.000000e+00	0.000000e+00
1.190000e+00	1.200000e+00	1.000000e+00	0.000000e+00	0.000000e+00
1.200000e+00	1.210000e+00	1.000000e+00	0.000000e+00	0.000000e+00
1.210000e+00	1.220000e+00	1.000000e+00	0.000000e+00	0.000000e+00
1.220000e+00	1.230000e+00	1.000000e+00	0.000000e+00	0.000000e+00
1.230000e+00	1.240000e+00	1.000000e+00	0.000000e+00	0.000000e+00
1.240000e+00	1.250000e+00	1.000000e+00	0.000000e+00	0.000000e+00
1.250000e+00	1.260000e+00	1.000000e+00	0.000000e+00	0.000000e+00
1.260000e+00	1.270000e+00	1.000000e+00	0.000000e+00	0.000000e+00
1.270000e+00	1.280000e+00	1.000000e+00	0.000000e+00	0.000000e+00
1.280000e+00	1.290000e+00	1.000000e+00	0.000000e+00	0.000000e+00
1.290000e+00	1.300000e+00	1.000000e+00	0.000000e+00	0.000000e+00
1.300000e+00	1.310000e+00	1.000000e+00	0.000000e+00	0.000000e+00
1.310000e+00	1.320000e+00	1.000000e+00	0.000000e+00	0.000000e+00
1.320000e+00	1.330000e+00	1.000000e+00	0.000000e+00	0.000000e+00
1.330000e+00	1.340000e+00	1.000000e+00	0.000000e+00	0.000000e+00
1.340000e+00	1.350000e+00	1.000000e+00	0.000000e+00	0.000000e+00
1.350000e+00	1.360000e+00	1.000000e+00	0.000000e+00	0.000000e+00
1.360000e+00	1.370000e+00	1.000000e+00	0.000000e+00	0.000000e+00
1.370000e+00	1.380000e+00	1.000000e+00	0.000000e+00	0.000000e+00
1.380000e+00	1.390000e+00	1.000000e+00	0.000000e+00	0.000000e+00
1.390000e+00	1.400000e+00	1.000000e+00	0.000000e+00	0.000000e+00
1.400000e+00	1.410000e+00	1.000000e+00	0.000000e+00	0.000000e+00
1.410000e+00	1.420000e+00	1.000000e+00	0.000000e+00	0.000000e+00
1.420000e+00	1.430000e+00	1.000000e+00	0.000000e+00	0.000000e+00
1.430000e+00	1.440000e+00	1.000000e+00	0.000000e+00	0.000000e+00
1.440000e+00	1.450000e+00	1.000000e+00	0.000000e+00	0.000000e+00
1.450000e+00	1.460000e+00	1.000000e+00	0.000000e+00	0.000000e+00
1.460000e+00	1.470000e+00	1.000000e+00	0.000000e+00	0.000000e+00
1.470000e+00	1.480000e+00	1.000000e+00	0.000000e+00	0.000000e+00
1.480000e+00	1.490000e+00	1.000000e+00	0.000000e+00	0.000000e+00
1.490000e+00	1.500000e+00	1.000000e+00	0.000000e+00	0.000000e+00
# END HISTO1D

# BEGIN HISTO1D //nfs/farm/g/theory/qcdsim/shoeche/runs/lhjets/jj/nlo/cs-2/run.yoda/LH2017_ZHSHAPES/psi_0.7_400
LineColor={[HTML]{2da334}}
LineStyle=solid
Path=//nfs/farm/g/theory/qcdsim/shoeche/runs/lhjets/jj/nlo/cs-2/run.yoda/LH2017_ZHSHAPES/psi_0.7_400
Title=run
XLabel=
YLabel=
# xlow	 xhigh	 val	 errminus	 errplus
0.000000e+00	1.000000e-02	3.096492e-01	1.407419e-01	1.407419e-01
1.000000e-02	2.000000e-02	5.246512e-01	1.565328e-01	1.565328e-01
2.000000e-02	3.000000e-02	6.308802e-01	1.504956e-01	1.504956e-01
3.000000e-02	4.000000e-02	6.979193e-01	1.415155e-01	1.415155e-01
4.000000e-02	5.000000e-02	7.437739e-01	1.325843e-01	1.325843e-01
5.000000e-02	6.000000e-02	7.782879e-01	1.243521e-01	1.243521e-01
6.000000e-02	7.000000e-02	8.050478e-01	1.167991e-01	1.167991e-01
7.000000e-02	8.000000e-02	8.267884e-01	1.098756e-01	1.098756e-01
8.000000e-02	9.000000e-02	8.449384e-01	1.034174e-01	1.034174e-01
9.000000e-02	1.000000e-01	8.599937e-01	9.735732e-02	9.735732e-02
1.000000e-01	1.100000e-01	8.733559e-01	9.162732e-02	9.162732e-02
1.100000e-01	1.200000e-01	8.848187e-01	8.627474e-02	8.627474e-02
1.200000e-01	1.300000e-01	8.944149e-01	8.149657e-02	8.149657e-02
1.300000e-01	1.400000e-01	9.031530e-01	7.689393e-02	7.689393e-02
1.400000e-01	1.500000e-01	9.108736e-01	7.252689e-02	7.252689e-02
1.500000e-01	1.600000e-01	9.176942e-01	6.843186e-02	6.843186e-02
1.600000e-01	1.700000e-01	9.239363e-01	6.451187e-02	6.451187e-02
1.700000e-01	1.800000e-01	9.296749e-01	6.070101e-02	6.070101e-02
1.800000e-01	1.900000e-01	9.347623e-01	5.718215e-02	5.718215e-02
1.900000e-01	2.000000e-01	9.393747e-01	5.388789e-02	5.388789e-02
2.000000e-01	2.100000e-01	9.435601e-01	5.077959e-02	5.077959e-02
2.100000e-01	2.200000e-01	9.475016e-01	4.773278e-02	4.773278e-02
2.200000e-01	2.300000e-01	9.511659e-01	4.482248e-02	4.482248e-02
2.300000e-01	2.400000e-01	9.545606e-01	4.201047e-02	4.201047e-02
2.400000e-01	2.500000e-01	9.576072e-01	3.934256e-02	3.934256e-02
2.500000e-01	2.600000e-01	9.604892e-01	3.684202e-02	3.684202e-02
2.600000e-01	2.700000e-01	9.631658e-01	3.444570e-02	3.444570e-02
2.700000e-01	2.800000e-01	9.656656e-01	3.215730e-02	3.215730e-02
2.800000e-01	2.900000e-01	9.680488e-01	3.000241e-02	3.000241e-02
2.900000e-01	3.000000e-01	9.702355e-01	2.805783e-02	2.805783e-02
3.000000e-01	3.100000e-01	9.722735e-01	2.614937e-02	2.614937e-02
3.100000e-01	3.200000e-01	9.741737e-01	2.441675e-02	2.441675e-02
3.200000e-01	3.300000e-01	9.759630e-01	2.285187e-02	2.285187e-02
3.300000e-01	3.400000e-01	9.776099e-01	2.148946e-02	2.148946e-02
3.400000e-01	3.500000e-01	9.791850e-01	2.035067e-02	2.035067e-02
3.500000e-01	3.600000e-01	9.806962e-01	1.930736e-02	1.930736e-02
3.600000e-01	3.700000e-01	9.820945e-01	1.831491e-02	1.831491e-02
3.700000e-01	3.800000e-01	9.834498e-01	1.732517e-02	1.732517e-02
3.800000e-01	3.900000e-01	9.846563e-01	1.641450e-02	1.641450e-02
3.900000e-01	4.000000e-01	9.858717e-01	1.547144e-02	1.547144e-02
4.000000e-01	4.100000e-01	9.869761e-01	1.460176e-02	1.460176e-02
4.100000e-01	4.200000e-01	9.879768e-01	1.378562e-02	1.378562e-02
4.200000e-01	4.300000e-01	9.889617e-01	1.296724e-02	1.296724e-02
4.300000e-01	4.400000e-01	9.898776e-01	1.217932e-02	1.217932e-02
4.400000e-01	4.500000e-01	9.907360e-01	1.144155e-02	1.144155e-02
4.500000e-01	4.600000e-01	9.915609e-01	1.070342e-02	1.070342e-02
4.600000e-01	4.700000e-01	9.923111e-01	1.001134e-02	1.001134e-02
4.700000e-01	4.800000e-01	9.930343e-01	9.329445e-03	9.329445e-03
4.800000e-01	4.900000e-01	9.937052e-01	8.672099e-03	8.672099e-03
4.900000e-01	5.000000e-01	9.943579e-01	8.013803e-03	8.013803e-03
5.000000e-01	5.100000e-01	9.949463e-01	7.413853e-03	7.413853e-03
5.100000e-01	5.200000e-01	9.954968e-01	6.811278e-03	6.811278e-03
5.200000e-01	5.300000e-01	9.960086e-01	6.234474e-03	6.234474e-03
5.300000e-01	5.400000e-01	9.965008e-01	5.658268e-03	5.658268e-03
5.400000e-01	5.500000e-01	9.969371e-01	5.131993e-03	5.131993e-03
5.500000e-01	5.600000e-01	9.973528e-01	4.608274e-03	4.608274e-03
5.600000e-01	5.700000e-01	9.977335e-01	4.123212e-03	4.123212e-03
5.700000e-01	5.800000e-01	9.980894e-01	3.646655e-03	3.646655e-03
5.800000e-01	5.900000e-01	9.984072e-01	3.182620e-03	3.182620e-03
5.900000e-01	6.000000e-01	9.986852e-01	2.760158e-03	2.760158e-03
6.000000e-01	6.100000e-01	9.989442e-01	2.367677e-03	2.367677e-03
6.100000e-01	6.200000e-01	9.991691e-01	1.993971e-03	1.993971e-03
6.200000e-01	6.300000e-01	9.993692e-01	1.636374e-03	1.636374e-03
6.300000e-01	6.400000e-01	9.995437e-01	1.264446e-03	1.264446e-03
6.400000e-01	6.500000e-01	9.996855e-01	9.263293e-04	9.263293e-04
6.500000e-01	6.600000e-01	9.997980e-01	6.775907e-04	6.775907e-04
6.600000e-01	6.700000e-01	9.998852e-01	4.152572e-04	4.152572e-04
6.700000e-01	6.800000e-01	9.999473e-01	2.401665e-04	2.401665e-04
6.800000e-01	6.900000e-01	9.999846e-01	5.429703e-06	5.429703e-06
6.900000e-01	7.000000e-01	1.000000e+00	0.000000e+00	0.000000e+00
7.000000e-01	7.100000e-01	1.000000e+00	0.000000e+00	0.000000e+00
7.100000e-01	7.200000e-01	1.000000e+00	0.000000e+00	0.000000e+00
7.200000e-01	7.300000e-01	1.000000e+00	0.000000e+00	0.000000e+00
7.300000e-01	7.400000e-01	1.000000e+00	0.000000e+00	0.000000e+00
7.400000e-01	7.500000e-01	1.000000e+00	0.000000e+00	0.000000e+00
7.500000e-01	7.600000e-01	1.000000e+00	0.000000e+00	0.000000e+00
7.600000e-01	7.700000e-01	1.000000e+00	0.000000e+00	0.000000e+00
7.700000e-01	7.800000e-01	1.000000e+00	0.000000e+00	0.000000e+00
7.800000e-01	7.900000e-01	1.000000e+00	0.000000e+00	0.000000e+00
7.900000e-01	8.000000e-01	1.000000e+00	0.000000e+00	0.000000e+00
8.000000e-01	8.100000e-01	1.000000e+00	0.000000e+00	0.000000e+00
8.100000e-01	8.200000e-01	1.000000e+00	0.000000e+00	0.000000e+00
8.200000e-01	8.300000e-01	1.000000e+00	0.000000e+00	0.000000e+00
8.300000e-01	8.400000e-01	1.000000e+00	0.000000e+00	0.000000e+00
8.400000e-01	8.500000e-01	1.000000e+00	0.000000e+00	0.000000e+00
8.500000e-01	8.600000e-01	1.000000e+00	0.000000e+00	0.000000e+00
8.600000e-01	8.700000e-01	1.000000e+00	0.000000e+00	0.000000e+00
8.700000e-01	8.800000e-01	1.000000e+00	0.000000e+00	0.000000e+00
8.800000e-01	8.900000e-01	1.000000e+00	0.000000e+00	0.000000e+00
8.900000e-01	9.000000e-01	1.000000e+00	0.000000e+00	0.000000e+00
9.000000e-01	9.100000e-01	1.000000e+00	0.000000e+00	0.000000e+00
9.100000e-01	9.200000e-01	1.000000e+00	0.000000e+00	0.000000e+00
9.200000e-01	9.300000e-01	1.000000e+00	0.000000e+00	0.000000e+00
9.300000e-01	9.400000e-01	1.000000e+00	0.000000e+00	0.000000e+00
9.400000e-01	9.500000e-01	1.000000e+00	0.000000e+00	0.000000e+00
9.500000e-01	9.600000e-01	1.000000e+00	0.000000e+00	0.000000e+00
9.600000e-01	9.700000e-01	1.000000e+00	0.000000e+00	0.000000e+00
9.700000e-01	9.800000e-01	1.000000e+00	0.000000e+00	0.000000e+00
9.800000e-01	9.900000e-01	1.000000e+00	0.000000e+00	0.000000e+00
9.900000e-01	1.000000e+00	1.000000e+00	0.000000e+00	0.000000e+00
1.000000e+00	1.010000e+00	1.000000e+00	0.000000e+00	0.000000e+00
1.010000e+00	1.020000e+00	1.000000e+00	0.000000e+00	0.000000e+00
1.020000e+00	1.030000e+00	1.000000e+00	0.000000e+00	0.000000e+00
1.030000e+00	1.040000e+00	1.000000e+00	0.000000e+00	0.000000e+00
1.040000e+00	1.050000e+00	1.000000e+00	0.000000e+00	0.000000e+00
1.050000e+00	1.060000e+00	1.000000e+00	0.000000e+00	0.000000e+00
1.060000e+00	1.070000e+00	1.000000e+00	0.000000e+00	0.000000e+00
1.070000e+00	1.080000e+00	1.000000e+00	0.000000e+00	0.000000e+00
1.080000e+00	1.090000e+00	1.000000e+00	0.000000e+00	0.000000e+00
1.090000e+00	1.100000e+00	1.000000e+00	0.000000e+00	0.000000e+00
1.100000e+00	1.110000e+00	1.000000e+00	0.000000e+00	0.000000e+00
1.110000e+00	1.120000e+00	1.000000e+00	0.000000e+00	0.000000e+00
1.120000e+00	1.130000e+00	1.000000e+00	0.000000e+00	0.000000e+00
1.130000e+00	1.140000e+00	1.000000e+00	0.000000e+00	0.000000e+00
1.140000e+00	1.150000e+00	1.000000e+00	0.000000e+00	0.000000e+00
1.150000e+00	1.160000e+00	1.000000e+00	0.000000e+00	0.000000e+00
1.160000e+00	1.170000e+00	1.000000e+00	0.000000e+00	0.000000e+00
1.170000e+00	1.180000e+00	1.000000e+00	0.000000e+00	0.000000e+00
1.180000e+00	1.190000e+00	1.000000e+00	0.000000e+00	0.000000e+00
1.190000e+00	1.200000e+00	1.000000e+00	0.000000e+00	0.000000e+00
1.200000e+00	1.210000e+00	1.000000e+00	0.000000e+00	0.000000e+00
1.210000e+00	1.220000e+00	1.000000e+00	0.000000e+00	0.000000e+00
1.220000e+00	1.230000e+00	1.000000e+00	0.000000e+00	0.000000e+00
1.230000e+00	1.240000e+00	1.000000e+00	0.000000e+00	0.000000e+00
1.240000e+00	1.250000e+00	1.000000e+00	0.000000e+00	0.000000e+00
1.250000e+00	1.260000e+00	1.000000e+00	0.000000e+00	0.000000e+00
1.260000e+00	1.270000e+00	1.000000e+00	0.000000e+00	0.000000e+00
1.270000e+00	1.280000e+00	1.000000e+00	0.000000e+00	0.000000e+00
1.280000e+00	1.290000e+00	1.000000e+00	0.000000e+00	0.000000e+00
1.290000e+00	1.300000e+00	1.000000e+00	0.000000e+00	0.000000e+00
1.300000e+00	1.310000e+00	1.000000e+00	0.000000e+00	0.000000e+00
1.310000e+00	1.320000e+00	1.000000e+00	0.000000e+00	0.000000e+00
1.320000e+00	1.330000e+00	1.000000e+00	0.000000e+00	0.000000e+00
1.330000e+00	1.340000e+00	1.000000e+00	0.000000e+00	0.000000e+00
1.340000e+00	1.350000e+00	1.000000e+00	0.000000e+00	0.000000e+00
1.350000e+00	1.360000e+00	1.000000e+00	0.000000e+00	0.000000e+00
1.360000e+00	1.370000e+00	1.000000e+00	0.000000e+00	0.000000e+00
1.370000e+00	1.380000e+00	1.000000e+00	0.000000e+00	0.000000e+00
1.380000e+00	1.390000e+00	1.000000e+00	0.000000e+00	0.000000e+00
1.390000e+00	1.400000e+00	1.000000e+00	0.000000e+00	0.000000e+00
1.400000e+00	1.410000e+00	1.000000e+00	0.000000e+00	0.000000e+00
1.410000e+00	1.420000e+00	1.000000e+00	0.000000e+00	0.000000e+00
1.420000e+00	1.430000e+00	1.000000e+00	0.000000e+00	0.000000e+00
1.430000e+00	1.440000e+00	1.000000e+00	0.000000e+00	0.000000e+00
1.440000e+00	1.450000e+00	1.000000e+00	0.000000e+00	0.000000e+00
1.450000e+00	1.460000e+00	1.000000e+00	0.000000e+00	0.000000e+00
1.460000e+00	1.470000e+00	1.000000e+00	0.000000e+00	0.000000e+00
1.470000e+00	1.480000e+00	1.000000e+00	0.000000e+00	0.000000e+00
1.480000e+00	1.490000e+00	1.000000e+00	0.000000e+00	0.000000e+00
1.490000e+00	1.500000e+00	1.000000e+00	0.000000e+00	0.000000e+00
# END HISTO1D

