# BEGIN PLOT
XTwosidedTicks=1
DrawOnly=//nfs/farm/g/theory/qcdsim/shoeche/runs/lhjets/jj/mcnlo/css-2/run.yoda/LH2017_ZHSHAPES/psi_0.7_800 //nfs/farm/g/theory/qcdsim/shoeche/runs/lhjets/jj/mcnlo/css-1em-2/run.yoda/LH2017_ZHSHAPES/psi_0.7_800 //nfs/farm/g/theory/qcdsim/shoeche/runs/lhjets/jj/nlo/cs-2/run.yoda/LH2017_ZHSHAPES/psi_0.7_800
RatioPlotReference=//nfs/farm/g/theory/qcdsim/shoeche/runs/lhjets/jj/nlo/cs-2/run.yoda/LH2017_ZHSHAPES/psi_0.7_800
XTwosidedTicks=1
YTwosidedTicks=1
TopMargin=0.0
RatioPlot=1
BottomMargin=0.0
MainPlot=0
RatioPlotYSize=2.5
XMax=0.7
DrawSpecialInRatio=1
LegendXPos=0.35
LegendYPos=0.8
LogY=1
RatioPlotYLabel=
LegendOnly=//nfs/farm/g/theory/qcdsim/shoeche/runs/lhjets/jj/mcnlo/css-2/run.yoda/LH2017_ZHSHAPES/psi_0.7_800
RatioPlotSameStyle=1
YTwosidedTicks=1
Legend=1
# END PLOT
# BEGIN SPECIAL text
\rput[br](0.95,0.2){$k_T>800GeV$}
# END SPECIAL

# BEGIN HISTO1D //nfs/farm/g/theory/qcdsim/shoeche/runs/lhjets/jj/mcnlo/css-2/run.yoda/LH2017_ZHSHAPES/psi_0.7_800
LineColor=red
LineStyle=solid
Path=//nfs/farm/g/theory/qcdsim/shoeche/runs/lhjets/jj/mcnlo/css-2/run.yoda/LH2017_ZHSHAPES/psi_0.7_800
Title=MC@NLO
XLabel=
YLabel=
# xlow	 xhigh	 val	 errminus	 errplus
0.000000e+00	1.000000e-02	2.590633e-01	7.615591e-04	7.615591e-04
1.000000e-02	2.000000e-02	4.105076e-01	8.336507e-04	8.336507e-04
2.000000e-02	3.000000e-02	5.086708e-01	8.304635e-04	8.304635e-04
3.000000e-02	4.000000e-02	5.781781e-01	8.056301e-04	8.056301e-04
4.000000e-02	5.000000e-02	6.310810e-01	7.732529e-04	7.732529e-04
5.000000e-02	6.000000e-02	6.730973e-01	7.385943e-04	7.385943e-04
6.000000e-02	7.000000e-02	7.076260e-01	7.031016e-04	7.031016e-04
7.000000e-02	8.000000e-02	7.364959e-01	6.684085e-04	6.684085e-04
8.000000e-02	9.000000e-02	7.609507e-01	6.350245e-04	6.350245e-04
9.000000e-02	1.000000e-01	7.819246e-01	6.031060e-04	6.031060e-04
1.000000e-01	1.100000e-01	8.001530e-01	5.728715e-04	5.728715e-04
1.100000e-01	1.200000e-01	8.160080e-01	5.442062e-04	5.442062e-04
1.200000e-01	1.300000e-01	8.302665e-01	5.166599e-04	5.166599e-04
1.300000e-01	1.400000e-01	8.432634e-01	4.888790e-04	4.888790e-04
1.400000e-01	1.500000e-01	8.545261e-01	4.638977e-04	4.638977e-04
1.500000e-01	1.600000e-01	8.648495e-01	4.400206e-04	4.400206e-04
1.600000e-01	1.700000e-01	8.741976e-01	4.169099e-04	4.169099e-04
1.700000e-01	1.800000e-01	8.826983e-01	3.949718e-04	3.949718e-04
1.800000e-01	1.900000e-01	8.905004e-01	3.741653e-04	3.741653e-04
1.900000e-01	2.000000e-01	8.977474e-01	3.536292e-04	3.536292e-04
2.000000e-01	2.100000e-01	9.043900e-01	3.340395e-04	3.340395e-04
2.100000e-01	2.200000e-01	9.104853e-01	3.151190e-04	3.151190e-04
2.200000e-01	2.300000e-01	9.161275e-01	2.977725e-04	2.977725e-04
2.300000e-01	2.400000e-01	9.212843e-01	2.810878e-04	2.810878e-04
2.400000e-01	2.500000e-01	9.260489e-01	2.655384e-04	2.655384e-04
2.500000e-01	2.600000e-01	9.305642e-01	2.500785e-04	2.500785e-04
2.600000e-01	2.700000e-01	9.347848e-01	2.356647e-04	2.356647e-04
2.700000e-01	2.800000e-01	9.387099e-01	2.222807e-04	2.222807e-04
2.800000e-01	2.900000e-01	9.424258e-01	2.092309e-04	2.092309e-04
2.900000e-01	3.000000e-01	9.459183e-01	1.966486e-04	1.966486e-04
3.000000e-01	3.100000e-01	9.491577e-01	1.850885e-04	1.850885e-04
3.100000e-01	3.200000e-01	9.522334e-01	1.742888e-04	1.742888e-04
3.200000e-01	3.300000e-01	9.551637e-01	1.638586e-04	1.638586e-04
3.300000e-01	3.400000e-01	9.578680e-01	1.548336e-04	1.548336e-04
3.400000e-01	3.500000e-01	9.604022e-01	1.464686e-04	1.464686e-04
3.500000e-01	3.600000e-01	9.629277e-01	1.378791e-04	1.378791e-04
3.600000e-01	3.700000e-01	9.652732e-01	1.301989e-04	1.301989e-04
3.700000e-01	3.800000e-01	9.674275e-01	1.233497e-04	1.233497e-04
3.800000e-01	3.900000e-01	9.695095e-01	1.166933e-04	1.166933e-04
3.900000e-01	4.000000e-01	9.715006e-01	1.103644e-04	1.103644e-04
4.000000e-01	4.100000e-01	9.733646e-01	1.044658e-04	1.044658e-04
4.100000e-01	4.200000e-01	9.751542e-01	9.859848e-05	9.859848e-05
4.200000e-01	4.300000e-01	9.768888e-01	9.294196e-05	9.294196e-05
4.300000e-01	4.400000e-01	9.784803e-01	8.786992e-05	8.786992e-05
4.400000e-01	4.500000e-01	9.800892e-01	8.223955e-05	8.223955e-05
4.500000e-01	4.600000e-01	9.815639e-01	7.702912e-05	7.702912e-05
4.600000e-01	4.700000e-01	9.829829e-01	7.207689e-05	7.207689e-05
4.700000e-01	4.800000e-01	9.843255e-01	6.736309e-05	6.736309e-05
4.800000e-01	4.900000e-01	9.855853e-01	6.301172e-05	6.301172e-05
4.900000e-01	5.000000e-01	9.868228e-01	5.850674e-05	5.850674e-05
5.000000e-01	5.100000e-01	9.879779e-01	5.430396e-05	5.430396e-05
5.100000e-01	5.200000e-01	9.890421e-01	5.031673e-05	5.031673e-05
5.200000e-01	5.300000e-01	9.900465e-01	4.659683e-05	4.659683e-05
5.300000e-01	5.400000e-01	9.910073e-01	4.290327e-05	4.290327e-05
5.400000e-01	5.500000e-01	9.919058e-01	3.938528e-05	3.938528e-05
5.500000e-01	5.600000e-01	9.927838e-01	3.594109e-05	3.594109e-05
5.600000e-01	5.700000e-01	9.935920e-01	3.270040e-05	3.270040e-05
5.700000e-01	5.800000e-01	9.943815e-01	2.952835e-05	2.952835e-05
5.800000e-01	5.900000e-01	9.951006e-01	2.652715e-05	2.652715e-05
5.900000e-01	6.000000e-01	9.957647e-01	2.377900e-05	2.377900e-05
6.000000e-01	6.100000e-01	9.964243e-01	2.089748e-05	2.089748e-05
6.100000e-01	6.200000e-01	9.970424e-01	1.813473e-05	1.813473e-05
6.200000e-01	6.300000e-01	9.976095e-01	1.543695e-05	1.543695e-05
6.300000e-01	6.400000e-01	9.981261e-01	1.293326e-05	1.293326e-05
6.400000e-01	6.500000e-01	9.986099e-01	1.049194e-05	1.049194e-05
6.500000e-01	6.600000e-01	9.990252e-01	8.125596e-06	8.125596e-06
6.600000e-01	6.700000e-01	9.993968e-01	5.920231e-06	5.920231e-06
6.700000e-01	6.800000e-01	9.996808e-01	4.173778e-06	4.173778e-06
6.800000e-01	6.900000e-01	9.998811e-01	2.688875e-06	2.688875e-06
6.900000e-01	7.000000e-01	9.999496e-01	2.009143e-06	2.009143e-06
7.000000e-01	7.100000e-01	9.999567e-01	1.797197e-06	1.797197e-06
7.100000e-01	7.200000e-01	9.999636e-01	1.556516e-06	1.556516e-06
7.200000e-01	7.300000e-01	9.999694e-01	1.270813e-06	1.270813e-06
7.300000e-01	7.400000e-01	9.999746e-01	1.271241e-06	1.271241e-06
7.400000e-01	7.500000e-01	9.999780e-01	8.985693e-07	8.985693e-07
7.500000e-01	7.600000e-01	9.999817e-01	1.271700e-06	1.271700e-06
7.600000e-01	7.700000e-01	9.999847e-01	8.990893e-07	8.990893e-07
7.700000e-01	7.800000e-01	9.999886e-01	2.212853e-08	2.212853e-08
7.800000e-01	7.900000e-01	9.999903e-01	8.993817e-07	8.993817e-07
7.900000e-01	8.000000e-01	9.999916e-01	8.994305e-07	8.994305e-07
8.000000e-01	8.100000e-01	9.999929e-01	1.377814e-08	1.377814e-08
8.100000e-01	8.200000e-01	9.999944e-01	8.996434e-07	8.996434e-07
8.200000e-01	8.300000e-01	9.999953e-01	9.185421e-09	9.185421e-09
8.300000e-01	8.400000e-01	9.999961e-01	8.995465e-07	8.995465e-07
8.400000e-01	8.500000e-01	9.999970e-01	8.995969e-07	8.995969e-07
8.500000e-01	8.600000e-01	9.999978e-01	8.995682e-07	8.995682e-07
8.600000e-01	8.700000e-01	9.999987e-01	8.995814e-07	8.995814e-07
8.700000e-01	8.800000e-01	9.999989e-01	2.087626e-09	2.087626e-09
8.800000e-01	8.900000e-01	9.999994e-01	8.995788e-07	8.995788e-07
8.900000e-01	9.000000e-01	9.999994e-01	1.252517e-09	1.252517e-09
9.000000e-01	9.100000e-01	9.999996e-01	8.350722e-10	8.350722e-10
9.100000e-01	9.200000e-01	9.999998e-01	4.178096e-10	4.178096e-10
9.200000e-01	9.300000e-01	9.999998e-01	4.178096e-10	4.178096e-10
9.300000e-01	9.400000e-01	1.000000e+00	8.995779e-07	8.995779e-07
9.400000e-01	9.500000e-01	1.000000e+00	8.995779e-07	8.995779e-07
9.500000e-01	9.600000e-01	1.000000e+00	0.000000e+00	0.000000e+00
9.600000e-01	9.700000e-01	1.000000e+00	0.000000e+00	0.000000e+00
9.700000e-01	9.800000e-01	1.000000e+00	0.000000e+00	0.000000e+00
9.800000e-01	9.900000e-01	1.000000e+00	0.000000e+00	0.000000e+00
9.900000e-01	1.000000e+00	1.000000e+00	0.000000e+00	0.000000e+00
1.000000e+00	1.010000e+00	1.000000e+00	0.000000e+00	0.000000e+00
1.010000e+00	1.020000e+00	1.000000e+00	0.000000e+00	0.000000e+00
1.020000e+00	1.030000e+00	1.000000e+00	0.000000e+00	0.000000e+00
1.030000e+00	1.040000e+00	1.000000e+00	0.000000e+00	0.000000e+00
1.040000e+00	1.050000e+00	1.000000e+00	0.000000e+00	0.000000e+00
1.050000e+00	1.060000e+00	1.000000e+00	0.000000e+00	0.000000e+00
1.060000e+00	1.070000e+00	1.000000e+00	0.000000e+00	0.000000e+00
1.070000e+00	1.080000e+00	1.000000e+00	0.000000e+00	0.000000e+00
1.080000e+00	1.090000e+00	1.000000e+00	0.000000e+00	0.000000e+00
1.090000e+00	1.100000e+00	1.000000e+00	0.000000e+00	0.000000e+00
1.100000e+00	1.110000e+00	1.000000e+00	0.000000e+00	0.000000e+00
1.110000e+00	1.120000e+00	1.000000e+00	0.000000e+00	0.000000e+00
1.120000e+00	1.130000e+00	1.000000e+00	0.000000e+00	0.000000e+00
1.130000e+00	1.140000e+00	1.000000e+00	0.000000e+00	0.000000e+00
1.140000e+00	1.150000e+00	1.000000e+00	0.000000e+00	0.000000e+00
1.150000e+00	1.160000e+00	1.000000e+00	0.000000e+00	0.000000e+00
1.160000e+00	1.170000e+00	1.000000e+00	0.000000e+00	0.000000e+00
1.170000e+00	1.180000e+00	1.000000e+00	0.000000e+00	0.000000e+00
1.180000e+00	1.190000e+00	1.000000e+00	0.000000e+00	0.000000e+00
1.190000e+00	1.200000e+00	1.000000e+00	0.000000e+00	0.000000e+00
1.200000e+00	1.210000e+00	1.000000e+00	0.000000e+00	0.000000e+00
1.210000e+00	1.220000e+00	1.000000e+00	0.000000e+00	0.000000e+00
1.220000e+00	1.230000e+00	1.000000e+00	0.000000e+00	0.000000e+00
1.230000e+00	1.240000e+00	1.000000e+00	0.000000e+00	0.000000e+00
1.240000e+00	1.250000e+00	1.000000e+00	0.000000e+00	0.000000e+00
1.250000e+00	1.260000e+00	1.000000e+00	0.000000e+00	0.000000e+00
1.260000e+00	1.270000e+00	1.000000e+00	0.000000e+00	0.000000e+00
1.270000e+00	1.280000e+00	1.000000e+00	0.000000e+00	0.000000e+00
1.280000e+00	1.290000e+00	1.000000e+00	0.000000e+00	0.000000e+00
1.290000e+00	1.300000e+00	1.000000e+00	0.000000e+00	0.000000e+00
1.300000e+00	1.310000e+00	1.000000e+00	0.000000e+00	0.000000e+00
1.310000e+00	1.320000e+00	1.000000e+00	0.000000e+00	0.000000e+00
1.320000e+00	1.330000e+00	1.000000e+00	0.000000e+00	0.000000e+00
1.330000e+00	1.340000e+00	1.000000e+00	0.000000e+00	0.000000e+00
1.340000e+00	1.350000e+00	1.000000e+00	0.000000e+00	0.000000e+00
1.350000e+00	1.360000e+00	1.000000e+00	0.000000e+00	0.000000e+00
1.360000e+00	1.370000e+00	1.000000e+00	0.000000e+00	0.000000e+00
1.370000e+00	1.380000e+00	1.000000e+00	0.000000e+00	0.000000e+00
1.380000e+00	1.390000e+00	1.000000e+00	0.000000e+00	0.000000e+00
1.390000e+00	1.400000e+00	1.000000e+00	0.000000e+00	0.000000e+00
1.400000e+00	1.410000e+00	1.000000e+00	0.000000e+00	0.000000e+00
1.410000e+00	1.420000e+00	1.000000e+00	0.000000e+00	0.000000e+00
1.420000e+00	1.430000e+00	1.000000e+00	0.000000e+00	0.000000e+00
1.430000e+00	1.440000e+00	1.000000e+00	0.000000e+00	0.000000e+00
1.440000e+00	1.450000e+00	1.000000e+00	0.000000e+00	0.000000e+00
1.450000e+00	1.460000e+00	1.000000e+00	0.000000e+00	0.000000e+00
1.460000e+00	1.470000e+00	1.000000e+00	0.000000e+00	0.000000e+00
1.470000e+00	1.480000e+00	1.000000e+00	0.000000e+00	0.000000e+00
1.480000e+00	1.490000e+00	1.000000e+00	0.000000e+00	0.000000e+00
1.490000e+00	1.500000e+00	1.000000e+00	0.000000e+00	0.000000e+00
# END HISTO1D

# BEGIN HISTO1D //nfs/farm/g/theory/qcdsim/shoeche/runs/lhjets/jj/mcnlo/css-1em-2/run.yoda/LH2017_ZHSHAPES/psi_0.7_800
LineColor=blue
LineStyle=solid
Path=//nfs/farm/g/theory/qcdsim/shoeche/runs/lhjets/jj/mcnlo/css-1em-2/run.yoda/LH2017_ZHSHAPES/psi_0.7_800
Title=run
XLabel=
YLabel=
# xlow	 xhigh	 val	 errminus	 errplus
0.000000e+00	1.000000e-02	8.638924e-01	1.370451e-03	1.370451e-03
1.000000e-02	2.000000e-02	8.694554e-01	1.343452e-03	1.343452e-03
2.000000e-02	3.000000e-02	8.762983e-01	1.308338e-03	1.308338e-03
3.000000e-02	4.000000e-02	8.836459e-01	1.267835e-03	1.267835e-03
4.000000e-02	5.000000e-02	8.912192e-01	1.224003e-03	1.224003e-03
5.000000e-02	6.000000e-02	8.984767e-01	1.178965e-03	1.178965e-03
6.000000e-02	7.000000e-02	9.052983e-01	1.134153e-03	1.134153e-03
7.000000e-02	8.000000e-02	9.120790e-01	1.086802e-03	1.086802e-03
8.000000e-02	9.000000e-02	9.180545e-01	1.042548e-03	1.042548e-03
9.000000e-02	1.000000e-01	9.240324e-01	9.958633e-04	9.958633e-04
1.000000e-01	1.100000e-01	9.293494e-01	9.519204e-04	9.519204e-04
1.100000e-01	1.200000e-01	9.346052e-01	9.057863e-04	9.057863e-04
1.200000e-01	1.300000e-01	9.392071e-01	8.635299e-04	8.635299e-04
1.300000e-01	1.400000e-01	9.440511e-01	8.151498e-04	8.151498e-04
1.400000e-01	1.500000e-01	9.481116e-01	7.722721e-04	7.722721e-04
1.500000e-01	1.600000e-01	9.518079e-01	7.323715e-04	7.323715e-04
1.600000e-01	1.700000e-01	9.551209e-01	6.947363e-04	6.947363e-04
1.700000e-01	1.800000e-01	9.581091e-01	6.592652e-04	6.592652e-04
1.800000e-01	1.900000e-01	9.611729e-01	6.232287e-04	6.232287e-04
1.900000e-01	2.000000e-01	9.639883e-01	5.888883e-04	5.888883e-04
2.000000e-01	2.100000e-01	9.667802e-01	5.538027e-04	5.538027e-04
2.100000e-01	2.200000e-01	9.693228e-01	5.177304e-04	5.177304e-04
2.200000e-01	2.300000e-01	9.715982e-01	4.854175e-04	4.854175e-04
2.300000e-01	2.400000e-01	9.738065e-01	4.537032e-04	4.537032e-04
2.400000e-01	2.500000e-01	9.760423e-01	4.173636e-04	4.173636e-04
2.500000e-01	2.600000e-01	9.778701e-01	3.872221e-04	3.872221e-04
2.600000e-01	2.700000e-01	9.794931e-01	3.590549e-04	3.590549e-04
2.700000e-01	2.800000e-01	9.809197e-01	3.354495e-04	3.354495e-04
2.800000e-01	2.900000e-01	9.823322e-01	3.102263e-04	3.102263e-04
2.900000e-01	3.000000e-01	9.837333e-01	2.868791e-04	2.868791e-04
3.000000e-01	3.100000e-01	9.849852e-01	2.658098e-04	2.658098e-04
3.100000e-01	3.200000e-01	9.858765e-01	2.545412e-04	2.545412e-04
3.200000e-01	3.300000e-01	9.870085e-01	2.363870e-04	2.363870e-04
3.300000e-01	3.400000e-01	9.879310e-01	2.232685e-04	2.232685e-04
3.400000e-01	3.500000e-01	9.888666e-01	2.106058e-04	2.106058e-04
3.500000e-01	3.600000e-01	9.899344e-01	1.971306e-04	1.971306e-04
3.600000e-01	3.700000e-01	9.909947e-01	1.833009e-04	1.833009e-04
3.700000e-01	3.800000e-01	9.916773e-01	1.741607e-04	1.741607e-04
3.800000e-01	3.900000e-01	9.924364e-01	1.636970e-04	1.636970e-04
3.900000e-01	4.000000e-01	9.931578e-01	1.533674e-04	1.533674e-04
4.000000e-01	4.100000e-01	9.938772e-01	1.423892e-04	1.423892e-04
4.100000e-01	4.200000e-01	9.945438e-01	1.318882e-04	1.318882e-04
4.200000e-01	4.300000e-01	9.950999e-01	1.231962e-04	1.231962e-04
4.300000e-01	4.400000e-01	9.957079e-01	1.126308e-04	1.126308e-04
4.400000e-01	4.500000e-01	9.962517e-01	1.036735e-04	1.036735e-04
4.500000e-01	4.600000e-01	9.966860e-01	9.550854e-05	9.550854e-05
4.600000e-01	4.700000e-01	9.970684e-01	8.815600e-05	8.815600e-05
4.700000e-01	4.800000e-01	9.974149e-01	8.120700e-05	8.120700e-05
4.800000e-01	4.900000e-01	9.977152e-01	7.548021e-05	7.548021e-05
4.900000e-01	5.000000e-01	9.980296e-01	6.861051e-05	6.861051e-05
5.000000e-01	5.100000e-01	9.982675e-01	6.298272e-05	6.298272e-05
5.100000e-01	5.200000e-01	9.985828e-01	5.506201e-05	5.506201e-05
5.200000e-01	5.300000e-01	9.988066e-01	4.952299e-05	4.952299e-05
5.300000e-01	5.400000e-01	9.989794e-01	4.495484e-05	4.495484e-05
5.400000e-01	5.500000e-01	9.991843e-01	3.890734e-05	3.890734e-05
5.500000e-01	5.600000e-01	9.993457e-01	3.399025e-05	3.399025e-05
5.600000e-01	5.700000e-01	9.994892e-01	2.873949e-05	2.873949e-05
5.700000e-01	5.800000e-01	9.996148e-01	2.421291e-05	2.421291e-05
5.800000e-01	5.900000e-01	9.996998e-01	2.052243e-05	2.052243e-05
5.900000e-01	6.000000e-01	9.997876e-01	1.646078e-05	1.646078e-05
6.000000e-01	6.100000e-01	9.998612e-01	1.344660e-05	1.344660e-05
6.100000e-01	6.200000e-01	9.999075e-01	1.098222e-05	1.098222e-05
6.200000e-01	6.300000e-01	9.999490e-01	7.767334e-06	7.767334e-06
6.300000e-01	6.400000e-01	9.999717e-01	3.883353e-06	3.883353e-06
6.400000e-01	6.500000e-01	9.999839e-01	3.884474e-06	3.884474e-06
6.500000e-01	6.600000e-01	9.999943e-01	3.884938e-06	3.884938e-06
6.600000e-01	6.700000e-01	9.999962e-01	3.884975e-06	3.884975e-06
6.700000e-01	6.800000e-01	9.999981e-01	3.884997e-06	3.884997e-06
6.800000e-01	6.900000e-01	1.000000e+00	0.000000e+00	0.000000e+00
6.900000e-01	7.000000e-01	1.000000e+00	0.000000e+00	0.000000e+00
7.000000e-01	7.100000e-01	1.000000e+00	0.000000e+00	0.000000e+00
7.100000e-01	7.200000e-01	1.000000e+00	0.000000e+00	0.000000e+00
7.200000e-01	7.300000e-01	1.000000e+00	0.000000e+00	0.000000e+00
7.300000e-01	7.400000e-01	1.000000e+00	0.000000e+00	0.000000e+00
7.400000e-01	7.500000e-01	1.000000e+00	0.000000e+00	0.000000e+00
7.500000e-01	7.600000e-01	1.000000e+00	0.000000e+00	0.000000e+00
7.600000e-01	7.700000e-01	1.000000e+00	0.000000e+00	0.000000e+00
7.700000e-01	7.800000e-01	1.000000e+00	0.000000e+00	0.000000e+00
7.800000e-01	7.900000e-01	1.000000e+00	0.000000e+00	0.000000e+00
7.900000e-01	8.000000e-01	1.000000e+00	0.000000e+00	0.000000e+00
8.000000e-01	8.100000e-01	1.000000e+00	0.000000e+00	0.000000e+00
8.100000e-01	8.200000e-01	1.000000e+00	0.000000e+00	0.000000e+00
8.200000e-01	8.300000e-01	1.000000e+00	0.000000e+00	0.000000e+00
8.300000e-01	8.400000e-01	1.000000e+00	0.000000e+00	0.000000e+00
8.400000e-01	8.500000e-01	1.000000e+00	0.000000e+00	0.000000e+00
8.500000e-01	8.600000e-01	1.000000e+00	0.000000e+00	0.000000e+00
8.600000e-01	8.700000e-01	1.000000e+00	0.000000e+00	0.000000e+00
8.700000e-01	8.800000e-01	1.000000e+00	0.000000e+00	0.000000e+00
8.800000e-01	8.900000e-01	1.000000e+00	0.000000e+00	0.000000e+00
8.900000e-01	9.000000e-01	1.000000e+00	0.000000e+00	0.000000e+00
9.000000e-01	9.100000e-01	1.000000e+00	0.000000e+00	0.000000e+00
9.100000e-01	9.200000e-01	1.000000e+00	0.000000e+00	0.000000e+00
9.200000e-01	9.300000e-01	1.000000e+00	0.000000e+00	0.000000e+00
9.300000e-01	9.400000e-01	1.000000e+00	0.000000e+00	0.000000e+00
9.400000e-01	9.500000e-01	1.000000e+00	0.000000e+00	0.000000e+00
9.500000e-01	9.600000e-01	1.000000e+00	0.000000e+00	0.000000e+00
9.600000e-01	9.700000e-01	1.000000e+00	0.000000e+00	0.000000e+00
9.700000e-01	9.800000e-01	1.000000e+00	0.000000e+00	0.000000e+00
9.800000e-01	9.900000e-01	1.000000e+00	0.000000e+00	0.000000e+00
9.900000e-01	1.000000e+00	1.000000e+00	0.000000e+00	0.000000e+00
1.000000e+00	1.010000e+00	1.000000e+00	0.000000e+00	0.000000e+00
1.010000e+00	1.020000e+00	1.000000e+00	0.000000e+00	0.000000e+00
1.020000e+00	1.030000e+00	1.000000e+00	0.000000e+00	0.000000e+00
1.030000e+00	1.040000e+00	1.000000e+00	0.000000e+00	0.000000e+00
1.040000e+00	1.050000e+00	1.000000e+00	0.000000e+00	0.000000e+00
1.050000e+00	1.060000e+00	1.000000e+00	0.000000e+00	0.000000e+00
1.060000e+00	1.070000e+00	1.000000e+00	0.000000e+00	0.000000e+00
1.070000e+00	1.080000e+00	1.000000e+00	0.000000e+00	0.000000e+00
1.080000e+00	1.090000e+00	1.000000e+00	0.000000e+00	0.000000e+00
1.090000e+00	1.100000e+00	1.000000e+00	0.000000e+00	0.000000e+00
1.100000e+00	1.110000e+00	1.000000e+00	0.000000e+00	0.000000e+00
1.110000e+00	1.120000e+00	1.000000e+00	0.000000e+00	0.000000e+00
1.120000e+00	1.130000e+00	1.000000e+00	0.000000e+00	0.000000e+00
1.130000e+00	1.140000e+00	1.000000e+00	0.000000e+00	0.000000e+00
1.140000e+00	1.150000e+00	1.000000e+00	0.000000e+00	0.000000e+00
1.150000e+00	1.160000e+00	1.000000e+00	0.000000e+00	0.000000e+00
1.160000e+00	1.170000e+00	1.000000e+00	0.000000e+00	0.000000e+00
1.170000e+00	1.180000e+00	1.000000e+00	0.000000e+00	0.000000e+00
1.180000e+00	1.190000e+00	1.000000e+00	0.000000e+00	0.000000e+00
1.190000e+00	1.200000e+00	1.000000e+00	0.000000e+00	0.000000e+00
1.200000e+00	1.210000e+00	1.000000e+00	0.000000e+00	0.000000e+00
1.210000e+00	1.220000e+00	1.000000e+00	0.000000e+00	0.000000e+00
1.220000e+00	1.230000e+00	1.000000e+00	0.000000e+00	0.000000e+00
1.230000e+00	1.240000e+00	1.000000e+00	0.000000e+00	0.000000e+00
1.240000e+00	1.250000e+00	1.000000e+00	0.000000e+00	0.000000e+00
1.250000e+00	1.260000e+00	1.000000e+00	0.000000e+00	0.000000e+00
1.260000e+00	1.270000e+00	1.000000e+00	0.000000e+00	0.000000e+00
1.270000e+00	1.280000e+00	1.000000e+00	0.000000e+00	0.000000e+00
1.280000e+00	1.290000e+00	1.000000e+00	0.000000e+00	0.000000e+00
1.290000e+00	1.300000e+00	1.000000e+00	0.000000e+00	0.000000e+00
1.300000e+00	1.310000e+00	1.000000e+00	0.000000e+00	0.000000e+00
1.310000e+00	1.320000e+00	1.000000e+00	0.000000e+00	0.000000e+00
1.320000e+00	1.330000e+00	1.000000e+00	0.000000e+00	0.000000e+00
1.330000e+00	1.340000e+00	1.000000e+00	0.000000e+00	0.000000e+00
1.340000e+00	1.350000e+00	1.000000e+00	0.000000e+00	0.000000e+00
1.350000e+00	1.360000e+00	1.000000e+00	0.000000e+00	0.000000e+00
1.360000e+00	1.370000e+00	1.000000e+00	0.000000e+00	0.000000e+00
1.370000e+00	1.380000e+00	1.000000e+00	0.000000e+00	0.000000e+00
1.380000e+00	1.390000e+00	1.000000e+00	0.000000e+00	0.000000e+00
1.390000e+00	1.400000e+00	1.000000e+00	0.000000e+00	0.000000e+00
1.400000e+00	1.410000e+00	1.000000e+00	0.000000e+00	0.000000e+00
1.410000e+00	1.420000e+00	1.000000e+00	0.000000e+00	0.000000e+00
1.420000e+00	1.430000e+00	1.000000e+00	0.000000e+00	0.000000e+00
1.430000e+00	1.440000e+00	1.000000e+00	0.000000e+00	0.000000e+00
1.440000e+00	1.450000e+00	1.000000e+00	0.000000e+00	0.000000e+00
1.450000e+00	1.460000e+00	1.000000e+00	0.000000e+00	0.000000e+00
1.460000e+00	1.470000e+00	1.000000e+00	0.000000e+00	0.000000e+00
1.470000e+00	1.480000e+00	1.000000e+00	0.000000e+00	0.000000e+00
1.480000e+00	1.490000e+00	1.000000e+00	0.000000e+00	0.000000e+00
1.490000e+00	1.500000e+00	1.000000e+00	0.000000e+00	0.000000e+00
# END HISTO1D

# BEGIN HISTO1D //nfs/farm/g/theory/qcdsim/shoeche/runs/lhjets/jj/nlo/cs-2/run.yoda/LH2017_ZHSHAPES/psi_0.7_800
LineColor={[HTML]{2da334}}
LineStyle=solid
Path=//nfs/farm/g/theory/qcdsim/shoeche/runs/lhjets/jj/nlo/cs-2/run.yoda/LH2017_ZHSHAPES/psi_0.7_800
Title=run
XLabel=
YLabel=
# xlow	 xhigh	 val	 errminus	 errplus
0.000000e+00	1.000000e-02	4.455126e-01	2.826139e-01	2.826139e-01
1.000000e-02	2.000000e-02	6.185235e-01	2.755158e-01	2.755158e-01
2.000000e-02	3.000000e-02	7.027501e-01	2.558090e-01	2.558090e-01
3.000000e-02	4.000000e-02	7.558805e-01	2.370622e-01	2.370622e-01
4.000000e-02	5.000000e-02	7.936002e-01	2.201347e-01	2.201347e-01
5.000000e-02	6.000000e-02	8.212134e-01	2.051050e-01	2.051050e-01
6.000000e-02	7.000000e-02	8.432370e-01	1.918485e-01	1.918485e-01
7.000000e-02	8.000000e-02	8.607013e-01	1.797535e-01	1.797535e-01
8.000000e-02	9.000000e-02	8.753815e-01	1.685258e-01	1.685258e-01
9.000000e-02	1.000000e-01	8.876733e-01	1.582969e-01	1.582969e-01
1.000000e-01	1.100000e-01	8.981597e-01	1.488675e-01	1.488675e-01
1.100000e-01	1.200000e-01	9.072053e-01	1.401247e-01	1.401247e-01
1.200000e-01	1.300000e-01	9.150832e-01	1.320401e-01	1.320401e-01
1.300000e-01	1.400000e-01	9.221332e-01	1.243737e-01	1.243737e-01
1.400000e-01	1.500000e-01	9.282324e-01	1.173442e-01	1.173442e-01
1.500000e-01	1.600000e-01	9.337457e-01	1.105365e-01	1.105365e-01
1.600000e-01	1.700000e-01	9.387920e-01	1.041879e-01	1.041879e-01
1.700000e-01	1.800000e-01	9.433181e-01	9.814227e-02	9.814227e-02
1.800000e-01	1.900000e-01	9.474127e-01	9.245442e-02	9.245442e-02
1.900000e-01	2.000000e-01	9.512087e-01	8.688380e-02	8.688380e-02
2.000000e-01	2.100000e-01	9.546427e-01	8.171683e-02	8.171683e-02
2.100000e-01	2.200000e-01	9.578313e-01	7.668828e-02	7.668828e-02
2.200000e-01	2.300000e-01	9.607469e-01	7.199480e-02	7.199480e-02
2.300000e-01	2.400000e-01	9.634264e-01	6.760662e-02	6.760662e-02
2.400000e-01	2.500000e-01	9.659220e-01	6.326842e-02	6.326842e-02
2.500000e-01	2.600000e-01	9.682020e-01	5.927138e-02	5.927138e-02
2.600000e-01	2.700000e-01	9.703268e-01	5.541316e-02	5.541316e-02
2.700000e-01	2.800000e-01	9.723256e-01	5.175127e-02	5.175127e-02
2.800000e-01	2.900000e-01	9.742162e-01	4.826597e-02	4.826597e-02
2.900000e-01	3.000000e-01	9.759915e-01	4.497851e-02	4.497851e-02
3.000000e-01	3.100000e-01	9.776276e-01	4.208475e-02	4.208475e-02
3.100000e-01	3.200000e-01	9.791578e-01	3.931926e-02	3.931926e-02
3.200000e-01	3.300000e-01	9.806031e-01	3.679515e-02	3.679515e-02
3.300000e-01	3.400000e-01	9.819604e-01	3.460474e-02	3.460474e-02
3.400000e-01	3.500000e-01	9.832265e-01	3.275240e-02	3.275240e-02
3.500000e-01	3.600000e-01	9.844184e-01	3.107023e-02	3.107023e-02
3.600000e-01	3.700000e-01	9.855533e-01	2.946821e-02	2.946821e-02
3.700000e-01	3.800000e-01	9.866281e-01	2.790203e-02	2.790203e-02
3.800000e-01	3.900000e-01	9.876432e-01	2.636083e-02	2.636083e-02
3.900000e-01	4.000000e-01	9.885852e-01	2.488892e-02	2.488892e-02
4.000000e-01	4.100000e-01	9.894939e-01	2.344560e-02	2.344560e-02
4.100000e-01	4.200000e-01	9.903396e-01	2.207917e-02	2.207917e-02
4.200000e-01	4.300000e-01	9.911232e-01	2.077601e-02	2.077601e-02
4.300000e-01	4.400000e-01	9.918538e-01	1.953959e-02	1.953959e-02
4.400000e-01	4.500000e-01	9.925474e-01	1.832570e-02	1.832570e-02
4.500000e-01	4.600000e-01	9.932009e-01	1.714299e-02	1.714299e-02
4.600000e-01	4.700000e-01	9.938167e-01	1.600895e-02	1.600895e-02
4.700000e-01	4.800000e-01	9.944045e-01	1.490229e-02	1.490229e-02
4.800000e-01	4.900000e-01	9.949564e-01	1.382349e-02	1.382349e-02
4.900000e-01	5.000000e-01	9.954610e-01	1.280749e-02	1.280749e-02
5.000000e-01	5.100000e-01	9.959304e-01	1.184084e-02	1.184084e-02
5.100000e-01	5.200000e-01	9.963756e-01	1.084636e-02	1.084636e-02
5.200000e-01	5.300000e-01	9.967926e-01	9.928456e-03	9.928456e-03
5.300000e-01	5.400000e-01	9.971780e-01	9.043124e-03	9.043124e-03
5.400000e-01	5.500000e-01	9.975382e-01	8.192635e-03	8.192635e-03
5.500000e-01	5.600000e-01	9.978609e-01	7.383098e-03	7.383098e-03
5.600000e-01	5.700000e-01	9.981785e-01	6.534325e-03	6.534325e-03
5.700000e-01	5.800000e-01	9.984607e-01	5.788602e-03	5.788602e-03
5.800000e-01	5.900000e-01	9.987091e-01	5.089641e-03	5.089641e-03
5.900000e-01	6.000000e-01	9.989410e-01	4.373142e-03	4.373142e-03
6.000000e-01	6.100000e-01	9.991441e-01	3.748829e-03	3.748829e-03
6.100000e-01	6.200000e-01	9.993277e-01	3.120485e-03	3.120485e-03
6.200000e-01	6.300000e-01	9.994868e-01	2.573805e-03	2.573805e-03
6.300000e-01	6.400000e-01	9.996231e-01	2.026036e-03	2.026036e-03
6.400000e-01	6.500000e-01	9.997414e-01	1.537480e-03	1.537480e-03
6.500000e-01	6.600000e-01	9.998388e-01	1.025702e-03	1.025702e-03
6.600000e-01	6.700000e-01	9.999073e-01	7.264622e-04	7.264622e-04
6.700000e-01	6.800000e-01	9.999603e-01	4.200239e-04	4.200239e-04
6.800000e-01	6.900000e-01	9.999896e-01	6.515796e-06	6.515796e-06
6.900000e-01	7.000000e-01	1.000000e+00	0.000000e+00	0.000000e+00
7.000000e-01	7.100000e-01	1.000000e+00	0.000000e+00	0.000000e+00
7.100000e-01	7.200000e-01	1.000000e+00	0.000000e+00	0.000000e+00
7.200000e-01	7.300000e-01	1.000000e+00	0.000000e+00	0.000000e+00
7.300000e-01	7.400000e-01	1.000000e+00	0.000000e+00	0.000000e+00
7.400000e-01	7.500000e-01	1.000000e+00	0.000000e+00	0.000000e+00
7.500000e-01	7.600000e-01	1.000000e+00	0.000000e+00	0.000000e+00
7.600000e-01	7.700000e-01	1.000000e+00	0.000000e+00	0.000000e+00
7.700000e-01	7.800000e-01	1.000000e+00	0.000000e+00	0.000000e+00
7.800000e-01	7.900000e-01	1.000000e+00	0.000000e+00	0.000000e+00
7.900000e-01	8.000000e-01	1.000000e+00	0.000000e+00	0.000000e+00
8.000000e-01	8.100000e-01	1.000000e+00	0.000000e+00	0.000000e+00
8.100000e-01	8.200000e-01	1.000000e+00	0.000000e+00	0.000000e+00
8.200000e-01	8.300000e-01	1.000000e+00	0.000000e+00	0.000000e+00
8.300000e-01	8.400000e-01	1.000000e+00	0.000000e+00	0.000000e+00
8.400000e-01	8.500000e-01	1.000000e+00	0.000000e+00	0.000000e+00
8.500000e-01	8.600000e-01	1.000000e+00	0.000000e+00	0.000000e+00
8.600000e-01	8.700000e-01	1.000000e+00	0.000000e+00	0.000000e+00
8.700000e-01	8.800000e-01	1.000000e+00	0.000000e+00	0.000000e+00
8.800000e-01	8.900000e-01	1.000000e+00	0.000000e+00	0.000000e+00
8.900000e-01	9.000000e-01	1.000000e+00	0.000000e+00	0.000000e+00
9.000000e-01	9.100000e-01	1.000000e+00	0.000000e+00	0.000000e+00
9.100000e-01	9.200000e-01	1.000000e+00	0.000000e+00	0.000000e+00
9.200000e-01	9.300000e-01	1.000000e+00	0.000000e+00	0.000000e+00
9.300000e-01	9.400000e-01	1.000000e+00	0.000000e+00	0.000000e+00
9.400000e-01	9.500000e-01	1.000000e+00	0.000000e+00	0.000000e+00
9.500000e-01	9.600000e-01	1.000000e+00	0.000000e+00	0.000000e+00
9.600000e-01	9.700000e-01	1.000000e+00	0.000000e+00	0.000000e+00
9.700000e-01	9.800000e-01	1.000000e+00	0.000000e+00	0.000000e+00
9.800000e-01	9.900000e-01	1.000000e+00	0.000000e+00	0.000000e+00
9.900000e-01	1.000000e+00	1.000000e+00	0.000000e+00	0.000000e+00
1.000000e+00	1.010000e+00	1.000000e+00	0.000000e+00	0.000000e+00
1.010000e+00	1.020000e+00	1.000000e+00	0.000000e+00	0.000000e+00
1.020000e+00	1.030000e+00	1.000000e+00	0.000000e+00	0.000000e+00
1.030000e+00	1.040000e+00	1.000000e+00	0.000000e+00	0.000000e+00
1.040000e+00	1.050000e+00	1.000000e+00	0.000000e+00	0.000000e+00
1.050000e+00	1.060000e+00	1.000000e+00	0.000000e+00	0.000000e+00
1.060000e+00	1.070000e+00	1.000000e+00	0.000000e+00	0.000000e+00
1.070000e+00	1.080000e+00	1.000000e+00	0.000000e+00	0.000000e+00
1.080000e+00	1.090000e+00	1.000000e+00	0.000000e+00	0.000000e+00
1.090000e+00	1.100000e+00	1.000000e+00	0.000000e+00	0.000000e+00
1.100000e+00	1.110000e+00	1.000000e+00	0.000000e+00	0.000000e+00
1.110000e+00	1.120000e+00	1.000000e+00	0.000000e+00	0.000000e+00
1.120000e+00	1.130000e+00	1.000000e+00	0.000000e+00	0.000000e+00
1.130000e+00	1.140000e+00	1.000000e+00	0.000000e+00	0.000000e+00
1.140000e+00	1.150000e+00	1.000000e+00	0.000000e+00	0.000000e+00
1.150000e+00	1.160000e+00	1.000000e+00	0.000000e+00	0.000000e+00
1.160000e+00	1.170000e+00	1.000000e+00	0.000000e+00	0.000000e+00
1.170000e+00	1.180000e+00	1.000000e+00	0.000000e+00	0.000000e+00
1.180000e+00	1.190000e+00	1.000000e+00	0.000000e+00	0.000000e+00
1.190000e+00	1.200000e+00	1.000000e+00	0.000000e+00	0.000000e+00
1.200000e+00	1.210000e+00	1.000000e+00	0.000000e+00	0.000000e+00
1.210000e+00	1.220000e+00	1.000000e+00	0.000000e+00	0.000000e+00
1.220000e+00	1.230000e+00	1.000000e+00	0.000000e+00	0.000000e+00
1.230000e+00	1.240000e+00	1.000000e+00	0.000000e+00	0.000000e+00
1.240000e+00	1.250000e+00	1.000000e+00	0.000000e+00	0.000000e+00
1.250000e+00	1.260000e+00	1.000000e+00	0.000000e+00	0.000000e+00
1.260000e+00	1.270000e+00	1.000000e+00	0.000000e+00	0.000000e+00
1.270000e+00	1.280000e+00	1.000000e+00	0.000000e+00	0.000000e+00
1.280000e+00	1.290000e+00	1.000000e+00	0.000000e+00	0.000000e+00
1.290000e+00	1.300000e+00	1.000000e+00	0.000000e+00	0.000000e+00
1.300000e+00	1.310000e+00	1.000000e+00	0.000000e+00	0.000000e+00
1.310000e+00	1.320000e+00	1.000000e+00	0.000000e+00	0.000000e+00
1.320000e+00	1.330000e+00	1.000000e+00	0.000000e+00	0.000000e+00
1.330000e+00	1.340000e+00	1.000000e+00	0.000000e+00	0.000000e+00
1.340000e+00	1.350000e+00	1.000000e+00	0.000000e+00	0.000000e+00
1.350000e+00	1.360000e+00	1.000000e+00	0.000000e+00	0.000000e+00
1.360000e+00	1.370000e+00	1.000000e+00	0.000000e+00	0.000000e+00
1.370000e+00	1.380000e+00	1.000000e+00	0.000000e+00	0.000000e+00
1.380000e+00	1.390000e+00	1.000000e+00	0.000000e+00	0.000000e+00
1.390000e+00	1.400000e+00	1.000000e+00	0.000000e+00	0.000000e+00
1.400000e+00	1.410000e+00	1.000000e+00	0.000000e+00	0.000000e+00
1.410000e+00	1.420000e+00	1.000000e+00	0.000000e+00	0.000000e+00
1.420000e+00	1.430000e+00	1.000000e+00	0.000000e+00	0.000000e+00
1.430000e+00	1.440000e+00	1.000000e+00	0.000000e+00	0.000000e+00
1.440000e+00	1.450000e+00	1.000000e+00	0.000000e+00	0.000000e+00
1.450000e+00	1.460000e+00	1.000000e+00	0.000000e+00	0.000000e+00
1.460000e+00	1.470000e+00	1.000000e+00	0.000000e+00	0.000000e+00
1.470000e+00	1.480000e+00	1.000000e+00	0.000000e+00	0.000000e+00
1.480000e+00	1.490000e+00	1.000000e+00	0.000000e+00	0.000000e+00
1.490000e+00	1.500000e+00	1.000000e+00	0.000000e+00	0.000000e+00
# END HISTO1D

