# BEGIN PLOT
XTwosidedTicks=1
DrawOnly=//nfs/farm/g/theory/qcdsim/shoeche/runs/lhjets/jj/mcnlo/css-2/run.yoda/LH2017_ZHSHAPES/psi_0.5_400 //nfs/farm/g/theory/qcdsim/shoeche/runs/lhjets/jj/mcnlo/css-1em-2/run.yoda/LH2017_ZHSHAPES/psi_0.5_400 //nfs/farm/g/theory/qcdsim/shoeche/runs/lhjets/jj/nlo/cs-2/run.yoda/LH2017_ZHSHAPES/psi_0.5_400
RatioPlotReference=//nfs/farm/g/theory/qcdsim/shoeche/runs/lhjets/jj/nlo/cs-2/run.yoda/LH2017_ZHSHAPES/psi_0.5_400
XTwosidedTicks=1
YTwosidedTicks=1
TopMargin=0.0
RatioPlot=1
BottomMargin=0.0
MainPlot=0
RatioPlotYSize=2.5
XMax=0.5
DrawSpecialInRatio=1
LegendXPos=0.35
LegendYPos=0.8
LogY=1
RatioPlotYLabel=~
LegendOnly=//nfs/farm/g/theory/qcdsim/shoeche/runs/lhjets/jj/mcnlo/css-1em-2/run.yoda/LH2017_ZHSHAPES/psi_0.5_400
RatioPlotSameStyle=1
YTwosidedTicks=1
Legend=1
# END PLOT
# BEGIN SPECIAL text
\rput[br](0.95,0.2){$k_T>400GeV$}
# END SPECIAL

# BEGIN HISTO1D //nfs/farm/g/theory/qcdsim/shoeche/runs/lhjets/jj/mcnlo/css-2/run.yoda/LH2017_ZHSHAPES/psi_0.5_400
LineColor=red
LineStyle=solid
Path=//nfs/farm/g/theory/qcdsim/shoeche/runs/lhjets/jj/mcnlo/css-2/run.yoda/LH2017_ZHSHAPES/psi_0.5_400
Title=MC@NLO
XLabel=
YLabel=
# xlow	 xhigh	 val	 errminus	 errplus
0.000000e+00	1.000000e-02	2.537523e-01	4.738591e-04	4.738591e-04
1.000000e-02	2.000000e-02	4.164431e-01	5.131289e-04	5.131289e-04
2.000000e-02	3.000000e-02	5.227881e-01	5.034473e-04	5.034473e-04
3.000000e-02	4.000000e-02	5.982277e-01	4.802982e-04	4.802982e-04
4.000000e-02	5.000000e-02	6.553855e-01	4.531130e-04	4.531130e-04
5.000000e-02	6.000000e-02	7.002652e-01	4.250094e-04	4.250094e-04
6.000000e-02	7.000000e-02	7.364082e-01	3.978039e-04	3.978039e-04
7.000000e-02	8.000000e-02	7.663352e-01	3.717590e-04	3.717590e-04
8.000000e-02	9.000000e-02	7.912999e-01	3.474138e-04	3.474138e-04
9.000000e-02	1.000000e-01	8.127687e-01	3.240043e-04	3.240043e-04
1.000000e-01	1.100000e-01	8.313630e-01	3.016252e-04	3.016252e-04
1.100000e-01	1.200000e-01	8.474146e-01	2.809752e-04	2.809752e-04
1.200000e-01	1.300000e-01	8.616953e-01	2.609017e-04	2.609017e-04
1.300000e-01	1.400000e-01	8.743314e-01	2.420592e-04	2.420592e-04
1.400000e-01	1.500000e-01	8.855792e-01	2.242195e-04	2.242195e-04
1.500000e-01	1.600000e-01	8.956537e-01	2.074618e-04	2.074618e-04
1.600000e-01	1.700000e-01	9.046672e-01	1.917302e-04	1.917302e-04
1.700000e-01	1.800000e-01	9.128472e-01	1.770931e-04	1.770931e-04
1.800000e-01	1.900000e-01	9.202911e-01	1.631165e-04	1.631165e-04
1.900000e-01	2.000000e-01	9.270465e-01	1.501835e-04	1.501835e-04
2.000000e-01	2.100000e-01	9.331651e-01	1.384605e-04	1.384605e-04
2.100000e-01	2.200000e-01	9.387721e-01	1.274454e-04	1.274454e-04
2.200000e-01	2.300000e-01	9.439822e-01	1.171841e-04	1.171841e-04
2.300000e-01	2.400000e-01	9.487090e-01	1.080082e-04	1.080082e-04
2.400000e-01	2.500000e-01	9.531502e-01	9.961115e-05	9.961115e-05
2.500000e-01	2.600000e-01	9.572198e-01	9.210699e-05	9.210699e-05
2.600000e-01	2.700000e-01	9.610133e-01	8.519579e-05	8.519579e-05
2.700000e-01	2.800000e-01	9.645261e-01	7.885660e-05	7.885660e-05
2.800000e-01	2.900000e-01	9.677891e-01	7.284580e-05	7.284580e-05
2.900000e-01	3.000000e-01	9.708668e-01	6.707267e-05	6.707267e-05
3.000000e-01	3.100000e-01	9.736872e-01	6.177959e-05	6.177959e-05
3.100000e-01	3.200000e-01	9.762776e-01	5.697715e-05	5.697715e-05
3.200000e-01	3.300000e-01	9.787309e-01	5.231039e-05	5.231039e-05
3.300000e-01	3.400000e-01	9.810113e-01	4.786640e-05	4.786640e-05
3.400000e-01	3.500000e-01	9.831562e-01	4.363364e-05	4.363364e-05
3.500000e-01	3.600000e-01	9.851351e-01	3.964100e-05	3.964100e-05
3.600000e-01	3.700000e-01	9.869625e-01	3.593590e-05	3.593590e-05
3.700000e-01	3.800000e-01	9.886802e-01	3.229959e-05	3.229959e-05
3.800000e-01	3.900000e-01	9.902767e-01	2.884302e-05	2.884302e-05
3.900000e-01	4.000000e-01	9.917554e-01	2.553346e-05	2.553346e-05
4.000000e-01	4.100000e-01	9.931318e-01	2.230058e-05	2.230058e-05
4.100000e-01	4.200000e-01	9.943915e-01	1.928320e-05	1.928320e-05
4.200000e-01	4.300000e-01	9.955658e-01	1.625814e-05	1.625814e-05
4.300000e-01	4.400000e-01	9.966148e-01	1.339953e-05	1.339953e-05
4.400000e-01	4.500000e-01	9.975412e-01	1.066052e-05	1.066052e-05
4.500000e-01	4.600000e-01	9.983573e-01	8.050076e-06	8.050076e-06
4.600000e-01	4.700000e-01	9.990225e-01	5.679196e-06	5.679196e-06
4.700000e-01	4.800000e-01	9.995376e-01	3.545622e-06	3.545622e-06
4.800000e-01	4.900000e-01	9.998564e-01	1.883601e-06	1.883601e-06
4.900000e-01	5.000000e-01	9.999424e-01	1.463489e-06	1.463489e-06
5.000000e-01	5.100000e-01	9.999553e-01	1.464139e-06	1.464139e-06
5.100000e-01	5.200000e-01	9.999667e-01	8.449451e-07	8.449451e-07
5.200000e-01	5.300000e-01	9.999737e-01	1.195850e-06	1.195850e-06
5.300000e-01	5.400000e-01	9.999801e-01	8.455525e-07	8.455525e-07
5.400000e-01	5.500000e-01	9.999841e-01	8.456736e-07	8.456736e-07
5.500000e-01	5.600000e-01	9.999876e-01	8.457574e-07	8.457574e-07
5.600000e-01	5.700000e-01	9.999906e-01	8.459646e-07	8.459646e-07
5.700000e-01	5.800000e-01	9.999935e-01	7.750204e-09	7.750204e-09
5.800000e-01	5.900000e-01	9.999950e-01	5.961703e-09	5.961703e-09
5.900000e-01	6.000000e-01	9.999970e-01	3.577038e-09	3.577038e-09
6.000000e-01	6.100000e-01	9.999980e-01	2.384705e-09	2.384705e-09
6.100000e-01	6.200000e-01	9.999990e-01	8.458896e-07	8.458896e-07
6.200000e-01	6.300000e-01	9.999990e-01	1.192373e-09	1.192373e-09
6.300000e-01	6.400000e-01	9.999995e-01	5.960663e-10	5.960663e-10
6.400000e-01	6.500000e-01	9.999995e-01	8.458885e-07	8.458885e-07
6.500000e-01	6.600000e-01	1.000000e+00	8.458887e-07	8.458887e-07
6.600000e-01	6.700000e-01	1.000000e+00	0.000000e+00	0.000000e+00
6.700000e-01	6.800000e-01	1.000000e+00	0.000000e+00	0.000000e+00
6.800000e-01	6.900000e-01	1.000000e+00	0.000000e+00	0.000000e+00
6.900000e-01	7.000000e-01	1.000000e+00	0.000000e+00	0.000000e+00
7.000000e-01	7.100000e-01	1.000000e+00	0.000000e+00	0.000000e+00
7.100000e-01	7.200000e-01	1.000000e+00	0.000000e+00	0.000000e+00
7.200000e-01	7.300000e-01	1.000000e+00	0.000000e+00	0.000000e+00
7.300000e-01	7.400000e-01	1.000000e+00	0.000000e+00	0.000000e+00
7.400000e-01	7.500000e-01	1.000000e+00	0.000000e+00	0.000000e+00
7.500000e-01	7.600000e-01	1.000000e+00	0.000000e+00	0.000000e+00
7.600000e-01	7.700000e-01	1.000000e+00	0.000000e+00	0.000000e+00
7.700000e-01	7.800000e-01	1.000000e+00	0.000000e+00	0.000000e+00
7.800000e-01	7.900000e-01	1.000000e+00	0.000000e+00	0.000000e+00
7.900000e-01	8.000000e-01	1.000000e+00	0.000000e+00	0.000000e+00
8.000000e-01	8.100000e-01	1.000000e+00	0.000000e+00	0.000000e+00
8.100000e-01	8.200000e-01	1.000000e+00	0.000000e+00	0.000000e+00
8.200000e-01	8.300000e-01	1.000000e+00	0.000000e+00	0.000000e+00
8.300000e-01	8.400000e-01	1.000000e+00	0.000000e+00	0.000000e+00
8.400000e-01	8.500000e-01	1.000000e+00	0.000000e+00	0.000000e+00
8.500000e-01	8.600000e-01	1.000000e+00	0.000000e+00	0.000000e+00
8.600000e-01	8.700000e-01	1.000000e+00	0.000000e+00	0.000000e+00
8.700000e-01	8.800000e-01	1.000000e+00	0.000000e+00	0.000000e+00
8.800000e-01	8.900000e-01	1.000000e+00	0.000000e+00	0.000000e+00
8.900000e-01	9.000000e-01	1.000000e+00	0.000000e+00	0.000000e+00
9.000000e-01	9.100000e-01	1.000000e+00	0.000000e+00	0.000000e+00
9.100000e-01	9.200000e-01	1.000000e+00	0.000000e+00	0.000000e+00
9.200000e-01	9.300000e-01	1.000000e+00	0.000000e+00	0.000000e+00
9.300000e-01	9.400000e-01	1.000000e+00	0.000000e+00	0.000000e+00
9.400000e-01	9.500000e-01	1.000000e+00	0.000000e+00	0.000000e+00
9.500000e-01	9.600000e-01	1.000000e+00	0.000000e+00	0.000000e+00
9.600000e-01	9.700000e-01	1.000000e+00	0.000000e+00	0.000000e+00
9.700000e-01	9.800000e-01	1.000000e+00	0.000000e+00	0.000000e+00
9.800000e-01	9.900000e-01	1.000000e+00	0.000000e+00	0.000000e+00
9.900000e-01	1.000000e+00	1.000000e+00	0.000000e+00	0.000000e+00
1.000000e+00	1.010000e+00	1.000000e+00	0.000000e+00	0.000000e+00
1.010000e+00	1.020000e+00	1.000000e+00	0.000000e+00	0.000000e+00
1.020000e+00	1.030000e+00	1.000000e+00	0.000000e+00	0.000000e+00
1.030000e+00	1.040000e+00	1.000000e+00	0.000000e+00	0.000000e+00
1.040000e+00	1.050000e+00	1.000000e+00	0.000000e+00	0.000000e+00
1.050000e+00	1.060000e+00	1.000000e+00	0.000000e+00	0.000000e+00
1.060000e+00	1.070000e+00	1.000000e+00	0.000000e+00	0.000000e+00
1.070000e+00	1.080000e+00	1.000000e+00	0.000000e+00	0.000000e+00
1.080000e+00	1.090000e+00	1.000000e+00	0.000000e+00	0.000000e+00
1.090000e+00	1.100000e+00	1.000000e+00	0.000000e+00	0.000000e+00
1.100000e+00	1.110000e+00	1.000000e+00	0.000000e+00	0.000000e+00
1.110000e+00	1.120000e+00	1.000000e+00	0.000000e+00	0.000000e+00
1.120000e+00	1.130000e+00	1.000000e+00	0.000000e+00	0.000000e+00
1.130000e+00	1.140000e+00	1.000000e+00	0.000000e+00	0.000000e+00
1.140000e+00	1.150000e+00	1.000000e+00	0.000000e+00	0.000000e+00
1.150000e+00	1.160000e+00	1.000000e+00	0.000000e+00	0.000000e+00
1.160000e+00	1.170000e+00	1.000000e+00	0.000000e+00	0.000000e+00
1.170000e+00	1.180000e+00	1.000000e+00	0.000000e+00	0.000000e+00
1.180000e+00	1.190000e+00	1.000000e+00	0.000000e+00	0.000000e+00
1.190000e+00	1.200000e+00	1.000000e+00	0.000000e+00	0.000000e+00
1.200000e+00	1.210000e+00	1.000000e+00	0.000000e+00	0.000000e+00
1.210000e+00	1.220000e+00	1.000000e+00	0.000000e+00	0.000000e+00
1.220000e+00	1.230000e+00	1.000000e+00	0.000000e+00	0.000000e+00
1.230000e+00	1.240000e+00	1.000000e+00	0.000000e+00	0.000000e+00
1.240000e+00	1.250000e+00	1.000000e+00	0.000000e+00	0.000000e+00
1.250000e+00	1.260000e+00	1.000000e+00	0.000000e+00	0.000000e+00
1.260000e+00	1.270000e+00	1.000000e+00	0.000000e+00	0.000000e+00
1.270000e+00	1.280000e+00	1.000000e+00	0.000000e+00	0.000000e+00
1.280000e+00	1.290000e+00	1.000000e+00	0.000000e+00	0.000000e+00
1.290000e+00	1.300000e+00	1.000000e+00	0.000000e+00	0.000000e+00
1.300000e+00	1.310000e+00	1.000000e+00	0.000000e+00	0.000000e+00
1.310000e+00	1.320000e+00	1.000000e+00	0.000000e+00	0.000000e+00
1.320000e+00	1.330000e+00	1.000000e+00	0.000000e+00	0.000000e+00
1.330000e+00	1.340000e+00	1.000000e+00	0.000000e+00	0.000000e+00
1.340000e+00	1.350000e+00	1.000000e+00	0.000000e+00	0.000000e+00
1.350000e+00	1.360000e+00	1.000000e+00	0.000000e+00	0.000000e+00
1.360000e+00	1.370000e+00	1.000000e+00	0.000000e+00	0.000000e+00
1.370000e+00	1.380000e+00	1.000000e+00	0.000000e+00	0.000000e+00
1.380000e+00	1.390000e+00	1.000000e+00	0.000000e+00	0.000000e+00
1.390000e+00	1.400000e+00	1.000000e+00	0.000000e+00	0.000000e+00
1.400000e+00	1.410000e+00	1.000000e+00	0.000000e+00	0.000000e+00
1.410000e+00	1.420000e+00	1.000000e+00	0.000000e+00	0.000000e+00
1.420000e+00	1.430000e+00	1.000000e+00	0.000000e+00	0.000000e+00
1.430000e+00	1.440000e+00	1.000000e+00	0.000000e+00	0.000000e+00
1.440000e+00	1.450000e+00	1.000000e+00	0.000000e+00	0.000000e+00
1.450000e+00	1.460000e+00	1.000000e+00	0.000000e+00	0.000000e+00
1.460000e+00	1.470000e+00	1.000000e+00	0.000000e+00	0.000000e+00
1.470000e+00	1.480000e+00	1.000000e+00	0.000000e+00	0.000000e+00
1.480000e+00	1.490000e+00	1.000000e+00	0.000000e+00	0.000000e+00
1.490000e+00	1.500000e+00	1.000000e+00	0.000000e+00	0.000000e+00
# END HISTO1D

# BEGIN HISTO1D //nfs/farm/g/theory/qcdsim/shoeche/runs/lhjets/jj/mcnlo/css-1em-2/run.yoda/LH2017_ZHSHAPES/psi_0.5_400
LineColor=blue
LineStyle=solid
Path=//nfs/farm/g/theory/qcdsim/shoeche/runs/lhjets/jj/mcnlo/css-1em-2/run.yoda/LH2017_ZHSHAPES/psi_0.5_400
Title=MC@NLO~1em
XLabel=
YLabel=
# xlow	 xhigh	 val	 errminus	 errplus
0.000000e+00	1.000000e-02	9.400749e-01	5.180282e-04	5.180282e-04
1.000000e-02	2.000000e-02	9.421333e-01	5.086173e-04	5.086173e-04
2.000000e-02	3.000000e-02	9.452647e-01	4.937111e-04	4.937111e-04
3.000000e-02	4.000000e-02	9.485541e-01	4.769150e-04	4.769150e-04
4.000000e-02	5.000000e-02	9.523250e-01	4.563564e-04	4.563564e-04
5.000000e-02	6.000000e-02	9.557936e-01	4.363065e-04	4.363065e-04
6.000000e-02	7.000000e-02	9.594241e-01	4.142058e-04	4.142058e-04
7.000000e-02	8.000000e-02	9.627641e-01	3.924747e-04	3.924747e-04
8.000000e-02	9.000000e-02	9.658814e-01	3.710504e-04	3.710504e-04
9.000000e-02	1.000000e-01	9.687396e-01	3.499625e-04	3.499625e-04
1.000000e-01	1.100000e-01	9.715163e-01	3.285181e-04	3.285181e-04
1.100000e-01	1.200000e-01	9.741030e-01	3.070976e-04	3.070976e-04
1.200000e-01	1.300000e-01	9.764702e-01	2.865442e-04	2.865442e-04
1.300000e-01	1.400000e-01	9.787034e-01	2.658299e-04	2.658299e-04
1.400000e-01	1.500000e-01	9.806532e-01	2.468680e-04	2.468680e-04
1.500000e-01	1.600000e-01	9.824782e-01	2.278701e-04	2.278701e-04
1.600000e-01	1.700000e-01	9.843641e-01	2.063755e-04	2.063755e-04
1.700000e-01	1.800000e-01	9.859870e-01	1.886011e-04	1.886011e-04
1.800000e-01	1.900000e-01	9.874748e-01	1.702617e-04	1.702617e-04
1.900000e-01	2.000000e-01	9.888707e-01	1.520495e-04	1.520495e-04
2.000000e-01	2.100000e-01	9.900561e-01	1.362061e-04	1.362061e-04
2.100000e-01	2.200000e-01	9.911300e-01	1.228484e-04	1.228484e-04
2.200000e-01	2.300000e-01	9.921493e-01	1.095940e-04	1.095940e-04
2.300000e-01	2.400000e-01	9.930865e-01	9.873234e-05	9.873234e-05
2.400000e-01	2.500000e-01	9.939194e-01	8.965951e-05	8.965951e-05
2.500000e-01	2.600000e-01	9.947009e-01	8.201800e-05	8.201800e-05
2.600000e-01	2.700000e-01	9.954880e-01	7.382445e-05	7.382445e-05
2.700000e-01	2.800000e-01	9.961265e-01	6.688395e-05	6.688395e-05
2.800000e-01	2.900000e-01	9.966673e-01	6.077561e-05	6.077561e-05
2.900000e-01	3.000000e-01	9.971724e-01	5.464187e-05	5.464187e-05
3.000000e-01	3.100000e-01	9.976144e-01	4.894525e-05	4.894525e-05
3.100000e-01	3.200000e-01	9.980174e-01	4.337406e-05	4.337406e-05
3.200000e-01	3.300000e-01	9.983461e-01	3.866779e-05	3.866779e-05
3.300000e-01	3.400000e-01	9.986418e-01	3.411554e-05	3.411554e-05
3.400000e-01	3.500000e-01	9.989239e-01	2.939110e-05	2.939110e-05
3.500000e-01	3.600000e-01	9.991324e-01	2.572989e-05	2.572989e-05
3.600000e-01	3.700000e-01	9.993259e-01	2.180324e-05	2.180324e-05
3.700000e-01	3.800000e-01	9.995046e-01	1.782721e-05	1.782721e-05
3.800000e-01	3.900000e-01	9.996216e-01	1.503683e-05	1.503683e-05
3.900000e-01	4.000000e-01	9.997357e-01	1.197849e-05	1.197849e-05
4.000000e-01	4.100000e-01	9.998095e-01	9.782909e-06	9.782909e-06
4.100000e-01	4.200000e-01	9.998724e-01	7.555167e-06	7.555167e-06
4.200000e-01	4.300000e-01	9.999207e-01	5.677742e-06	5.677742e-06
4.300000e-01	4.400000e-01	9.999571e-01	3.839494e-06	3.839494e-06
4.400000e-01	4.500000e-01	9.999803e-01	2.539978e-06	2.539978e-06
4.500000e-01	4.600000e-01	9.999915e-01	1.357744e-06	1.357744e-06
4.600000e-01	4.700000e-01	9.999971e-01	6.333241e-09	6.333241e-09
4.700000e-01	4.800000e-01	9.999992e-01	9.601581e-07	9.601581e-07
4.800000e-01	4.900000e-01	1.000000e+00	9.601596e-07	9.601596e-07
4.900000e-01	5.000000e-01	1.000000e+00	0.000000e+00	0.000000e+00
5.000000e-01	5.100000e-01	1.000000e+00	0.000000e+00	0.000000e+00
5.100000e-01	5.200000e-01	1.000000e+00	0.000000e+00	0.000000e+00
5.200000e-01	5.300000e-01	1.000000e+00	0.000000e+00	0.000000e+00
5.300000e-01	5.400000e-01	1.000000e+00	0.000000e+00	0.000000e+00
5.400000e-01	5.500000e-01	1.000000e+00	0.000000e+00	0.000000e+00
5.500000e-01	5.600000e-01	1.000000e+00	0.000000e+00	0.000000e+00
5.600000e-01	5.700000e-01	1.000000e+00	0.000000e+00	0.000000e+00
5.700000e-01	5.800000e-01	1.000000e+00	0.000000e+00	0.000000e+00
5.800000e-01	5.900000e-01	1.000000e+00	0.000000e+00	0.000000e+00
5.900000e-01	6.000000e-01	1.000000e+00	0.000000e+00	0.000000e+00
6.000000e-01	6.100000e-01	1.000000e+00	0.000000e+00	0.000000e+00
6.100000e-01	6.200000e-01	1.000000e+00	0.000000e+00	0.000000e+00
6.200000e-01	6.300000e-01	1.000000e+00	0.000000e+00	0.000000e+00
6.300000e-01	6.400000e-01	1.000000e+00	0.000000e+00	0.000000e+00
6.400000e-01	6.500000e-01	1.000000e+00	0.000000e+00	0.000000e+00
6.500000e-01	6.600000e-01	1.000000e+00	0.000000e+00	0.000000e+00
6.600000e-01	6.700000e-01	1.000000e+00	0.000000e+00	0.000000e+00
6.700000e-01	6.800000e-01	1.000000e+00	0.000000e+00	0.000000e+00
6.800000e-01	6.900000e-01	1.000000e+00	0.000000e+00	0.000000e+00
6.900000e-01	7.000000e-01	1.000000e+00	0.000000e+00	0.000000e+00
7.000000e-01	7.100000e-01	1.000000e+00	0.000000e+00	0.000000e+00
7.100000e-01	7.200000e-01	1.000000e+00	0.000000e+00	0.000000e+00
7.200000e-01	7.300000e-01	1.000000e+00	0.000000e+00	0.000000e+00
7.300000e-01	7.400000e-01	1.000000e+00	0.000000e+00	0.000000e+00
7.400000e-01	7.500000e-01	1.000000e+00	0.000000e+00	0.000000e+00
7.500000e-01	7.600000e-01	1.000000e+00	0.000000e+00	0.000000e+00
7.600000e-01	7.700000e-01	1.000000e+00	0.000000e+00	0.000000e+00
7.700000e-01	7.800000e-01	1.000000e+00	0.000000e+00	0.000000e+00
7.800000e-01	7.900000e-01	1.000000e+00	0.000000e+00	0.000000e+00
7.900000e-01	8.000000e-01	1.000000e+00	0.000000e+00	0.000000e+00
8.000000e-01	8.100000e-01	1.000000e+00	0.000000e+00	0.000000e+00
8.100000e-01	8.200000e-01	1.000000e+00	0.000000e+00	0.000000e+00
8.200000e-01	8.300000e-01	1.000000e+00	0.000000e+00	0.000000e+00
8.300000e-01	8.400000e-01	1.000000e+00	0.000000e+00	0.000000e+00
8.400000e-01	8.500000e-01	1.000000e+00	0.000000e+00	0.000000e+00
8.500000e-01	8.600000e-01	1.000000e+00	0.000000e+00	0.000000e+00
8.600000e-01	8.700000e-01	1.000000e+00	0.000000e+00	0.000000e+00
8.700000e-01	8.800000e-01	1.000000e+00	0.000000e+00	0.000000e+00
8.800000e-01	8.900000e-01	1.000000e+00	0.000000e+00	0.000000e+00
8.900000e-01	9.000000e-01	1.000000e+00	0.000000e+00	0.000000e+00
9.000000e-01	9.100000e-01	1.000000e+00	0.000000e+00	0.000000e+00
9.100000e-01	9.200000e-01	1.000000e+00	0.000000e+00	0.000000e+00
9.200000e-01	9.300000e-01	1.000000e+00	0.000000e+00	0.000000e+00
9.300000e-01	9.400000e-01	1.000000e+00	0.000000e+00	0.000000e+00
9.400000e-01	9.500000e-01	1.000000e+00	0.000000e+00	0.000000e+00
9.500000e-01	9.600000e-01	1.000000e+00	0.000000e+00	0.000000e+00
9.600000e-01	9.700000e-01	1.000000e+00	0.000000e+00	0.000000e+00
9.700000e-01	9.800000e-01	1.000000e+00	0.000000e+00	0.000000e+00
9.800000e-01	9.900000e-01	1.000000e+00	0.000000e+00	0.000000e+00
9.900000e-01	1.000000e+00	1.000000e+00	0.000000e+00	0.000000e+00
1.000000e+00	1.010000e+00	1.000000e+00	0.000000e+00	0.000000e+00
1.010000e+00	1.020000e+00	1.000000e+00	0.000000e+00	0.000000e+00
1.020000e+00	1.030000e+00	1.000000e+00	0.000000e+00	0.000000e+00
1.030000e+00	1.040000e+00	1.000000e+00	0.000000e+00	0.000000e+00
1.040000e+00	1.050000e+00	1.000000e+00	0.000000e+00	0.000000e+00
1.050000e+00	1.060000e+00	1.000000e+00	0.000000e+00	0.000000e+00
1.060000e+00	1.070000e+00	1.000000e+00	0.000000e+00	0.000000e+00
1.070000e+00	1.080000e+00	1.000000e+00	0.000000e+00	0.000000e+00
1.080000e+00	1.090000e+00	1.000000e+00	0.000000e+00	0.000000e+00
1.090000e+00	1.100000e+00	1.000000e+00	0.000000e+00	0.000000e+00
1.100000e+00	1.110000e+00	1.000000e+00	0.000000e+00	0.000000e+00
1.110000e+00	1.120000e+00	1.000000e+00	0.000000e+00	0.000000e+00
1.120000e+00	1.130000e+00	1.000000e+00	0.000000e+00	0.000000e+00
1.130000e+00	1.140000e+00	1.000000e+00	0.000000e+00	0.000000e+00
1.140000e+00	1.150000e+00	1.000000e+00	0.000000e+00	0.000000e+00
1.150000e+00	1.160000e+00	1.000000e+00	0.000000e+00	0.000000e+00
1.160000e+00	1.170000e+00	1.000000e+00	0.000000e+00	0.000000e+00
1.170000e+00	1.180000e+00	1.000000e+00	0.000000e+00	0.000000e+00
1.180000e+00	1.190000e+00	1.000000e+00	0.000000e+00	0.000000e+00
1.190000e+00	1.200000e+00	1.000000e+00	0.000000e+00	0.000000e+00
1.200000e+00	1.210000e+00	1.000000e+00	0.000000e+00	0.000000e+00
1.210000e+00	1.220000e+00	1.000000e+00	0.000000e+00	0.000000e+00
1.220000e+00	1.230000e+00	1.000000e+00	0.000000e+00	0.000000e+00
1.230000e+00	1.240000e+00	1.000000e+00	0.000000e+00	0.000000e+00
1.240000e+00	1.250000e+00	1.000000e+00	0.000000e+00	0.000000e+00
1.250000e+00	1.260000e+00	1.000000e+00	0.000000e+00	0.000000e+00
1.260000e+00	1.270000e+00	1.000000e+00	0.000000e+00	0.000000e+00
1.270000e+00	1.280000e+00	1.000000e+00	0.000000e+00	0.000000e+00
1.280000e+00	1.290000e+00	1.000000e+00	0.000000e+00	0.000000e+00
1.290000e+00	1.300000e+00	1.000000e+00	0.000000e+00	0.000000e+00
1.300000e+00	1.310000e+00	1.000000e+00	0.000000e+00	0.000000e+00
1.310000e+00	1.320000e+00	1.000000e+00	0.000000e+00	0.000000e+00
1.320000e+00	1.330000e+00	1.000000e+00	0.000000e+00	0.000000e+00
1.330000e+00	1.340000e+00	1.000000e+00	0.000000e+00	0.000000e+00
1.340000e+00	1.350000e+00	1.000000e+00	0.000000e+00	0.000000e+00
1.350000e+00	1.360000e+00	1.000000e+00	0.000000e+00	0.000000e+00
1.360000e+00	1.370000e+00	1.000000e+00	0.000000e+00	0.000000e+00
1.370000e+00	1.380000e+00	1.000000e+00	0.000000e+00	0.000000e+00
1.380000e+00	1.390000e+00	1.000000e+00	0.000000e+00	0.000000e+00
1.390000e+00	1.400000e+00	1.000000e+00	0.000000e+00	0.000000e+00
1.400000e+00	1.410000e+00	1.000000e+00	0.000000e+00	0.000000e+00
1.410000e+00	1.420000e+00	1.000000e+00	0.000000e+00	0.000000e+00
1.420000e+00	1.430000e+00	1.000000e+00	0.000000e+00	0.000000e+00
1.430000e+00	1.440000e+00	1.000000e+00	0.000000e+00	0.000000e+00
1.440000e+00	1.450000e+00	1.000000e+00	0.000000e+00	0.000000e+00
1.450000e+00	1.460000e+00	1.000000e+00	0.000000e+00	0.000000e+00
1.460000e+00	1.470000e+00	1.000000e+00	0.000000e+00	0.000000e+00
1.470000e+00	1.480000e+00	1.000000e+00	0.000000e+00	0.000000e+00
1.480000e+00	1.490000e+00	1.000000e+00	0.000000e+00	0.000000e+00
1.490000e+00	1.500000e+00	1.000000e+00	0.000000e+00	0.000000e+00
# END HISTO1D

# BEGIN HISTO1D //nfs/farm/g/theory/qcdsim/shoeche/runs/lhjets/jj/nlo/cs-2/run.yoda/LH2017_ZHSHAPES/psi_0.5_400
LineColor={[HTML]{2da334}}
LineStyle=solid
Path=//nfs/farm/g/theory/qcdsim/shoeche/runs/lhjets/jj/nlo/cs-2/run.yoda/LH2017_ZHSHAPES/psi_0.5_400
Title=run
XLabel=
YLabel=
# xlow	 xhigh	 val	 errminus	 errplus
0.000000e+00	1.000000e-02	3.999324e-01	1.619928e-01	1.619928e-01
1.000000e-02	2.000000e-02	6.017445e-01	1.631365e-01	1.631365e-01
2.000000e-02	3.000000e-02	6.995442e-01	1.507270e-01	1.507270e-01
3.000000e-02	4.000000e-02	7.602461e-01	1.376404e-01	1.376404e-01
4.000000e-02	5.000000e-02	8.009279e-01	1.258568e-01	1.258568e-01
5.000000e-02	6.000000e-02	8.311667e-01	1.154768e-01	1.154768e-01
6.000000e-02	7.000000e-02	8.543728e-01	1.062055e-01	1.062055e-01
7.000000e-02	8.000000e-02	8.730749e-01	9.786133e-02	9.786133e-02
8.000000e-02	9.000000e-02	8.885964e-01	9.015174e-02	9.015174e-02
9.000000e-02	1.000000e-01	9.012037e-01	8.308255e-02	8.308255e-02
1.000000e-01	1.100000e-01	9.124420e-01	7.636891e-02	7.636891e-02
1.100000e-01	1.200000e-01	9.219377e-01	7.019845e-02	7.019845e-02
1.200000e-01	1.300000e-01	9.298273e-01	6.473947e-02	6.473947e-02
1.300000e-01	1.400000e-01	9.369375e-01	5.955916e-02	5.955916e-02
1.400000e-01	1.500000e-01	9.431154e-01	5.474446e-02	5.474446e-02
1.500000e-01	1.600000e-01	9.485741e-01	5.020181e-02	5.020181e-02
1.600000e-01	1.700000e-01	9.535590e-01	4.586351e-02	4.586351e-02
1.700000e-01	1.800000e-01	9.580863e-01	4.171986e-02	4.171986e-02
1.800000e-01	1.900000e-01	9.621029e-01	3.788384e-02	3.788384e-02
1.900000e-01	2.000000e-01	9.656884e-01	3.445395e-02	3.445395e-02
2.000000e-01	2.100000e-01	9.688944e-01	3.137219e-02	3.137219e-02
2.100000e-01	2.200000e-01	9.718981e-01	2.843799e-02	2.843799e-02
2.200000e-01	2.300000e-01	9.746720e-01	2.580400e-02	2.580400e-02
2.300000e-01	2.400000e-01	9.771888e-01	2.354859e-02	2.354859e-02
2.400000e-01	2.500000e-01	9.793833e-01	2.177227e-02	2.177227e-02
2.500000e-01	2.600000e-01	9.814779e-01	2.020558e-02	2.020558e-02
2.600000e-01	2.700000e-01	9.833756e-01	1.876612e-02	1.876612e-02
2.700000e-01	2.800000e-01	9.851250e-01	1.736316e-02	1.736316e-02
2.800000e-01	2.900000e-01	9.867875e-01	1.600270e-02	1.600270e-02
2.900000e-01	3.000000e-01	9.882883e-01	1.470928e-02	1.470928e-02
3.000000e-01	3.100000e-01	9.896046e-01	1.354967e-02	1.354967e-02
3.100000e-01	3.200000e-01	9.908548e-01	1.235245e-02	1.235245e-02
3.200000e-01	3.300000e-01	9.919633e-01	1.124796e-02	1.124796e-02
3.300000e-01	3.400000e-01	9.929663e-01	1.022404e-02	1.022404e-02
3.400000e-01	3.500000e-01	9.939251e-01	9.182788e-03	9.182788e-03
3.500000e-01	3.600000e-01	9.948013e-01	8.216911e-03	8.216911e-03
3.600000e-01	3.700000e-01	9.955875e-01	7.291461e-03	7.291461e-03
3.700000e-01	3.800000e-01	9.963210e-01	6.364743e-03	6.364743e-03
3.800000e-01	3.900000e-01	9.969233e-01	5.582103e-03	5.582103e-03
3.900000e-01	4.000000e-01	9.974946e-01	4.807593e-03	4.807593e-03
4.000000e-01	4.100000e-01	9.979944e-01	4.080073e-03	4.080073e-03
4.100000e-01	4.200000e-01	9.984146e-01	3.412668e-03	3.412668e-03
4.200000e-01	4.300000e-01	9.987941e-01	2.817616e-03	2.817616e-03
4.300000e-01	4.400000e-01	9.991108e-01	2.259189e-03	2.259189e-03
4.400000e-01	4.500000e-01	9.993938e-01	1.675149e-03	1.675149e-03
4.500000e-01	4.600000e-01	9.996211e-01	1.156442e-03	1.156442e-03
4.600000e-01	4.700000e-01	9.997827e-01	7.977929e-04	7.977929e-04
4.700000e-01	4.800000e-01	9.999050e-01	3.763646e-04	3.763646e-04
4.800000e-01	4.900000e-01	9.999756e-01	2.671856e-04	2.671856e-04
4.900000e-01	5.000000e-01	1.000000e+00	0.000000e+00	0.000000e+00
5.000000e-01	5.100000e-01	1.000000e+00	0.000000e+00	0.000000e+00
5.100000e-01	5.200000e-01	1.000000e+00	0.000000e+00	0.000000e+00
5.200000e-01	5.300000e-01	1.000000e+00	0.000000e+00	0.000000e+00
5.300000e-01	5.400000e-01	1.000000e+00	0.000000e+00	0.000000e+00
5.400000e-01	5.500000e-01	1.000000e+00	0.000000e+00	0.000000e+00
5.500000e-01	5.600000e-01	1.000000e+00	0.000000e+00	0.000000e+00
5.600000e-01	5.700000e-01	1.000000e+00	0.000000e+00	0.000000e+00
5.700000e-01	5.800000e-01	1.000000e+00	0.000000e+00	0.000000e+00
5.800000e-01	5.900000e-01	1.000000e+00	0.000000e+00	0.000000e+00
5.900000e-01	6.000000e-01	1.000000e+00	0.000000e+00	0.000000e+00
6.000000e-01	6.100000e-01	1.000000e+00	0.000000e+00	0.000000e+00
6.100000e-01	6.200000e-01	1.000000e+00	0.000000e+00	0.000000e+00
6.200000e-01	6.300000e-01	1.000000e+00	0.000000e+00	0.000000e+00
6.300000e-01	6.400000e-01	1.000000e+00	0.000000e+00	0.000000e+00
6.400000e-01	6.500000e-01	1.000000e+00	0.000000e+00	0.000000e+00
6.500000e-01	6.600000e-01	1.000000e+00	0.000000e+00	0.000000e+00
6.600000e-01	6.700000e-01	1.000000e+00	0.000000e+00	0.000000e+00
6.700000e-01	6.800000e-01	1.000000e+00	0.000000e+00	0.000000e+00
6.800000e-01	6.900000e-01	1.000000e+00	0.000000e+00	0.000000e+00
6.900000e-01	7.000000e-01	1.000000e+00	0.000000e+00	0.000000e+00
7.000000e-01	7.100000e-01	1.000000e+00	0.000000e+00	0.000000e+00
7.100000e-01	7.200000e-01	1.000000e+00	0.000000e+00	0.000000e+00
7.200000e-01	7.300000e-01	1.000000e+00	0.000000e+00	0.000000e+00
7.300000e-01	7.400000e-01	1.000000e+00	0.000000e+00	0.000000e+00
7.400000e-01	7.500000e-01	1.000000e+00	0.000000e+00	0.000000e+00
7.500000e-01	7.600000e-01	1.000000e+00	0.000000e+00	0.000000e+00
7.600000e-01	7.700000e-01	1.000000e+00	0.000000e+00	0.000000e+00
7.700000e-01	7.800000e-01	1.000000e+00	0.000000e+00	0.000000e+00
7.800000e-01	7.900000e-01	1.000000e+00	0.000000e+00	0.000000e+00
7.900000e-01	8.000000e-01	1.000000e+00	0.000000e+00	0.000000e+00
8.000000e-01	8.100000e-01	1.000000e+00	0.000000e+00	0.000000e+00
8.100000e-01	8.200000e-01	1.000000e+00	0.000000e+00	0.000000e+00
8.200000e-01	8.300000e-01	1.000000e+00	0.000000e+00	0.000000e+00
8.300000e-01	8.400000e-01	1.000000e+00	0.000000e+00	0.000000e+00
8.400000e-01	8.500000e-01	1.000000e+00	0.000000e+00	0.000000e+00
8.500000e-01	8.600000e-01	1.000000e+00	0.000000e+00	0.000000e+00
8.600000e-01	8.700000e-01	1.000000e+00	0.000000e+00	0.000000e+00
8.700000e-01	8.800000e-01	1.000000e+00	0.000000e+00	0.000000e+00
8.800000e-01	8.900000e-01	1.000000e+00	0.000000e+00	0.000000e+00
8.900000e-01	9.000000e-01	1.000000e+00	0.000000e+00	0.000000e+00
9.000000e-01	9.100000e-01	1.000000e+00	0.000000e+00	0.000000e+00
9.100000e-01	9.200000e-01	1.000000e+00	0.000000e+00	0.000000e+00
9.200000e-01	9.300000e-01	1.000000e+00	0.000000e+00	0.000000e+00
9.300000e-01	9.400000e-01	1.000000e+00	0.000000e+00	0.000000e+00
9.400000e-01	9.500000e-01	1.000000e+00	0.000000e+00	0.000000e+00
9.500000e-01	9.600000e-01	1.000000e+00	0.000000e+00	0.000000e+00
9.600000e-01	9.700000e-01	1.000000e+00	0.000000e+00	0.000000e+00
9.700000e-01	9.800000e-01	1.000000e+00	0.000000e+00	0.000000e+00
9.800000e-01	9.900000e-01	1.000000e+00	0.000000e+00	0.000000e+00
9.900000e-01	1.000000e+00	1.000000e+00	0.000000e+00	0.000000e+00
1.000000e+00	1.010000e+00	1.000000e+00	0.000000e+00	0.000000e+00
1.010000e+00	1.020000e+00	1.000000e+00	0.000000e+00	0.000000e+00
1.020000e+00	1.030000e+00	1.000000e+00	0.000000e+00	0.000000e+00
1.030000e+00	1.040000e+00	1.000000e+00	0.000000e+00	0.000000e+00
1.040000e+00	1.050000e+00	1.000000e+00	0.000000e+00	0.000000e+00
1.050000e+00	1.060000e+00	1.000000e+00	0.000000e+00	0.000000e+00
1.060000e+00	1.070000e+00	1.000000e+00	0.000000e+00	0.000000e+00
1.070000e+00	1.080000e+00	1.000000e+00	0.000000e+00	0.000000e+00
1.080000e+00	1.090000e+00	1.000000e+00	0.000000e+00	0.000000e+00
1.090000e+00	1.100000e+00	1.000000e+00	0.000000e+00	0.000000e+00
1.100000e+00	1.110000e+00	1.000000e+00	0.000000e+00	0.000000e+00
1.110000e+00	1.120000e+00	1.000000e+00	0.000000e+00	0.000000e+00
1.120000e+00	1.130000e+00	1.000000e+00	0.000000e+00	0.000000e+00
1.130000e+00	1.140000e+00	1.000000e+00	0.000000e+00	0.000000e+00
1.140000e+00	1.150000e+00	1.000000e+00	0.000000e+00	0.000000e+00
1.150000e+00	1.160000e+00	1.000000e+00	0.000000e+00	0.000000e+00
1.160000e+00	1.170000e+00	1.000000e+00	0.000000e+00	0.000000e+00
1.170000e+00	1.180000e+00	1.000000e+00	0.000000e+00	0.000000e+00
1.180000e+00	1.190000e+00	1.000000e+00	0.000000e+00	0.000000e+00
1.190000e+00	1.200000e+00	1.000000e+00	0.000000e+00	0.000000e+00
1.200000e+00	1.210000e+00	1.000000e+00	0.000000e+00	0.000000e+00
1.210000e+00	1.220000e+00	1.000000e+00	0.000000e+00	0.000000e+00
1.220000e+00	1.230000e+00	1.000000e+00	0.000000e+00	0.000000e+00
1.230000e+00	1.240000e+00	1.000000e+00	0.000000e+00	0.000000e+00
1.240000e+00	1.250000e+00	1.000000e+00	0.000000e+00	0.000000e+00
1.250000e+00	1.260000e+00	1.000000e+00	0.000000e+00	0.000000e+00
1.260000e+00	1.270000e+00	1.000000e+00	0.000000e+00	0.000000e+00
1.270000e+00	1.280000e+00	1.000000e+00	0.000000e+00	0.000000e+00
1.280000e+00	1.290000e+00	1.000000e+00	0.000000e+00	0.000000e+00
1.290000e+00	1.300000e+00	1.000000e+00	0.000000e+00	0.000000e+00
1.300000e+00	1.310000e+00	1.000000e+00	0.000000e+00	0.000000e+00
1.310000e+00	1.320000e+00	1.000000e+00	0.000000e+00	0.000000e+00
1.320000e+00	1.330000e+00	1.000000e+00	0.000000e+00	0.000000e+00
1.330000e+00	1.340000e+00	1.000000e+00	0.000000e+00	0.000000e+00
1.340000e+00	1.350000e+00	1.000000e+00	0.000000e+00	0.000000e+00
1.350000e+00	1.360000e+00	1.000000e+00	0.000000e+00	0.000000e+00
1.360000e+00	1.370000e+00	1.000000e+00	0.000000e+00	0.000000e+00
1.370000e+00	1.380000e+00	1.000000e+00	0.000000e+00	0.000000e+00
1.380000e+00	1.390000e+00	1.000000e+00	0.000000e+00	0.000000e+00
1.390000e+00	1.400000e+00	1.000000e+00	0.000000e+00	0.000000e+00
1.400000e+00	1.410000e+00	1.000000e+00	0.000000e+00	0.000000e+00
1.410000e+00	1.420000e+00	1.000000e+00	0.000000e+00	0.000000e+00
1.420000e+00	1.430000e+00	1.000000e+00	0.000000e+00	0.000000e+00
1.430000e+00	1.440000e+00	1.000000e+00	0.000000e+00	0.000000e+00
1.440000e+00	1.450000e+00	1.000000e+00	0.000000e+00	0.000000e+00
1.450000e+00	1.460000e+00	1.000000e+00	0.000000e+00	0.000000e+00
1.460000e+00	1.470000e+00	1.000000e+00	0.000000e+00	0.000000e+00
1.470000e+00	1.480000e+00	1.000000e+00	0.000000e+00	0.000000e+00
1.480000e+00	1.490000e+00	1.000000e+00	0.000000e+00	0.000000e+00
1.490000e+00	1.500000e+00	1.000000e+00	0.000000e+00	0.000000e+00
# END HISTO1D

