# BEGIN PLOT
XTwosidedTicks=1
DrawOnly=//nfs/farm/g/theory/qcdsim/shoeche/runs/lhjets/jj/mcnlo/css-2/run.yoda/LH2017_ZHSHAPES/psi_0.9_200 //nfs/farm/g/theory/qcdsim/shoeche/runs/lhjets/jj/mcnlo/css-1em-2/run.yoda/LH2017_ZHSHAPES/psi_0.9_200 //nfs/farm/g/theory/qcdsim/shoeche/runs/lhjets/jj/nlo/cs-2/run.yoda/LH2017_ZHSHAPES/psi_0.9_200
RatioPlotReference=//nfs/farm/g/theory/qcdsim/shoeche/runs/lhjets/jj/nlo/cs-2/run.yoda/LH2017_ZHSHAPES/psi_0.9_200
XTwosidedTicks=1
YTwosidedTicks=1
TopMargin=0.0
RatioPlot=1
BottomMargin=0.0
MainPlot=0
RatioPlotYSize=2.5
XMax=0.9
DrawSpecialInRatio=1
LegendXPos=0.35
LegendYPos=0.8
LogY=1
RatioPlotYLabel=
LegendOnly=//nfs/farm/g/theory/qcdsim/shoeche/runs/lhjets/jj/nlo/cs-2/run.yoda/LH2017_ZHSHAPES/psi_0.9_200
RatioPlotSameStyle=1
YTwosidedTicks=1
Legend=1
# END PLOT
# BEGIN SPECIAL text
\rput[br](0.95,0.2){$k_T>200GeV$}
# END SPECIAL

# BEGIN HISTO1D //nfs/farm/g/theory/qcdsim/shoeche/runs/lhjets/jj/mcnlo/css-2/run.yoda/LH2017_ZHSHAPES/psi_0.9_200
LineColor=red
LineStyle=solid
Path=//nfs/farm/g/theory/qcdsim/shoeche/runs/lhjets/jj/mcnlo/css-2/run.yoda/LH2017_ZHSHAPES/psi_0.9_200
Title=run
XLabel=
YLabel=
# xlow	 xhigh	 val	 errminus	 errplus
0.000000e+00	1.000000e-02	1.000195e-01	2.780338e-04	2.780338e-04
1.000000e-02	2.000000e-02	2.052089e-01	3.589079e-04	3.589079e-04
2.000000e-02	3.000000e-02	2.912899e-01	3.935431e-04	3.935431e-04
3.000000e-02	4.000000e-02	3.617160e-01	4.081088e-04	4.081088e-04
4.000000e-02	5.000000e-02	4.203673e-01	4.123026e-04	4.123026e-04
5.000000e-02	6.000000e-02	4.700000e-01	4.105345e-04	4.105345e-04
6.000000e-02	7.000000e-02	5.127081e-01	4.051995e-04	4.051995e-04
7.000000e-02	8.000000e-02	5.500457e-01	3.975628e-04	3.975628e-04
8.000000e-02	9.000000e-02	5.829208e-01	3.884971e-04	3.884971e-04
9.000000e-02	1.000000e-01	6.118948e-01	3.785913e-04	3.785913e-04
1.000000e-01	1.100000e-01	6.378085e-01	3.681145e-04	3.681145e-04
1.100000e-01	1.200000e-01	6.611515e-01	3.573468e-04	3.573468e-04
1.200000e-01	1.300000e-01	6.823213e-01	3.463166e-04	3.463166e-04
1.300000e-01	1.400000e-01	7.015192e-01	3.353164e-04	3.353164e-04
1.400000e-01	1.500000e-01	7.189848e-01	3.243832e-04	3.243832e-04
1.500000e-01	1.600000e-01	7.351678e-01	3.134469e-04	3.134469e-04
1.600000e-01	1.700000e-01	7.497747e-01	3.029865e-04	3.029865e-04
1.700000e-01	1.800000e-01	7.633913e-01	2.924870e-04	2.924870e-04
1.800000e-01	1.900000e-01	7.759399e-01	2.821911e-04	2.821911e-04
1.900000e-01	2.000000e-01	7.876148e-01	2.722030e-04	2.722030e-04
2.000000e-01	2.100000e-01	7.984634e-01	2.624017e-04	2.624017e-04
2.100000e-01	2.200000e-01	8.085737e-01	2.529764e-04	2.529764e-04
2.200000e-01	2.300000e-01	8.180195e-01	2.436311e-04	2.436311e-04
2.300000e-01	2.400000e-01	8.269368e-01	2.344059e-04	2.344059e-04
2.400000e-01	2.500000e-01	8.352940e-01	2.254739e-04	2.254739e-04
2.500000e-01	2.600000e-01	8.431468e-01	2.167512e-04	2.167512e-04
2.600000e-01	2.700000e-01	8.505710e-01	2.082336e-04	2.082336e-04
2.700000e-01	2.800000e-01	8.575609e-01	1.999345e-04	1.999345e-04
2.800000e-01	2.900000e-01	8.642671e-01	1.916624e-04	1.916624e-04
2.900000e-01	3.000000e-01	8.705663e-01	1.837071e-04	1.837071e-04
3.000000e-01	3.100000e-01	8.765073e-01	1.760595e-04	1.760595e-04
3.100000e-01	3.200000e-01	8.820963e-01	1.688329e-04	1.688329e-04
3.200000e-01	3.300000e-01	8.874380e-01	1.616942e-04	1.616942e-04
3.300000e-01	3.400000e-01	8.925130e-01	1.547629e-04	1.547629e-04
3.400000e-01	3.500000e-01	8.973325e-01	1.481701e-04	1.481701e-04
3.500000e-01	3.600000e-01	9.019788e-01	1.417307e-04	1.417307e-04
3.600000e-01	3.700000e-01	9.063719e-01	1.356608e-04	1.356608e-04
3.700000e-01	3.800000e-01	9.105387e-01	1.297880e-04	1.297880e-04
3.800000e-01	3.900000e-01	9.145274e-01	1.241615e-04	1.241615e-04
3.900000e-01	4.000000e-01	9.183494e-01	1.187867e-04	1.187867e-04
4.000000e-01	4.100000e-01	9.219583e-01	1.137772e-04	1.137772e-04
4.100000e-01	4.200000e-01	9.254465e-01	1.089690e-04	1.089690e-04
4.200000e-01	4.300000e-01	9.288345e-01	1.043578e-04	1.043578e-04
4.300000e-01	4.400000e-01	9.320619e-01	1.000684e-04	1.000684e-04
4.400000e-01	4.500000e-01	9.352168e-01	9.594466e-05	9.594466e-05
4.500000e-01	4.600000e-01	9.381739e-01	9.207479e-05	9.207479e-05
4.600000e-01	4.700000e-01	9.410711e-01	8.833493e-05	8.833493e-05
4.700000e-01	4.800000e-01	9.438429e-01	8.478493e-05	8.478493e-05
4.800000e-01	4.900000e-01	9.465376e-01	8.141790e-05	8.141790e-05
4.900000e-01	5.000000e-01	9.491218e-01	7.811176e-05	7.811176e-05
5.000000e-01	5.100000e-01	9.516001e-01	7.495340e-05	7.495340e-05
5.100000e-01	5.200000e-01	9.539690e-01	7.199731e-05	7.199731e-05
5.200000e-01	5.300000e-01	9.563022e-01	6.900832e-05	6.900832e-05
5.300000e-01	5.400000e-01	9.585532e-01	6.611190e-05	6.611190e-05
5.400000e-01	5.500000e-01	9.607016e-01	6.336418e-05	6.336418e-05
5.500000e-01	5.600000e-01	9.627841e-01	6.066137e-05	6.066137e-05
5.600000e-01	5.700000e-01	9.647268e-01	5.820252e-05	5.820252e-05
5.700000e-01	5.800000e-01	9.666512e-01	5.567754e-05	5.567754e-05
5.800000e-01	5.900000e-01	9.685194e-01	5.321183e-05	5.321183e-05
5.900000e-01	6.000000e-01	9.703219e-01	5.079972e-05	5.079972e-05
6.000000e-01	6.100000e-01	9.720585e-01	4.845483e-05	4.845483e-05
6.100000e-01	6.200000e-01	9.737655e-01	4.611534e-05	4.611534e-05
6.200000e-01	6.300000e-01	9.754078e-01	4.385655e-05	4.385655e-05
6.300000e-01	6.400000e-01	9.769752e-01	4.166140e-05	4.166140e-05
6.400000e-01	6.500000e-01	9.785013e-01	3.951372e-05	3.951372e-05
6.500000e-01	6.600000e-01	9.799732e-01	3.741306e-05	3.741306e-05
6.600000e-01	6.700000e-01	9.813948e-01	3.537461e-05	3.537461e-05
6.700000e-01	6.800000e-01	9.827559e-01	3.341663e-05	3.341663e-05
6.800000e-01	6.900000e-01	9.840597e-01	3.151883e-05	3.151883e-05
6.900000e-01	7.000000e-01	9.853230e-01	2.967164e-05	2.967164e-05
7.000000e-01	7.100000e-01	9.865290e-01	2.785282e-05	2.785282e-05
7.100000e-01	7.200000e-01	9.877155e-01	2.601499e-05	2.601499e-05
7.200000e-01	7.300000e-01	9.888573e-01	2.422987e-05	2.422987e-05
7.300000e-01	7.400000e-01	9.899577e-01	2.247820e-05	2.247820e-05
7.400000e-01	7.500000e-01	9.910222e-01	2.072503e-05	2.072503e-05
7.500000e-01	7.600000e-01	9.920526e-01	1.894958e-05	1.894958e-05
7.600000e-01	7.700000e-01	9.930119e-01	1.728467e-05	1.728467e-05
7.700000e-01	7.800000e-01	9.939260e-01	1.562923e-05	1.562923e-05
7.800000e-01	7.900000e-01	9.947799e-01	1.404910e-05	1.404910e-05
7.900000e-01	8.000000e-01	9.955833e-01	1.251160e-05	1.251160e-05
8.000000e-01	8.100000e-01	9.963407e-01	1.099470e-05	1.099470e-05
8.100000e-01	8.200000e-01	9.970352e-01	9.520590e-06	9.520590e-06
8.200000e-01	8.300000e-01	9.976684e-01	8.097352e-06	8.097352e-06
8.300000e-01	8.400000e-01	9.982410e-01	6.726890e-06	6.726890e-06
8.400000e-01	8.500000e-01	9.987481e-01	5.419816e-06	5.419816e-06
8.500000e-01	8.600000e-01	9.991651e-01	4.223377e-06	4.223377e-06
8.600000e-01	8.700000e-01	9.995028e-01	3.198551e-06	3.198551e-06
8.700000e-01	8.800000e-01	9.997353e-01	2.462044e-06	2.462044e-06
8.800000e-01	8.900000e-01	9.998609e-01	2.016888e-06	2.016888e-06
8.900000e-01	9.000000e-01	9.998936e-01	1.783733e-06	1.783733e-06
9.000000e-01	9.100000e-01	9.999069e-01	1.711397e-06	1.711397e-06
9.100000e-01	9.200000e-01	9.999191e-01	1.596187e-06	1.596187e-06
9.200000e-01	9.300000e-01	9.999286e-01	1.514534e-06	1.514534e-06
9.300000e-01	9.400000e-01	9.999375e-01	1.335714e-06	1.335714e-06
9.400000e-01	9.500000e-01	9.999447e-01	1.236745e-06	1.236745e-06
9.500000e-01	9.600000e-01	9.999515e-01	1.237024e-06	1.237024e-06
9.600000e-01	9.700000e-01	9.999582e-01	1.071301e-06	1.071301e-06
9.700000e-01	9.800000e-01	9.999637e-01	1.071496e-06	1.071496e-06
9.800000e-01	9.900000e-01	9.999688e-01	1.010312e-06	1.010312e-06
9.900000e-01	1.000000e+00	9.999736e-01	7.986684e-07	7.986684e-07
1.000000e+00	1.010000e+00	9.999777e-01	7.987893e-07	7.987893e-07
1.010000e+00	1.020000e+00	9.999813e-01	6.187003e-07	6.187003e-07
1.020000e+00	1.030000e+00	9.999843e-01	6.187819e-07	6.187819e-07
1.030000e+00	1.040000e+00	9.999868e-01	6.188385e-07	6.188385e-07
1.040000e+00	1.050000e+00	9.999888e-01	5.052697e-07	5.052697e-07
1.050000e+00	1.060000e+00	9.999903e-01	5.053014e-07	5.053014e-07
1.060000e+00	1.070000e+00	9.999920e-01	5.053304e-07	5.053304e-07
1.070000e+00	1.080000e+00	9.999935e-01	3.573076e-07	3.573076e-07
1.080000e+00	1.090000e+00	9.999945e-01	5.426153e-09	5.426153e-09
1.090000e+00	1.100000e+00	9.999953e-01	5.053705e-07	5.053705e-07
1.100000e+00	1.110000e+00	9.999962e-01	3.573464e-07	3.573464e-07
1.110000e+00	1.120000e+00	9.999969e-01	3.573526e-07	3.573526e-07
1.120000e+00	1.130000e+00	9.999975e-01	2.454696e-09	2.454696e-09
1.130000e+00	1.140000e+00	9.999979e-01	2.067102e-09	2.067102e-09
1.140000e+00	1.150000e+00	9.999984e-01	1.550345e-09	1.550345e-09
1.150000e+00	1.160000e+00	9.999988e-01	1.162754e-09	1.162754e-09
1.160000e+00	1.170000e+00	9.999992e-01	7.751430e-10	7.751430e-10
1.170000e+00	1.180000e+00	9.999993e-01	6.460077e-10	6.460077e-10
1.180000e+00	1.190000e+00	9.999995e-01	5.169198e-10	5.169198e-10
1.190000e+00	1.200000e+00	9.999996e-01	3.874531e-10	3.874531e-10
1.200000e+00	1.210000e+00	9.999997e-01	2.584599e-10	2.584599e-10
1.210000e+00	1.220000e+00	9.999999e-01	1.292300e-10	1.292300e-10
1.220000e+00	1.230000e+00	9.999999e-01	3.573660e-07	3.573660e-07
1.230000e+00	1.240000e+00	9.999999e-01	1.292300e-10	1.292300e-10
1.240000e+00	1.250000e+00	9.999999e-01	3.573660e-07	3.573660e-07
1.250000e+00	1.260000e+00	1.000000e+00	3.573660e-07	3.573660e-07
1.260000e+00	1.270000e+00	1.000000e+00	0.000000e+00	0.000000e+00
1.270000e+00	1.280000e+00	1.000000e+00	0.000000e+00	0.000000e+00
1.280000e+00	1.290000e+00	1.000000e+00	0.000000e+00	0.000000e+00
1.290000e+00	1.300000e+00	1.000000e+00	0.000000e+00	0.000000e+00
1.300000e+00	1.310000e+00	1.000000e+00	0.000000e+00	0.000000e+00
1.310000e+00	1.320000e+00	1.000000e+00	0.000000e+00	0.000000e+00
1.320000e+00	1.330000e+00	1.000000e+00	0.000000e+00	0.000000e+00
1.330000e+00	1.340000e+00	1.000000e+00	0.000000e+00	0.000000e+00
1.340000e+00	1.350000e+00	1.000000e+00	0.000000e+00	0.000000e+00
1.350000e+00	1.360000e+00	1.000000e+00	0.000000e+00	0.000000e+00
1.360000e+00	1.370000e+00	1.000000e+00	0.000000e+00	0.000000e+00
1.370000e+00	1.380000e+00	1.000000e+00	0.000000e+00	0.000000e+00
1.380000e+00	1.390000e+00	1.000000e+00	0.000000e+00	0.000000e+00
1.390000e+00	1.400000e+00	1.000000e+00	0.000000e+00	0.000000e+00
1.400000e+00	1.410000e+00	1.000000e+00	0.000000e+00	0.000000e+00
1.410000e+00	1.420000e+00	1.000000e+00	0.000000e+00	0.000000e+00
1.420000e+00	1.430000e+00	1.000000e+00	0.000000e+00	0.000000e+00
1.430000e+00	1.440000e+00	1.000000e+00	0.000000e+00	0.000000e+00
1.440000e+00	1.450000e+00	1.000000e+00	0.000000e+00	0.000000e+00
1.450000e+00	1.460000e+00	1.000000e+00	0.000000e+00	0.000000e+00
1.460000e+00	1.470000e+00	1.000000e+00	0.000000e+00	0.000000e+00
1.470000e+00	1.480000e+00	1.000000e+00	0.000000e+00	0.000000e+00
1.480000e+00	1.490000e+00	1.000000e+00	0.000000e+00	0.000000e+00
1.490000e+00	1.500000e+00	1.000000e+00	0.000000e+00	0.000000e+00
# END HISTO1D

# BEGIN HISTO1D //nfs/farm/g/theory/qcdsim/shoeche/runs/lhjets/jj/mcnlo/css-1em-2/run.yoda/LH2017_ZHSHAPES/psi_0.9_200
LineColor=blue
LineStyle=solid
Path=//nfs/farm/g/theory/qcdsim/shoeche/runs/lhjets/jj/mcnlo/css-1em-2/run.yoda/LH2017_ZHSHAPES/psi_0.9_200
Title=run
XLabel=
YLabel=
# xlow	 xhigh	 val	 errminus	 errplus
0.000000e+00	1.000000e-02	8.787944e-01	5.755762e-04	5.755762e-04
1.000000e-02	2.000000e-02	8.801009e-01	5.726181e-04	5.726181e-04
2.000000e-02	3.000000e-02	8.823175e-01	5.674509e-04	5.674509e-04
3.000000e-02	4.000000e-02	8.852384e-01	5.603438e-04	5.603438e-04
4.000000e-02	5.000000e-02	8.886618e-01	5.517462e-04	5.517462e-04
5.000000e-02	6.000000e-02	8.922503e-01	5.424193e-04	5.424193e-04
6.000000e-02	7.000000e-02	8.962033e-01	5.317455e-04	5.317455e-04
7.000000e-02	8.000000e-02	9.001928e-01	5.204730e-04	5.204730e-04
8.000000e-02	9.000000e-02	9.042070e-01	5.087376e-04	5.087376e-04
9.000000e-02	1.000000e-01	9.081456e-01	4.968589e-04	4.968589e-04
1.000000e-01	1.100000e-01	9.122252e-01	4.840039e-04	4.840039e-04
1.100000e-01	1.200000e-01	9.160827e-01	4.713126e-04	4.713126e-04
1.200000e-01	1.300000e-01	9.199108e-01	4.582427e-04	4.582427e-04
1.300000e-01	1.400000e-01	9.236133e-01	4.452343e-04	4.452343e-04
1.400000e-01	1.500000e-01	9.272481e-01	4.319270e-04	4.319270e-04
1.500000e-01	1.600000e-01	9.308090e-01	4.184421e-04	4.184421e-04
1.600000e-01	1.700000e-01	9.341850e-01	4.050991e-04	4.050991e-04
1.700000e-01	1.800000e-01	9.374421e-01	3.917481e-04	3.917481e-04
1.800000e-01	1.900000e-01	9.406992e-01	3.780140e-04	3.780140e-04
1.900000e-01	2.000000e-01	9.437731e-01	3.647037e-04	3.647037e-04
2.000000e-01	2.100000e-01	9.465559e-01	3.520735e-04	3.520735e-04
2.100000e-01	2.200000e-01	9.493856e-01	3.388135e-04	3.388135e-04
2.200000e-01	2.300000e-01	9.520651e-01	3.257260e-04	3.257260e-04
2.300000e-01	2.400000e-01	9.546390e-01	3.128437e-04	3.128437e-04
2.400000e-01	2.500000e-01	9.570759e-01	3.002810e-04	3.002810e-04
2.500000e-01	2.600000e-01	9.593910e-01	2.876916e-04	2.876916e-04
2.600000e-01	2.700000e-01	9.615284e-01	2.757319e-04	2.757319e-04
2.700000e-01	2.800000e-01	9.636850e-01	2.632228e-04	2.632228e-04
2.800000e-01	2.900000e-01	9.657497e-01	2.508942e-04	2.508942e-04
2.900000e-01	3.000000e-01	9.676433e-01	2.395917e-04	2.395917e-04
3.000000e-01	3.100000e-01	9.695442e-01	2.277731e-04	2.277731e-04
3.100000e-01	3.200000e-01	9.713075e-01	2.162497e-04	2.162497e-04
3.200000e-01	3.300000e-01	9.729520e-01	2.054629e-04	2.054629e-04
3.300000e-01	3.400000e-01	9.746871e-01	1.931207e-04	1.931207e-04
3.400000e-01	3.500000e-01	9.763159e-01	1.818320e-04	1.818320e-04
3.500000e-01	3.600000e-01	9.777286e-01	1.719543e-04	1.719543e-04
3.600000e-01	3.700000e-01	9.791534e-01	1.622652e-04	1.622652e-04
3.700000e-01	3.800000e-01	9.804484e-01	1.526145e-04	1.526145e-04
3.800000e-01	3.900000e-01	9.816834e-01	1.436874e-04	1.436874e-04
3.900000e-01	4.000000e-01	9.828463e-01	1.350821e-04	1.350821e-04
4.000000e-01	4.100000e-01	9.839156e-01	1.274785e-04	1.274785e-04
4.100000e-01	4.200000e-01	9.850035e-01	1.199545e-04	1.199545e-04
4.200000e-01	4.300000e-01	9.860746e-01	1.129168e-04	1.129168e-04
4.300000e-01	4.400000e-01	9.870280e-01	1.062672e-04	1.062672e-04
4.400000e-01	4.500000e-01	9.879256e-01	1.011008e-04	1.011008e-04
4.500000e-01	4.600000e-01	9.888460e-01	9.602776e-05	9.602776e-05
4.600000e-01	4.700000e-01	9.896553e-01	9.153621e-05	9.153621e-05
4.700000e-01	4.800000e-01	9.904274e-01	8.719509e-05	8.719509e-05
4.800000e-01	4.900000e-01	9.911785e-01	8.275494e-05	8.275494e-05
4.900000e-01	5.000000e-01	9.919158e-01	7.826277e-05	7.826277e-05
5.000000e-01	5.100000e-01	9.925792e-01	7.414649e-05	7.414649e-05
5.100000e-01	5.200000e-01	9.931964e-01	7.022128e-05	7.022128e-05
5.200000e-01	5.300000e-01	9.937920e-01	6.625080e-05	6.625080e-05
5.300000e-01	5.400000e-01	9.943816e-01	6.217266e-05	6.217266e-05
5.400000e-01	5.500000e-01	9.948847e-01	5.856802e-05	5.856802e-05
5.500000e-01	5.600000e-01	9.953584e-01	5.506170e-05	5.506170e-05
5.600000e-01	5.700000e-01	9.957955e-01	5.165632e-05	5.165632e-05
5.700000e-01	5.800000e-01	9.962200e-01	4.826619e-05	4.826619e-05
5.800000e-01	5.900000e-01	9.965898e-01	4.517638e-05	4.517638e-05
5.900000e-01	6.000000e-01	9.969536e-01	4.209236e-05	4.209236e-05
6.000000e-01	6.100000e-01	9.972977e-01	3.903700e-05	3.903700e-05
6.100000e-01	6.200000e-01	9.976105e-01	3.609472e-05	3.609472e-05
6.200000e-01	6.300000e-01	9.979022e-01	3.318788e-05	3.318788e-05
6.300000e-01	6.400000e-01	9.981472e-01	3.072146e-05	3.072146e-05
6.400000e-01	6.500000e-01	9.983766e-01	2.826174e-05	2.826174e-05
6.500000e-01	6.600000e-01	9.985897e-01	2.584798e-05	2.584798e-05
6.600000e-01	6.700000e-01	9.987740e-01	2.369161e-05	2.369161e-05
6.700000e-01	6.800000e-01	9.989511e-01	2.148674e-05	2.148674e-05
6.800000e-01	6.900000e-01	9.991168e-01	1.926525e-05	1.926525e-05
6.900000e-01	7.000000e-01	9.992543e-01	1.739928e-05	1.739928e-05
7.000000e-01	7.100000e-01	9.993810e-01	1.542391e-05	1.542391e-05
7.100000e-01	7.200000e-01	9.994921e-01	1.363766e-05	1.363766e-05
7.200000e-01	7.300000e-01	9.995893e-01	1.189262e-05	1.189262e-05
7.300000e-01	7.400000e-01	9.996764e-01	1.021154e-05	1.021154e-05
7.400000e-01	7.500000e-01	9.997436e-01	8.845712e-06	8.845712e-06
7.500000e-01	7.600000e-01	9.998037e-01	7.723493e-06	7.723493e-06
7.600000e-01	7.700000e-01	9.998487e-01	6.404858e-06	6.404858e-06
7.700000e-01	7.800000e-01	9.998901e-01	5.110069e-06	5.110069e-06
7.800000e-01	7.900000e-01	9.999207e-01	4.319640e-06	4.319640e-06
7.900000e-01	8.000000e-01	9.999448e-01	3.614649e-06	3.614649e-06
8.000000e-01	8.100000e-01	9.999640e-01	2.366350e-06	2.366350e-06
8.100000e-01	8.200000e-01	9.999784e-01	1.932437e-06	1.932437e-06
8.200000e-01	8.300000e-01	9.999874e-01	1.366524e-06	1.366524e-06
8.300000e-01	8.400000e-01	9.999934e-01	1.366656e-06	1.366656e-06
8.400000e-01	8.500000e-01	9.999970e-01	1.366695e-06	1.366695e-06
8.500000e-01	8.600000e-01	9.999988e-01	2.118016e-09	2.118016e-09
8.600000e-01	8.700000e-01	1.000000e+00	0.000000e+00	0.000000e+00
8.700000e-01	8.800000e-01	1.000000e+00	0.000000e+00	0.000000e+00
8.800000e-01	8.900000e-01	1.000000e+00	0.000000e+00	0.000000e+00
8.900000e-01	9.000000e-01	1.000000e+00	0.000000e+00	0.000000e+00
9.000000e-01	9.100000e-01	1.000000e+00	0.000000e+00	0.000000e+00
9.100000e-01	9.200000e-01	1.000000e+00	0.000000e+00	0.000000e+00
9.200000e-01	9.300000e-01	1.000000e+00	0.000000e+00	0.000000e+00
9.300000e-01	9.400000e-01	1.000000e+00	0.000000e+00	0.000000e+00
9.400000e-01	9.500000e-01	1.000000e+00	0.000000e+00	0.000000e+00
9.500000e-01	9.600000e-01	1.000000e+00	0.000000e+00	0.000000e+00
9.600000e-01	9.700000e-01	1.000000e+00	0.000000e+00	0.000000e+00
9.700000e-01	9.800000e-01	1.000000e+00	0.000000e+00	0.000000e+00
9.800000e-01	9.900000e-01	1.000000e+00	0.000000e+00	0.000000e+00
9.900000e-01	1.000000e+00	1.000000e+00	0.000000e+00	0.000000e+00
1.000000e+00	1.010000e+00	1.000000e+00	0.000000e+00	0.000000e+00
1.010000e+00	1.020000e+00	1.000000e+00	0.000000e+00	0.000000e+00
1.020000e+00	1.030000e+00	1.000000e+00	0.000000e+00	0.000000e+00
1.030000e+00	1.040000e+00	1.000000e+00	0.000000e+00	0.000000e+00
1.040000e+00	1.050000e+00	1.000000e+00	0.000000e+00	0.000000e+00
1.050000e+00	1.060000e+00	1.000000e+00	0.000000e+00	0.000000e+00
1.060000e+00	1.070000e+00	1.000000e+00	0.000000e+00	0.000000e+00
1.070000e+00	1.080000e+00	1.000000e+00	0.000000e+00	0.000000e+00
1.080000e+00	1.090000e+00	1.000000e+00	0.000000e+00	0.000000e+00
1.090000e+00	1.100000e+00	1.000000e+00	0.000000e+00	0.000000e+00
1.100000e+00	1.110000e+00	1.000000e+00	0.000000e+00	0.000000e+00
1.110000e+00	1.120000e+00	1.000000e+00	0.000000e+00	0.000000e+00
1.120000e+00	1.130000e+00	1.000000e+00	0.000000e+00	0.000000e+00
1.130000e+00	1.140000e+00	1.000000e+00	0.000000e+00	0.000000e+00
1.140000e+00	1.150000e+00	1.000000e+00	0.000000e+00	0.000000e+00
1.150000e+00	1.160000e+00	1.000000e+00	0.000000e+00	0.000000e+00
1.160000e+00	1.170000e+00	1.000000e+00	0.000000e+00	0.000000e+00
1.170000e+00	1.180000e+00	1.000000e+00	0.000000e+00	0.000000e+00
1.180000e+00	1.190000e+00	1.000000e+00	0.000000e+00	0.000000e+00
1.190000e+00	1.200000e+00	1.000000e+00	0.000000e+00	0.000000e+00
1.200000e+00	1.210000e+00	1.000000e+00	0.000000e+00	0.000000e+00
1.210000e+00	1.220000e+00	1.000000e+00	0.000000e+00	0.000000e+00
1.220000e+00	1.230000e+00	1.000000e+00	0.000000e+00	0.000000e+00
1.230000e+00	1.240000e+00	1.000000e+00	0.000000e+00	0.000000e+00
1.240000e+00	1.250000e+00	1.000000e+00	0.000000e+00	0.000000e+00
1.250000e+00	1.260000e+00	1.000000e+00	0.000000e+00	0.000000e+00
1.260000e+00	1.270000e+00	1.000000e+00	0.000000e+00	0.000000e+00
1.270000e+00	1.280000e+00	1.000000e+00	0.000000e+00	0.000000e+00
1.280000e+00	1.290000e+00	1.000000e+00	0.000000e+00	0.000000e+00
1.290000e+00	1.300000e+00	1.000000e+00	0.000000e+00	0.000000e+00
1.300000e+00	1.310000e+00	1.000000e+00	0.000000e+00	0.000000e+00
1.310000e+00	1.320000e+00	1.000000e+00	0.000000e+00	0.000000e+00
1.320000e+00	1.330000e+00	1.000000e+00	0.000000e+00	0.000000e+00
1.330000e+00	1.340000e+00	1.000000e+00	0.000000e+00	0.000000e+00
1.340000e+00	1.350000e+00	1.000000e+00	0.000000e+00	0.000000e+00
1.350000e+00	1.360000e+00	1.000000e+00	0.000000e+00	0.000000e+00
1.360000e+00	1.370000e+00	1.000000e+00	0.000000e+00	0.000000e+00
1.370000e+00	1.380000e+00	1.000000e+00	0.000000e+00	0.000000e+00
1.380000e+00	1.390000e+00	1.000000e+00	0.000000e+00	0.000000e+00
1.390000e+00	1.400000e+00	1.000000e+00	0.000000e+00	0.000000e+00
1.400000e+00	1.410000e+00	1.000000e+00	0.000000e+00	0.000000e+00
1.410000e+00	1.420000e+00	1.000000e+00	0.000000e+00	0.000000e+00
1.420000e+00	1.430000e+00	1.000000e+00	0.000000e+00	0.000000e+00
1.430000e+00	1.440000e+00	1.000000e+00	0.000000e+00	0.000000e+00
1.440000e+00	1.450000e+00	1.000000e+00	0.000000e+00	0.000000e+00
1.450000e+00	1.460000e+00	1.000000e+00	0.000000e+00	0.000000e+00
1.460000e+00	1.470000e+00	1.000000e+00	0.000000e+00	0.000000e+00
1.470000e+00	1.480000e+00	1.000000e+00	0.000000e+00	0.000000e+00
1.480000e+00	1.490000e+00	1.000000e+00	0.000000e+00	0.000000e+00
1.490000e+00	1.500000e+00	1.000000e+00	0.000000e+00	0.000000e+00
# END HISTO1D

# BEGIN HISTO1D //nfs/farm/g/theory/qcdsim/shoeche/runs/lhjets/jj/nlo/cs-2/run.yoda/LH2017_ZHSHAPES/psi_0.9_200
LineColor={[HTML]{2da334}}
LineStyle=solid
Path=//nfs/farm/g/theory/qcdsim/shoeche/runs/lhjets/jj/nlo/cs-2/run.yoda/LH2017_ZHSHAPES/psi_0.9_200
Title=NLO
XLabel=
YLabel=
# xlow	 xhigh	 val	 errminus	 errplus
0.000000e+00	1.000000e-02	7.533143e-02	3.741288e-01	3.741288e-01
1.000000e-02	2.000000e-02	3.440727e-01	1.618017e+00	1.618017e+00
2.000000e-02	3.000000e-02	4.794734e-01	1.725019e+00	1.725019e+00
3.000000e-02	4.000000e-02	5.654648e-01	1.718546e+00	1.718546e+00
4.000000e-02	5.000000e-02	6.292050e-01	1.664665e+00	1.664665e+00
5.000000e-02	6.000000e-02	6.742943e-01	1.602785e+00	1.602785e+00
6.000000e-02	7.000000e-02	7.101891e-01	1.537272e+00	1.537272e+00
7.000000e-02	8.000000e-02	7.408730e-01	1.466247e+00	1.466247e+00
8.000000e-02	9.000000e-02	7.660913e-01	1.402113e+00	1.402113e+00
9.000000e-02	1.000000e-01	7.870992e-01	1.341417e+00	1.341417e+00
1.000000e-01	1.100000e-01	8.047400e-01	1.281949e+00	1.281949e+00
1.100000e-01	1.200000e-01	8.204122e-01	1.224094e+00	1.224094e+00
1.200000e-01	1.300000e-01	8.340735e-01	1.170780e+00	1.170780e+00
1.300000e-01	1.400000e-01	8.457099e-01	1.120775e+00	1.120775e+00
1.400000e-01	1.500000e-01	8.564099e-01	1.072404e+00	1.072404e+00
1.500000e-01	1.600000e-01	8.662118e-01	1.024967e+00	1.024967e+00
1.600000e-01	1.700000e-01	8.750444e-01	9.793732e-01	9.793732e-01
1.700000e-01	1.800000e-01	8.829259e-01	9.378112e-01	9.378112e-01
1.800000e-01	1.900000e-01	8.902088e-01	8.972481e-01	8.972481e-01
1.900000e-01	2.000000e-01	8.968683e-01	8.572876e-01	8.572876e-01
2.000000e-01	2.100000e-01	9.029184e-01	8.210123e-01	8.210123e-01
2.100000e-01	2.200000e-01	9.084282e-01	7.851245e-01	7.851245e-01
2.200000e-01	2.300000e-01	9.136539e-01	7.507902e-01	7.507902e-01
2.300000e-01	2.400000e-01	9.182624e-01	7.188872e-01	7.188872e-01
2.400000e-01	2.500000e-01	9.227203e-01	6.875255e-01	6.875255e-01
2.500000e-01	2.600000e-01	9.269726e-01	6.568480e-01	6.568480e-01
2.600000e-01	2.700000e-01	9.309130e-01	6.268207e-01	6.268207e-01
2.700000e-01	2.800000e-01	9.344810e-01	5.978698e-01	5.978698e-01
2.800000e-01	2.900000e-01	9.379007e-01	5.698396e-01	5.698396e-01
2.900000e-01	3.000000e-01	9.411942e-01	5.434530e-01	5.434530e-01
3.000000e-01	3.100000e-01	9.442293e-01	5.173036e-01	5.173036e-01
3.100000e-01	3.200000e-01	9.471482e-01	4.906851e-01	4.906851e-01
3.200000e-01	3.300000e-01	9.498808e-01	4.674038e-01	4.674038e-01
3.300000e-01	3.400000e-01	9.524465e-01	4.438078e-01	4.438078e-01
3.400000e-01	3.500000e-01	9.549397e-01	4.208942e-01	4.208942e-01
3.500000e-01	3.600000e-01	9.572619e-01	3.998903e-01	3.998903e-01
3.600000e-01	3.700000e-01	9.594271e-01	3.790410e-01	3.790410e-01
3.700000e-01	3.800000e-01	9.615227e-01	3.585670e-01	3.585670e-01
3.800000e-01	3.900000e-01	9.635564e-01	3.396383e-01	3.396383e-01
3.900000e-01	4.000000e-01	9.655580e-01	3.219405e-01	3.219405e-01
4.000000e-01	4.100000e-01	9.675168e-01	3.037573e-01	3.037573e-01
4.100000e-01	4.200000e-01	9.692633e-01	2.881858e-01	2.881858e-01
4.200000e-01	4.300000e-01	9.708525e-01	2.750670e-01	2.750670e-01
4.300000e-01	4.400000e-01	9.724677e-01	2.627615e-01	2.627615e-01
4.400000e-01	4.500000e-01	9.739502e-01	2.524304e-01	2.524304e-01
4.500000e-01	4.600000e-01	9.754049e-01	2.426712e-01	2.426712e-01
4.600000e-01	4.700000e-01	9.768220e-01	2.330102e-01	2.330102e-01
4.700000e-01	4.800000e-01	9.781080e-01	2.236670e-01	2.236670e-01
4.800000e-01	4.900000e-01	9.793769e-01	2.144049e-01	2.144049e-01
4.900000e-01	5.000000e-01	9.805358e-01	2.055650e-01	2.055650e-01
5.000000e-01	5.100000e-01	9.816766e-01	1.969603e-01	1.969603e-01
5.100000e-01	5.200000e-01	9.827611e-01	1.885086e-01	1.885086e-01
5.200000e-01	5.300000e-01	9.838000e-01	1.802227e-01	1.802227e-01
5.300000e-01	5.400000e-01	9.847879e-01	1.723705e-01	1.723705e-01
5.400000e-01	5.500000e-01	9.857385e-01	1.647029e-01	1.647029e-01
5.500000e-01	5.600000e-01	9.866568e-01	1.570645e-01	1.570645e-01
5.600000e-01	5.700000e-01	9.874917e-01	1.500710e-01	1.500710e-01
5.700000e-01	5.800000e-01	9.883392e-01	1.426489e-01	1.426489e-01
5.800000e-01	5.900000e-01	9.891541e-01	1.352743e-01	1.352743e-01
5.900000e-01	6.000000e-01	9.898928e-01	1.286169e-01	1.286169e-01
6.000000e-01	6.100000e-01	9.906015e-01	1.220333e-01	1.220333e-01
6.100000e-01	6.200000e-01	9.912701e-01	1.158560e-01	1.158560e-01
6.200000e-01	6.300000e-01	9.919574e-01	1.095080e-01	1.095080e-01
6.300000e-01	6.400000e-01	9.925834e-01	1.033063e-01	1.033063e-01
6.400000e-01	6.500000e-01	9.931647e-01	9.734061e-02	9.734061e-02
6.500000e-01	6.600000e-01	9.937520e-01	9.113123e-02	9.113123e-02
6.600000e-01	6.700000e-01	9.942739e-01	8.562502e-02	8.562502e-02
6.700000e-01	6.800000e-01	9.947575e-01	8.029490e-02	8.029490e-02
6.800000e-01	6.900000e-01	9.952655e-01	7.452736e-02	7.452736e-02
6.900000e-01	7.000000e-01	9.957328e-01	6.900169e-02	6.900169e-02
7.000000e-01	7.100000e-01	9.961621e-01	6.387325e-02	6.387325e-02
7.100000e-01	7.200000e-01	9.965449e-01	5.914849e-02	5.914849e-02
7.200000e-01	7.300000e-01	9.969302e-01	5.414988e-02	5.414988e-02
7.300000e-01	7.400000e-01	9.972810e-01	4.949739e-02	4.949739e-02
7.400000e-01	7.500000e-01	9.976193e-01	4.492748e-02	4.492748e-02
7.500000e-01	7.600000e-01	9.979457e-01	4.023422e-02	4.023422e-02
7.600000e-01	7.700000e-01	9.982397e-01	3.600063e-02	3.600063e-02
7.700000e-01	7.800000e-01	9.985167e-01	3.179346e-02	3.179346e-02
7.800000e-01	7.900000e-01	9.987431e-01	2.799974e-02	2.799974e-02
7.900000e-01	8.000000e-01	9.989640e-01	2.417278e-02	2.417278e-02
8.000000e-01	8.100000e-01	9.991538e-01	2.075079e-02	2.075079e-02
8.100000e-01	8.200000e-01	9.993275e-01	1.744606e-02	1.744606e-02
8.200000e-01	8.300000e-01	9.994704e-01	1.450818e-02	1.450818e-02
8.300000e-01	8.400000e-01	9.996143e-01	1.163166e-02	1.163166e-02
8.400000e-01	8.500000e-01	9.997266e-01	8.723233e-03	8.723233e-03
8.500000e-01	8.600000e-01	9.998212e-01	6.554581e-03	6.554581e-03
8.600000e-01	8.700000e-01	9.998986e-01	4.376847e-03	4.376847e-03
8.700000e-01	8.800000e-01	9.999515e-01	3.102028e-03	3.102028e-03
8.800000e-01	8.900000e-01	9.999892e-01	1.553414e-03	1.553414e-03
8.900000e-01	9.000000e-01	1.000000e+00	0.000000e+00	0.000000e+00
9.000000e-01	9.100000e-01	1.000000e+00	0.000000e+00	0.000000e+00
9.100000e-01	9.200000e-01	1.000000e+00	0.000000e+00	0.000000e+00
9.200000e-01	9.300000e-01	1.000000e+00	0.000000e+00	0.000000e+00
9.300000e-01	9.400000e-01	1.000000e+00	0.000000e+00	0.000000e+00
9.400000e-01	9.500000e-01	1.000000e+00	0.000000e+00	0.000000e+00
9.500000e-01	9.600000e-01	1.000000e+00	0.000000e+00	0.000000e+00
9.600000e-01	9.700000e-01	1.000000e+00	0.000000e+00	0.000000e+00
9.700000e-01	9.800000e-01	1.000000e+00	0.000000e+00	0.000000e+00
9.800000e-01	9.900000e-01	1.000000e+00	0.000000e+00	0.000000e+00
9.900000e-01	1.000000e+00	1.000000e+00	0.000000e+00	0.000000e+00
1.000000e+00	1.010000e+00	1.000000e+00	0.000000e+00	0.000000e+00
1.010000e+00	1.020000e+00	1.000000e+00	0.000000e+00	0.000000e+00
1.020000e+00	1.030000e+00	1.000000e+00	0.000000e+00	0.000000e+00
1.030000e+00	1.040000e+00	1.000000e+00	0.000000e+00	0.000000e+00
1.040000e+00	1.050000e+00	1.000000e+00	0.000000e+00	0.000000e+00
1.050000e+00	1.060000e+00	1.000000e+00	0.000000e+00	0.000000e+00
1.060000e+00	1.070000e+00	1.000000e+00	0.000000e+00	0.000000e+00
1.070000e+00	1.080000e+00	1.000000e+00	0.000000e+00	0.000000e+00
1.080000e+00	1.090000e+00	1.000000e+00	0.000000e+00	0.000000e+00
1.090000e+00	1.100000e+00	1.000000e+00	0.000000e+00	0.000000e+00
1.100000e+00	1.110000e+00	1.000000e+00	0.000000e+00	0.000000e+00
1.110000e+00	1.120000e+00	1.000000e+00	0.000000e+00	0.000000e+00
1.120000e+00	1.130000e+00	1.000000e+00	0.000000e+00	0.000000e+00
1.130000e+00	1.140000e+00	1.000000e+00	0.000000e+00	0.000000e+00
1.140000e+00	1.150000e+00	1.000000e+00	0.000000e+00	0.000000e+00
1.150000e+00	1.160000e+00	1.000000e+00	0.000000e+00	0.000000e+00
1.160000e+00	1.170000e+00	1.000000e+00	0.000000e+00	0.000000e+00
1.170000e+00	1.180000e+00	1.000000e+00	0.000000e+00	0.000000e+00
1.180000e+00	1.190000e+00	1.000000e+00	0.000000e+00	0.000000e+00
1.190000e+00	1.200000e+00	1.000000e+00	0.000000e+00	0.000000e+00
1.200000e+00	1.210000e+00	1.000000e+00	0.000000e+00	0.000000e+00
1.210000e+00	1.220000e+00	1.000000e+00	0.000000e+00	0.000000e+00
1.220000e+00	1.230000e+00	1.000000e+00	0.000000e+00	0.000000e+00
1.230000e+00	1.240000e+00	1.000000e+00	0.000000e+00	0.000000e+00
1.240000e+00	1.250000e+00	1.000000e+00	0.000000e+00	0.000000e+00
1.250000e+00	1.260000e+00	1.000000e+00	0.000000e+00	0.000000e+00
1.260000e+00	1.270000e+00	1.000000e+00	0.000000e+00	0.000000e+00
1.270000e+00	1.280000e+00	1.000000e+00	0.000000e+00	0.000000e+00
1.280000e+00	1.290000e+00	1.000000e+00	0.000000e+00	0.000000e+00
1.290000e+00	1.300000e+00	1.000000e+00	0.000000e+00	0.000000e+00
1.300000e+00	1.310000e+00	1.000000e+00	0.000000e+00	0.000000e+00
1.310000e+00	1.320000e+00	1.000000e+00	0.000000e+00	0.000000e+00
1.320000e+00	1.330000e+00	1.000000e+00	0.000000e+00	0.000000e+00
1.330000e+00	1.340000e+00	1.000000e+00	0.000000e+00	0.000000e+00
1.340000e+00	1.350000e+00	1.000000e+00	0.000000e+00	0.000000e+00
1.350000e+00	1.360000e+00	1.000000e+00	0.000000e+00	0.000000e+00
1.360000e+00	1.370000e+00	1.000000e+00	0.000000e+00	0.000000e+00
1.370000e+00	1.380000e+00	1.000000e+00	0.000000e+00	0.000000e+00
1.380000e+00	1.390000e+00	1.000000e+00	0.000000e+00	0.000000e+00
1.390000e+00	1.400000e+00	1.000000e+00	0.000000e+00	0.000000e+00
1.400000e+00	1.410000e+00	1.000000e+00	0.000000e+00	0.000000e+00
1.410000e+00	1.420000e+00	1.000000e+00	0.000000e+00	0.000000e+00
1.420000e+00	1.430000e+00	1.000000e+00	0.000000e+00	0.000000e+00
1.430000e+00	1.440000e+00	1.000000e+00	0.000000e+00	0.000000e+00
1.440000e+00	1.450000e+00	1.000000e+00	0.000000e+00	0.000000e+00
1.450000e+00	1.460000e+00	1.000000e+00	0.000000e+00	0.000000e+00
1.460000e+00	1.470000e+00	1.000000e+00	0.000000e+00	0.000000e+00
1.470000e+00	1.480000e+00	1.000000e+00	0.000000e+00	0.000000e+00
1.480000e+00	1.490000e+00	1.000000e+00	0.000000e+00	0.000000e+00
1.490000e+00	1.500000e+00	1.000000e+00	0.000000e+00	0.000000e+00
# END HISTO1D

