# BEGIN PLOT
XTwosidedTicks=1
DrawOnly=//nfs/farm/g/theory/qcdsim/shoeche/runs/lhjets/jj/mcnlo/css-2/run.yoda/LH2017_ZHSHAPES/psi_0.9_100 //nfs/farm/g/theory/qcdsim/shoeche/runs/lhjets/jj/mcnlo/css-1em-2/run.yoda/LH2017_ZHSHAPES/psi_0.9_100 //nfs/farm/g/theory/qcdsim/shoeche/runs/lhjets/jj/nlo/cs-2/run.yoda/LH2017_ZHSHAPES/psi_0.9_100
RatioPlotReference=//nfs/farm/g/theory/qcdsim/shoeche/runs/lhjets/jj/nlo/cs-2/run.yoda/LH2017_ZHSHAPES/psi_0.9_100
XTwosidedTicks=1
YTwosidedTicks=1
TopMargin=0.0
RatioPlot=1
BottomMargin=0.0
MainPlot=0
RatioPlotYSize=2.5
XMax=0.9
DrawSpecialInRatio=1
LegendXPos=0.35
LegendYPos=0.8
LogY=1
RatioPlotYLabel=
LegendOnly=//nfs/farm/g/theory/qcdsim/shoeche/runs/lhjets/jj/mcnlo/css-2/run.yoda/LH2017_ZHSHAPES/psi_0.9_100 //nfs/farm/g/theory/qcdsim/shoeche/runs/lhjets/jj/mcnlo/css-1em-2/run.yoda/LH2017_ZHSHAPES/psi_0.9_100 //nfs/farm/g/theory/qcdsim/shoeche/runs/lhjets/jj/nlo/cs-2/run.yoda/LH2017_ZHSHAPES/psi_0.9_100
RatioPlotSameStyle=1
YTwosidedTicks=1
Legend=0
# END PLOT
# BEGIN SPECIAL text
\rput[br](0.95,0.2){$k_T>100GeV$}
# END SPECIAL

# BEGIN HISTO1D //nfs/farm/g/theory/qcdsim/shoeche/runs/lhjets/jj/mcnlo/css-2/run.yoda/LH2017_ZHSHAPES/psi_0.9_100
LineColor=red
LineStyle=solid
Path=//nfs/farm/g/theory/qcdsim/shoeche/runs/lhjets/jj/mcnlo/css-2/run.yoda/LH2017_ZHSHAPES/psi_0.9_100
Title=run
XLabel=
YLabel=
# xlow	 xhigh	 val	 errminus	 errplus
0.000000e+00	1.000000e-02	8.103097e-02	2.910828e-04	2.910828e-04
1.000000e-02	2.000000e-02	1.561462e-01	3.713957e-04	3.713957e-04
2.000000e-02	3.000000e-02	2.328253e-01	4.189695e-04	4.189695e-04
3.000000e-02	4.000000e-02	2.988637e-01	4.427692e-04	4.427692e-04
4.000000e-02	5.000000e-02	3.572118e-01	4.539286e-04	4.539286e-04
5.000000e-02	6.000000e-02	4.079898e-01	4.569951e-04	4.569951e-04
6.000000e-02	7.000000e-02	4.521929e-01	4.549878e-04	4.549878e-04
7.000000e-02	8.000000e-02	4.913250e-01	4.497852e-04	4.497852e-04
8.000000e-02	9.000000e-02	5.261614e-01	4.422541e-04	4.422541e-04
9.000000e-02	1.000000e-01	5.574487e-01	4.332873e-04	4.332873e-04
1.000000e-01	1.100000e-01	5.856444e-01	4.232120e-04	4.232120e-04
1.100000e-01	1.200000e-01	6.110982e-01	4.125850e-04	4.125850e-04
1.200000e-01	1.300000e-01	6.344230e-01	4.014422e-04	4.014422e-04
1.300000e-01	1.400000e-01	6.555862e-01	3.900919e-04	3.900919e-04
1.400000e-01	1.500000e-01	6.750693e-01	3.786985e-04	3.786985e-04
1.500000e-01	1.600000e-01	6.928590e-01	3.672530e-04	3.672530e-04
1.600000e-01	1.700000e-01	7.094593e-01	3.557759e-04	3.557759e-04
1.700000e-01	1.800000e-01	7.249154e-01	3.442132e-04	3.442132e-04
1.800000e-01	1.900000e-01	7.389837e-01	3.331800e-04	3.331800e-04
1.900000e-01	2.000000e-01	7.521605e-01	3.221527e-04	3.221527e-04
2.000000e-01	2.100000e-01	7.645549e-01	3.111542e-04	3.111542e-04
2.100000e-01	2.200000e-01	7.760943e-01	3.004134e-04	3.004134e-04
2.200000e-01	2.300000e-01	7.869380e-01	2.898025e-04	2.898025e-04
2.300000e-01	2.400000e-01	7.971080e-01	2.794659e-04	2.794659e-04
2.400000e-01	2.500000e-01	8.066604e-01	2.693969e-04	2.693969e-04
2.500000e-01	2.600000e-01	8.156312e-01	2.597224e-04	2.597224e-04
2.600000e-01	2.700000e-01	8.243116e-01	2.498334e-04	2.498334e-04
2.700000e-01	2.800000e-01	8.323932e-01	2.404201e-04	2.404201e-04
2.800000e-01	2.900000e-01	8.400691e-01	2.310857e-04	2.310857e-04
2.900000e-01	3.000000e-01	8.472555e-01	2.223016e-04	2.223016e-04
3.000000e-01	3.100000e-01	8.541423e-01	2.135398e-04	2.135398e-04
3.100000e-01	3.200000e-01	8.607160e-01	2.050933e-04	2.050933e-04
3.200000e-01	3.300000e-01	8.669596e-01	1.968104e-04	1.968104e-04
3.300000e-01	3.400000e-01	8.728968e-01	1.888665e-04	1.888665e-04
3.400000e-01	3.500000e-01	8.786308e-01	1.809559e-04	1.809559e-04
3.500000e-01	3.600000e-01	8.841470e-01	1.732374e-04	1.732374e-04
3.600000e-01	3.700000e-01	8.893812e-01	1.658432e-04	1.658432e-04
3.700000e-01	3.800000e-01	8.942852e-01	1.589909e-04	1.589909e-04
3.800000e-01	3.900000e-01	8.989867e-01	1.523769e-04	1.523769e-04
3.900000e-01	4.000000e-01	9.035026e-01	1.461383e-04	1.461383e-04
4.000000e-01	4.100000e-01	9.078330e-01	1.399128e-04	1.399128e-04
4.100000e-01	4.200000e-01	9.120090e-01	1.340848e-04	1.340848e-04
4.200000e-01	4.300000e-01	9.160306e-01	1.285241e-04	1.285241e-04
4.300000e-01	4.400000e-01	9.198643e-01	1.233511e-04	1.233511e-04
4.400000e-01	4.500000e-01	9.235551e-01	1.185683e-04	1.185683e-04
4.500000e-01	4.600000e-01	9.271209e-01	1.138275e-04	1.138275e-04
4.600000e-01	4.700000e-01	9.305603e-01	1.093359e-04	1.093359e-04
4.700000e-01	4.800000e-01	9.338484e-01	1.050621e-04	1.050621e-04
4.800000e-01	4.900000e-01	9.370108e-01	1.010924e-04	1.010924e-04
4.900000e-01	5.000000e-01	9.401036e-01	9.709097e-05	9.709097e-05
5.000000e-01	5.100000e-01	9.429651e-01	9.344228e-05	9.344228e-05
5.100000e-01	5.200000e-01	9.458058e-01	8.980235e-05	8.980235e-05
5.200000e-01	5.300000e-01	9.485691e-01	8.621912e-05	8.621912e-05
5.300000e-01	5.400000e-01	9.512457e-01	8.271166e-05	8.271166e-05
5.400000e-01	5.500000e-01	9.537850e-01	7.944060e-05	7.944060e-05
5.500000e-01	5.600000e-01	9.562889e-01	7.611466e-05	7.611466e-05
5.600000e-01	5.700000e-01	9.586658e-01	7.297017e-05	7.297017e-05
5.700000e-01	5.800000e-01	9.609555e-01	6.989565e-05	6.989565e-05
5.800000e-01	5.900000e-01	9.631940e-01	6.690246e-05	6.690246e-05
5.900000e-01	6.000000e-01	9.653830e-01	6.390079e-05	6.390079e-05
6.000000e-01	6.100000e-01	9.674969e-01	6.100563e-05	6.100563e-05
6.100000e-01	6.200000e-01	9.695389e-01	5.814385e-05	5.814385e-05
6.200000e-01	6.300000e-01	9.715222e-01	5.528553e-05	5.528553e-05
6.300000e-01	6.400000e-01	9.734403e-01	5.250495e-05	5.250495e-05
6.400000e-01	6.500000e-01	9.752729e-01	4.982691e-05	4.982691e-05
6.500000e-01	6.600000e-01	9.770805e-01	4.712974e-05	4.712974e-05
6.600000e-01	6.700000e-01	9.788124e-01	4.452477e-05	4.452477e-05
6.700000e-01	6.800000e-01	9.804113e-01	4.224314e-05	4.224314e-05
6.800000e-01	6.900000e-01	9.820309e-01	3.970060e-05	3.970060e-05
6.900000e-01	7.000000e-01	9.835767e-01	3.723483e-05	3.723483e-05
7.000000e-01	7.100000e-01	9.850584e-01	3.477373e-05	3.477373e-05
7.100000e-01	7.200000e-01	9.864748e-01	3.243019e-05	3.243019e-05
7.200000e-01	7.300000e-01	9.878296e-01	3.011078e-05	3.011078e-05
7.300000e-01	7.400000e-01	9.891252e-01	2.785981e-05	2.785981e-05
7.400000e-01	7.500000e-01	9.903792e-01	2.555677e-05	2.555677e-05
7.500000e-01	7.600000e-01	9.915442e-01	2.339375e-05	2.339375e-05
7.600000e-01	7.700000e-01	9.926482e-01	2.127070e-05	2.127070e-05
7.700000e-01	7.800000e-01	9.936978e-01	1.912060e-05	1.912060e-05
7.800000e-01	7.900000e-01	9.946718e-01	1.708796e-05	1.708796e-05
7.900000e-01	8.000000e-01	9.955829e-01	1.507261e-05	1.507261e-05
8.000000e-01	8.100000e-01	9.964251e-01	1.306830e-05	1.306830e-05
8.100000e-01	8.200000e-01	9.971647e-01	1.125365e-05	1.125365e-05
8.200000e-01	8.300000e-01	9.978403e-01	9.430160e-06	9.430160e-06
8.300000e-01	8.400000e-01	9.984292e-01	7.749601e-06	7.749601e-06
8.400000e-01	8.500000e-01	9.989235e-01	6.178888e-06	6.178888e-06
8.500000e-01	8.600000e-01	9.993226e-01	4.861151e-06	4.861151e-06
8.600000e-01	8.700000e-01	9.996100e-01	3.606585e-06	3.606585e-06
8.700000e-01	8.800000e-01	9.997882e-01	2.829619e-06	2.829619e-06
8.800000e-01	8.900000e-01	9.998657e-01	2.702992e-06	2.702992e-06
8.900000e-01	9.000000e-01	9.998841e-01	2.417872e-06	2.417872e-06
9.000000e-01	9.100000e-01	9.999017e-01	2.262272e-06	2.262272e-06
9.100000e-01	9.200000e-01	9.999146e-01	2.094736e-06	2.094736e-06
9.200000e-01	9.300000e-01	9.999262e-01	1.710139e-06	1.710139e-06
9.300000e-01	9.400000e-01	9.999378e-01	1.710693e-06	1.710693e-06
9.400000e-01	9.500000e-01	9.999457e-01	1.711017e-06	1.711017e-06
9.500000e-01	9.600000e-01	9.999530e-01	1.209508e-06	1.209508e-06
9.600000e-01	9.700000e-01	9.999597e-01	1.482024e-06	1.482024e-06
9.700000e-01	9.800000e-01	9.999658e-01	1.210024e-06	1.210024e-06
9.800000e-01	9.900000e-01	9.999707e-01	1.210178e-06	1.210178e-06
9.900000e-01	1.000000e+00	9.999756e-01	8.556081e-07	8.556081e-07
1.000000e+00	1.010000e+00	9.999805e-01	2.139905e-08	2.139905e-08
1.010000e+00	1.020000e+00	9.999835e-01	8.558357e-07	8.558357e-07
1.020000e+00	1.030000e+00	9.999860e-01	1.210506e-06	1.210506e-06
1.030000e+00	1.040000e+00	9.999878e-01	1.210530e-06	1.210530e-06
1.040000e+00	1.050000e+00	9.999896e-01	8.559507e-07	8.559507e-07
1.050000e+00	1.060000e+00	9.999915e-01	1.210568e-06	1.210568e-06
1.060000e+00	1.070000e+00	9.999939e-01	6.687210e-09	6.687210e-09
1.070000e+00	1.080000e+00	9.999951e-01	5.349744e-09	5.349744e-09
1.080000e+00	1.090000e+00	9.999957e-01	8.560133e-07	8.560133e-07
1.090000e+00	1.100000e+00	9.999969e-01	3.343605e-09	3.343605e-09
1.100000e+00	1.110000e+00	9.999976e-01	8.560220e-07	8.560220e-07
1.110000e+00	1.120000e+00	9.999982e-01	8.560238e-07	8.560238e-07
1.120000e+00	1.130000e+00	9.999988e-01	1.337401e-09	1.337401e-09
1.130000e+00	1.140000e+00	9.999994e-01	6.686533e-10	6.686533e-10
1.140000e+00	1.150000e+00	9.999994e-01	8.560259e-07	8.560259e-07
1.150000e+00	1.160000e+00	9.999994e-01	8.560259e-07	8.560259e-07
1.160000e+00	1.170000e+00	1.000000e+00	0.000000e+00	0.000000e+00
1.170000e+00	1.180000e+00	1.000000e+00	0.000000e+00	0.000000e+00
1.180000e+00	1.190000e+00	9.999994e-01	8.560259e-07	8.560259e-07
1.190000e+00	1.200000e+00	9.999994e-01	8.560259e-07	8.560259e-07
1.200000e+00	1.210000e+00	9.999994e-01	8.560259e-07	8.560259e-07
1.210000e+00	1.220000e+00	9.999994e-01	8.560259e-07	8.560259e-07
1.220000e+00	1.230000e+00	1.000000e+00	8.560261e-07	8.560261e-07
1.230000e+00	1.240000e+00	1.000000e+00	0.000000e+00	0.000000e+00
1.240000e+00	1.250000e+00	1.000000e+00	0.000000e+00	0.000000e+00
1.250000e+00	1.260000e+00	1.000000e+00	0.000000e+00	0.000000e+00
1.260000e+00	1.270000e+00	1.000000e+00	0.000000e+00	0.000000e+00
1.270000e+00	1.280000e+00	1.000000e+00	0.000000e+00	0.000000e+00
1.280000e+00	1.290000e+00	1.000000e+00	0.000000e+00	0.000000e+00
1.290000e+00	1.300000e+00	1.000000e+00	0.000000e+00	0.000000e+00
1.300000e+00	1.310000e+00	1.000000e+00	0.000000e+00	0.000000e+00
1.310000e+00	1.320000e+00	1.000000e+00	0.000000e+00	0.000000e+00
1.320000e+00	1.330000e+00	1.000000e+00	0.000000e+00	0.000000e+00
1.330000e+00	1.340000e+00	1.000000e+00	0.000000e+00	0.000000e+00
1.340000e+00	1.350000e+00	1.000000e+00	0.000000e+00	0.000000e+00
1.350000e+00	1.360000e+00	1.000000e+00	0.000000e+00	0.000000e+00
1.360000e+00	1.370000e+00	1.000000e+00	0.000000e+00	0.000000e+00
1.370000e+00	1.380000e+00	1.000000e+00	0.000000e+00	0.000000e+00
1.380000e+00	1.390000e+00	1.000000e+00	0.000000e+00	0.000000e+00
1.390000e+00	1.400000e+00	1.000000e+00	0.000000e+00	0.000000e+00
1.400000e+00	1.410000e+00	1.000000e+00	0.000000e+00	0.000000e+00
1.410000e+00	1.420000e+00	1.000000e+00	0.000000e+00	0.000000e+00
1.420000e+00	1.430000e+00	1.000000e+00	0.000000e+00	0.000000e+00
1.430000e+00	1.440000e+00	1.000000e+00	0.000000e+00	0.000000e+00
1.440000e+00	1.450000e+00	1.000000e+00	0.000000e+00	0.000000e+00
1.450000e+00	1.460000e+00	1.000000e+00	0.000000e+00	0.000000e+00
1.460000e+00	1.470000e+00	1.000000e+00	0.000000e+00	0.000000e+00
1.470000e+00	1.480000e+00	1.000000e+00	0.000000e+00	0.000000e+00
1.480000e+00	1.490000e+00	1.000000e+00	0.000000e+00	0.000000e+00
1.490000e+00	1.500000e+00	1.000000e+00	0.000000e+00	0.000000e+00
# END HISTO1D

# BEGIN HISTO1D //nfs/farm/g/theory/qcdsim/shoeche/runs/lhjets/jj/mcnlo/css-1em-2/run.yoda/LH2017_ZHSHAPES/psi_0.9_100
LineColor=blue
LineStyle=solid
Path=//nfs/farm/g/theory/qcdsim/shoeche/runs/lhjets/jj/mcnlo/css-1em-2/run.yoda/LH2017_ZHSHAPES/psi_0.9_100
Title=run
XLabel=
YLabel=
# xlow	 xhigh	 val	 errminus	 errplus
0.000000e+00	1.000000e-02	9.026275e-01	5.247558e-04	5.247558e-04
1.000000e-02	2.000000e-02	9.032007e-01	5.232036e-04	5.232036e-04
2.000000e-02	3.000000e-02	9.045067e-01	5.196000e-04	5.196000e-04
3.000000e-02	4.000000e-02	9.061704e-01	5.149320e-04	5.149320e-04
4.000000e-02	5.000000e-02	9.082020e-01	5.090768e-04	5.090768e-04
5.000000e-02	6.000000e-02	9.104408e-01	5.025253e-04	5.025253e-04
6.000000e-02	7.000000e-02	9.129905e-01	4.947558e-04	4.947558e-04
7.000000e-02	8.000000e-02	9.157466e-01	4.859911e-04	4.859911e-04
8.000000e-02	9.000000e-02	9.186972e-01	4.763610e-04	4.763610e-04
9.000000e-02	1.000000e-01	9.215221e-01	4.668354e-04	4.668354e-04
1.000000e-01	1.100000e-01	9.245542e-01	4.563819e-04	4.563819e-04
1.100000e-01	1.200000e-01	9.275523e-01	4.455588e-04	4.455588e-04
1.200000e-01	1.300000e-01	9.304644e-01	4.348028e-04	4.348028e-04
1.300000e-01	1.400000e-01	9.332084e-01	4.242632e-04	4.242632e-04
1.400000e-01	1.500000e-01	9.361377e-01	4.127285e-04	4.127285e-04
1.500000e-01	1.600000e-01	9.389811e-01	4.010524e-04	4.010524e-04
1.600000e-01	1.700000e-01	9.418256e-01	3.890282e-04	3.890282e-04
1.700000e-01	1.800000e-01	9.445098e-01	3.773207e-04	3.773207e-04
1.800000e-01	1.900000e-01	9.472114e-01	3.652432e-04	3.652432e-04
1.900000e-01	2.000000e-01	9.497633e-01	3.531158e-04	3.531158e-04
2.000000e-01	2.100000e-01	9.521821e-01	3.415506e-04	3.415506e-04
2.100000e-01	2.200000e-01	9.546552e-01	3.292150e-04	3.292150e-04
2.200000e-01	2.300000e-01	9.569993e-01	3.168490e-04	3.168490e-04
2.300000e-01	2.400000e-01	9.591120e-01	3.059535e-04	3.059535e-04
2.400000e-01	2.500000e-01	9.612498e-01	2.939634e-04	2.939634e-04
2.500000e-01	2.600000e-01	9.633502e-01	2.821510e-04	2.821510e-04
2.600000e-01	2.700000e-01	9.653545e-01	2.701819e-04	2.701819e-04
2.700000e-01	2.800000e-01	9.673271e-01	2.579391e-04	2.579391e-04
2.800000e-01	2.900000e-01	9.693343e-01	2.455263e-04	2.455263e-04
2.900000e-01	3.000000e-01	9.711595e-01	2.334942e-04	2.334942e-04
3.000000e-01	3.100000e-01	9.728704e-01	2.217344e-04	2.217344e-04
3.100000e-01	3.200000e-01	9.745274e-01	2.101548e-04	2.101548e-04
3.200000e-01	3.300000e-01	9.760483e-01	1.995158e-04	1.995158e-04
3.300000e-01	3.400000e-01	9.775345e-01	1.884517e-04	1.884517e-04
3.400000e-01	3.500000e-01	9.788874e-01	1.786210e-04	1.786210e-04
3.500000e-01	3.600000e-01	9.802594e-01	1.678152e-04	1.678152e-04
3.600000e-01	3.700000e-01	9.816606e-01	1.564115e-04	1.564115e-04
3.700000e-01	3.800000e-01	9.828529e-01	1.467991e-04	1.467991e-04
3.800000e-01	3.900000e-01	9.840185e-01	1.377335e-04	1.377335e-04
3.900000e-01	4.000000e-01	9.850622e-01	1.291512e-04	1.291512e-04
4.000000e-01	4.100000e-01	9.860793e-01	1.209957e-04	1.209957e-04
4.100000e-01	4.200000e-01	9.871118e-01	1.132911e-04	1.132911e-04
4.200000e-01	4.300000e-01	9.879711e-01	1.071202e-04	1.071202e-04
4.300000e-01	4.400000e-01	9.888281e-01	1.012844e-04	1.012844e-04
4.400000e-01	4.500000e-01	9.896587e-01	9.616226e-05	9.616226e-05
4.500000e-01	4.600000e-01	9.905011e-01	9.116209e-05	9.116209e-05
4.600000e-01	4.700000e-01	9.911986e-01	8.697057e-05	8.697057e-05
4.700000e-01	4.800000e-01	9.919447e-01	8.226402e-05	8.226402e-05
4.800000e-01	4.900000e-01	9.926281e-01	7.782031e-05	7.782031e-05
4.900000e-01	5.000000e-01	9.932580e-01	7.360543e-05	7.360543e-05
5.000000e-01	5.100000e-01	9.938274e-01	6.971413e-05	6.971413e-05
5.100000e-01	5.200000e-01	9.943910e-01	6.561554e-05	6.561554e-05
5.200000e-01	5.300000e-01	9.949431e-01	6.145358e-05	6.145358e-05
5.300000e-01	5.400000e-01	9.954468e-01	5.751311e-05	5.751311e-05
5.400000e-01	5.500000e-01	9.959051e-01	5.378231e-05	5.378231e-05
5.500000e-01	5.600000e-01	9.963122e-01	5.036290e-05	5.036290e-05
5.600000e-01	5.700000e-01	9.966837e-01	4.711566e-05	4.711566e-05
5.700000e-01	5.800000e-01	9.970457e-01	4.382678e-05	4.382678e-05
5.800000e-01	5.900000e-01	9.973734e-01	4.067706e-05	4.067706e-05
5.900000e-01	6.000000e-01	9.976747e-01	3.768237e-05	3.768237e-05
6.000000e-01	6.100000e-01	9.979504e-01	3.477127e-05	3.477127e-05
6.100000e-01	6.200000e-01	9.981886e-01	3.217234e-05	3.217234e-05
6.200000e-01	6.300000e-01	9.984062e-01	2.972198e-05	2.972198e-05
6.300000e-01	6.400000e-01	9.986067e-01	2.734969e-05	2.734969e-05
6.400000e-01	6.500000e-01	9.988007e-01	2.490450e-05	2.490450e-05
6.500000e-01	6.600000e-01	9.989644e-01	2.276906e-05	2.276906e-05
6.600000e-01	6.700000e-01	9.991194e-01	2.062062e-05	2.062062e-05
6.700000e-01	6.800000e-01	9.992573e-01	1.857307e-05	1.857307e-05
6.800000e-01	6.900000e-01	9.993842e-01	1.650654e-05	1.650654e-05
6.900000e-01	7.000000e-01	9.994842e-01	1.483325e-05	1.483325e-05
7.000000e-01	7.100000e-01	9.995737e-01	1.321114e-05	1.321114e-05
7.100000e-01	7.200000e-01	9.996549e-01	1.162472e-05	1.162472e-05
7.200000e-01	7.300000e-01	9.997268e-01	1.004771e-05	1.004771e-05
7.300000e-01	7.400000e-01	9.997874e-01	8.589031e-06	8.589031e-06
7.400000e-01	7.500000e-01	9.998335e-01	7.498521e-06	7.498521e-06
7.500000e-01	7.600000e-01	9.998717e-01	6.358033e-06	6.358033e-06
7.600000e-01	7.700000e-01	9.999051e-01	5.303689e-06	5.303689e-06
7.700000e-01	7.800000e-01	9.999320e-01	4.193313e-06	4.193313e-06
7.800000e-01	7.900000e-01	9.999534e-01	3.381141e-06	3.381141e-06
7.900000e-01	8.000000e-01	9.999691e-01	2.652611e-06	2.652611e-06
8.000000e-01	8.100000e-01	9.999803e-01	2.097230e-06	2.097230e-06
8.100000e-01	8.200000e-01	9.999885e-01	1.624603e-06	1.624603e-06
8.200000e-01	8.300000e-01	9.999947e-01	9.379914e-07	9.379914e-07
8.300000e-01	8.400000e-01	9.999975e-01	9.380283e-07	9.380283e-07
8.400000e-01	8.500000e-01	9.999992e-01	9.380378e-07	9.380378e-07
8.500000e-01	8.600000e-01	1.000000e+00	9.380391e-07	9.380391e-07
8.600000e-01	8.700000e-01	1.000000e+00	9.380391e-07	9.380391e-07
8.700000e-01	8.800000e-01	1.000000e+00	9.380390e-07	9.380390e-07
8.800000e-01	8.900000e-01	1.000000e+00	0.000000e+00	0.000000e+00
8.900000e-01	9.000000e-01	1.000000e+00	0.000000e+00	0.000000e+00
9.000000e-01	9.100000e-01	1.000000e+00	0.000000e+00	0.000000e+00
9.100000e-01	9.200000e-01	1.000000e+00	0.000000e+00	0.000000e+00
9.200000e-01	9.300000e-01	1.000000e+00	0.000000e+00	0.000000e+00
9.300000e-01	9.400000e-01	1.000000e+00	0.000000e+00	0.000000e+00
9.400000e-01	9.500000e-01	1.000000e+00	0.000000e+00	0.000000e+00
9.500000e-01	9.600000e-01	1.000000e+00	0.000000e+00	0.000000e+00
9.600000e-01	9.700000e-01	1.000000e+00	0.000000e+00	0.000000e+00
9.700000e-01	9.800000e-01	1.000000e+00	0.000000e+00	0.000000e+00
9.800000e-01	9.900000e-01	1.000000e+00	0.000000e+00	0.000000e+00
9.900000e-01	1.000000e+00	1.000000e+00	0.000000e+00	0.000000e+00
1.000000e+00	1.010000e+00	1.000000e+00	0.000000e+00	0.000000e+00
1.010000e+00	1.020000e+00	1.000000e+00	0.000000e+00	0.000000e+00
1.020000e+00	1.030000e+00	1.000000e+00	0.000000e+00	0.000000e+00
1.030000e+00	1.040000e+00	1.000000e+00	0.000000e+00	0.000000e+00
1.040000e+00	1.050000e+00	1.000000e+00	0.000000e+00	0.000000e+00
1.050000e+00	1.060000e+00	1.000000e+00	0.000000e+00	0.000000e+00
1.060000e+00	1.070000e+00	1.000000e+00	0.000000e+00	0.000000e+00
1.070000e+00	1.080000e+00	1.000000e+00	0.000000e+00	0.000000e+00
1.080000e+00	1.090000e+00	1.000000e+00	0.000000e+00	0.000000e+00
1.090000e+00	1.100000e+00	1.000000e+00	0.000000e+00	0.000000e+00
1.100000e+00	1.110000e+00	1.000000e+00	0.000000e+00	0.000000e+00
1.110000e+00	1.120000e+00	1.000000e+00	0.000000e+00	0.000000e+00
1.120000e+00	1.130000e+00	1.000000e+00	0.000000e+00	0.000000e+00
1.130000e+00	1.140000e+00	1.000000e+00	0.000000e+00	0.000000e+00
1.140000e+00	1.150000e+00	1.000000e+00	0.000000e+00	0.000000e+00
1.150000e+00	1.160000e+00	1.000000e+00	0.000000e+00	0.000000e+00
1.160000e+00	1.170000e+00	1.000000e+00	0.000000e+00	0.000000e+00
1.170000e+00	1.180000e+00	1.000000e+00	0.000000e+00	0.000000e+00
1.180000e+00	1.190000e+00	1.000000e+00	0.000000e+00	0.000000e+00
1.190000e+00	1.200000e+00	1.000000e+00	0.000000e+00	0.000000e+00
1.200000e+00	1.210000e+00	1.000000e+00	0.000000e+00	0.000000e+00
1.210000e+00	1.220000e+00	1.000000e+00	0.000000e+00	0.000000e+00
1.220000e+00	1.230000e+00	1.000000e+00	0.000000e+00	0.000000e+00
1.230000e+00	1.240000e+00	1.000000e+00	0.000000e+00	0.000000e+00
1.240000e+00	1.250000e+00	1.000000e+00	0.000000e+00	0.000000e+00
1.250000e+00	1.260000e+00	1.000000e+00	0.000000e+00	0.000000e+00
1.260000e+00	1.270000e+00	1.000000e+00	0.000000e+00	0.000000e+00
1.270000e+00	1.280000e+00	1.000000e+00	0.000000e+00	0.000000e+00
1.280000e+00	1.290000e+00	1.000000e+00	0.000000e+00	0.000000e+00
1.290000e+00	1.300000e+00	1.000000e+00	0.000000e+00	0.000000e+00
1.300000e+00	1.310000e+00	1.000000e+00	0.000000e+00	0.000000e+00
1.310000e+00	1.320000e+00	1.000000e+00	0.000000e+00	0.000000e+00
1.320000e+00	1.330000e+00	1.000000e+00	0.000000e+00	0.000000e+00
1.330000e+00	1.340000e+00	1.000000e+00	0.000000e+00	0.000000e+00
1.340000e+00	1.350000e+00	1.000000e+00	0.000000e+00	0.000000e+00
1.350000e+00	1.360000e+00	1.000000e+00	0.000000e+00	0.000000e+00
1.360000e+00	1.370000e+00	1.000000e+00	0.000000e+00	0.000000e+00
1.370000e+00	1.380000e+00	1.000000e+00	0.000000e+00	0.000000e+00
1.380000e+00	1.390000e+00	1.000000e+00	0.000000e+00	0.000000e+00
1.390000e+00	1.400000e+00	1.000000e+00	0.000000e+00	0.000000e+00
1.400000e+00	1.410000e+00	1.000000e+00	0.000000e+00	0.000000e+00
1.410000e+00	1.420000e+00	1.000000e+00	0.000000e+00	0.000000e+00
1.420000e+00	1.430000e+00	1.000000e+00	0.000000e+00	0.000000e+00
1.430000e+00	1.440000e+00	1.000000e+00	0.000000e+00	0.000000e+00
1.440000e+00	1.450000e+00	1.000000e+00	0.000000e+00	0.000000e+00
1.450000e+00	1.460000e+00	1.000000e+00	0.000000e+00	0.000000e+00
1.460000e+00	1.470000e+00	1.000000e+00	0.000000e+00	0.000000e+00
1.470000e+00	1.480000e+00	1.000000e+00	0.000000e+00	0.000000e+00
1.480000e+00	1.490000e+00	1.000000e+00	0.000000e+00	0.000000e+00
1.490000e+00	1.500000e+00	1.000000e+00	0.000000e+00	0.000000e+00
# END HISTO1D

# BEGIN HISTO1D //nfs/farm/g/theory/qcdsim/shoeche/runs/lhjets/jj/nlo/cs-2/run.yoda/LH2017_ZHSHAPES/psi_0.9_100
LineColor={[HTML]{2da334}}
LineStyle=solid
Path=//nfs/farm/g/theory/qcdsim/shoeche/runs/lhjets/jj/nlo/cs-2/run.yoda/LH2017_ZHSHAPES/psi_0.9_100
Title=run
XLabel=
YLabel=
# xlow	 xhigh	 val	 errminus	 errplus
0.000000e+00	1.000000e-02	-8.470960e-02	nan	nan
1.000000e-02	2.000000e-02	2.272927e-01	nan	nan
2.000000e-02	3.000000e-02	3.864364e-01	nan	nan
3.000000e-02	4.000000e-02	4.848219e-01	nan	nan
4.000000e-02	5.000000e-02	5.599160e-01	nan	nan
5.000000e-02	6.000000e-02	6.140353e-01	nan	nan
6.000000e-02	7.000000e-02	6.568634e-01	nan	nan
7.000000e-02	8.000000e-02	6.916863e-01	nan	nan
8.000000e-02	9.000000e-02	7.202553e-01	nan	nan
9.000000e-02	1.000000e-01	7.455156e-01	nan	nan
1.000000e-01	1.100000e-01	7.667369e-01	nan	nan
1.100000e-01	1.200000e-01	7.851290e-01	nan	nan
1.200000e-01	1.300000e-01	8.018778e-01	nan	nan
1.300000e-01	1.400000e-01	8.173039e-01	nan	nan
1.400000e-01	1.500000e-01	8.295391e-01	nan	nan
1.500000e-01	1.600000e-01	8.410854e-01	nan	nan
1.600000e-01	1.700000e-01	8.510001e-01	nan	nan
1.700000e-01	1.800000e-01	8.603767e-01	nan	nan
1.800000e-01	1.900000e-01	8.685864e-01	nan	nan
1.900000e-01	2.000000e-01	8.763410e-01	nan	nan
2.000000e-01	2.100000e-01	8.832155e-01	nan	nan
2.100000e-01	2.200000e-01	8.899753e-01	nan	nan
2.200000e-01	2.300000e-01	8.964094e-01	nan	nan
2.300000e-01	2.400000e-01	9.021612e-01	nan	nan
2.400000e-01	2.500000e-01	9.071491e-01	nan	nan
2.500000e-01	2.600000e-01	9.119172e-01	nan	nan
2.600000e-01	2.700000e-01	9.165911e-01	nan	nan
2.700000e-01	2.800000e-01	9.212856e-01	nan	nan
2.800000e-01	2.900000e-01	9.257942e-01	nan	nan
2.900000e-01	3.000000e-01	9.297718e-01	nan	nan
3.000000e-01	3.100000e-01	9.336149e-01	nan	nan
3.100000e-01	3.200000e-01	9.369309e-01	nan	nan
3.200000e-01	3.300000e-01	9.401814e-01	nan	nan
3.300000e-01	3.400000e-01	9.433378e-01	nan	nan
3.400000e-01	3.500000e-01	9.463390e-01	nan	nan
3.500000e-01	3.600000e-01	9.491359e-01	nan	nan
3.600000e-01	3.700000e-01	9.517122e-01	nan	nan
3.700000e-01	3.800000e-01	9.543929e-01	nan	nan
3.800000e-01	3.900000e-01	9.565766e-01	nan	nan
3.900000e-01	4.000000e-01	9.588529e-01	nan	nan
4.000000e-01	4.100000e-01	9.609498e-01	nan	nan
4.100000e-01	4.200000e-01	9.629644e-01	nan	nan
4.200000e-01	4.300000e-01	9.649223e-01	nan	nan
4.300000e-01	4.400000e-01	9.669023e-01	nan	nan
4.400000e-01	4.500000e-01	9.688073e-01	nan	nan
4.500000e-01	4.600000e-01	9.706550e-01	nan	nan
4.600000e-01	4.700000e-01	9.723769e-01	nan	nan
4.700000e-01	4.800000e-01	9.739503e-01	nan	nan
4.800000e-01	4.900000e-01	9.754407e-01	nan	nan
4.900000e-01	5.000000e-01	9.769097e-01	nan	nan
5.000000e-01	5.100000e-01	9.783964e-01	nan	nan
5.100000e-01	5.200000e-01	9.796948e-01	nan	nan
5.200000e-01	5.300000e-01	9.809080e-01	nan	nan
5.300000e-01	5.400000e-01	9.820461e-01	nan	nan
5.400000e-01	5.500000e-01	9.832446e-01	nan	nan
5.500000e-01	5.600000e-01	9.842812e-01	nan	nan
5.600000e-01	5.700000e-01	9.853128e-01	nan	nan
5.700000e-01	5.800000e-01	9.863348e-01	nan	nan
5.800000e-01	5.900000e-01	9.872935e-01	nan	nan
5.900000e-01	6.000000e-01	9.882670e-01	nan	nan
6.000000e-01	6.100000e-01	9.890853e-01	nan	nan
6.100000e-01	6.200000e-01	9.899220e-01	nan	nan
6.200000e-01	6.300000e-01	9.906639e-01	nan	nan
6.300000e-01	6.400000e-01	9.914888e-01	nan	nan
6.400000e-01	6.500000e-01	9.921719e-01	nan	nan
6.500000e-01	6.600000e-01	9.927182e-01	nan	nan
6.600000e-01	6.700000e-01	9.933527e-01	nan	nan
6.700000e-01	6.800000e-01	9.939923e-01	nan	nan
6.800000e-01	6.900000e-01	9.946099e-01	nan	nan
6.900000e-01	7.000000e-01	9.951349e-01	nan	nan
7.000000e-01	7.100000e-01	9.955981e-01	nan	nan
7.100000e-01	7.200000e-01	9.960106e-01	nan	nan
7.200000e-01	7.300000e-01	9.964598e-01	nan	nan
7.300000e-01	7.400000e-01	9.968473e-01	nan	nan
7.400000e-01	7.500000e-01	9.972259e-01	nan	nan
7.500000e-01	7.600000e-01	9.975686e-01	nan	nan
7.600000e-01	7.700000e-01	9.978788e-01	nan	nan
7.700000e-01	7.800000e-01	9.981884e-01	nan	nan
7.800000e-01	7.900000e-01	9.985295e-01	nan	nan
7.900000e-01	8.000000e-01	9.987964e-01	nan	nan
8.000000e-01	8.100000e-01	9.990287e-01	nan	nan
8.100000e-01	8.200000e-01	9.992184e-01	nan	nan
8.200000e-01	8.300000e-01	9.993875e-01	nan	nan
8.300000e-01	8.400000e-01	9.995419e-01	nan	nan
8.400000e-01	8.500000e-01	9.996765e-01	nan	nan
8.500000e-01	8.600000e-01	9.997802e-01	nan	nan
8.600000e-01	8.700000e-01	9.999059e-01	nan	nan
8.700000e-01	8.800000e-01	9.999529e-01	nan	nan
8.800000e-01	8.900000e-01	9.999882e-01	nan	nan
8.900000e-01	9.000000e-01	1.000000e+00	nan	nan
9.000000e-01	9.100000e-01	1.000000e+00	nan	nan
9.100000e-01	9.200000e-01	1.000000e+00	nan	nan
9.200000e-01	9.300000e-01	1.000000e+00	nan	nan
9.300000e-01	9.400000e-01	1.000000e+00	nan	nan
9.400000e-01	9.500000e-01	1.000000e+00	nan	nan
9.500000e-01	9.600000e-01	1.000000e+00	nan	nan
9.600000e-01	9.700000e-01	1.000000e+00	nan	nan
9.700000e-01	9.800000e-01	1.000000e+00	nan	nan
9.800000e-01	9.900000e-01	1.000000e+00	nan	nan
9.900000e-01	1.000000e+00	1.000000e+00	nan	nan
1.000000e+00	1.010000e+00	1.000000e+00	nan	nan
1.010000e+00	1.020000e+00	1.000000e+00	nan	nan
1.020000e+00	1.030000e+00	1.000000e+00	nan	nan
1.030000e+00	1.040000e+00	1.000000e+00	nan	nan
1.040000e+00	1.050000e+00	1.000000e+00	nan	nan
1.050000e+00	1.060000e+00	1.000000e+00	nan	nan
1.060000e+00	1.070000e+00	1.000000e+00	nan	nan
1.070000e+00	1.080000e+00	1.000000e+00	nan	nan
1.080000e+00	1.090000e+00	1.000000e+00	nan	nan
1.090000e+00	1.100000e+00	1.000000e+00	nan	nan
1.100000e+00	1.110000e+00	1.000000e+00	nan	nan
1.110000e+00	1.120000e+00	1.000000e+00	nan	nan
1.120000e+00	1.130000e+00	1.000000e+00	nan	nan
1.130000e+00	1.140000e+00	1.000000e+00	nan	nan
1.140000e+00	1.150000e+00	1.000000e+00	nan	nan
1.150000e+00	1.160000e+00	1.000000e+00	nan	nan
1.160000e+00	1.170000e+00	1.000000e+00	nan	nan
1.170000e+00	1.180000e+00	1.000000e+00	nan	nan
1.180000e+00	1.190000e+00	1.000000e+00	nan	nan
1.190000e+00	1.200000e+00	1.000000e+00	nan	nan
1.200000e+00	1.210000e+00	1.000000e+00	nan	nan
1.210000e+00	1.220000e+00	1.000000e+00	nan	nan
1.220000e+00	1.230000e+00	1.000000e+00	nan	nan
1.230000e+00	1.240000e+00	1.000000e+00	nan	nan
1.240000e+00	1.250000e+00	1.000000e+00	nan	nan
1.250000e+00	1.260000e+00	1.000000e+00	nan	nan
1.260000e+00	1.270000e+00	1.000000e+00	nan	nan
1.270000e+00	1.280000e+00	1.000000e+00	nan	nan
1.280000e+00	1.290000e+00	1.000000e+00	nan	nan
1.290000e+00	1.300000e+00	1.000000e+00	nan	nan
1.300000e+00	1.310000e+00	1.000000e+00	nan	nan
1.310000e+00	1.320000e+00	1.000000e+00	nan	nan
1.320000e+00	1.330000e+00	1.000000e+00	nan	nan
1.330000e+00	1.340000e+00	1.000000e+00	nan	nan
1.340000e+00	1.350000e+00	1.000000e+00	nan	nan
1.350000e+00	1.360000e+00	1.000000e+00	nan	nan
1.360000e+00	1.370000e+00	1.000000e+00	nan	nan
1.370000e+00	1.380000e+00	1.000000e+00	nan	nan
1.380000e+00	1.390000e+00	1.000000e+00	nan	nan
1.390000e+00	1.400000e+00	1.000000e+00	nan	nan
1.400000e+00	1.410000e+00	1.000000e+00	nan	nan
1.410000e+00	1.420000e+00	1.000000e+00	nan	nan
1.420000e+00	1.430000e+00	1.000000e+00	nan	nan
1.430000e+00	1.440000e+00	1.000000e+00	nan	nan
1.440000e+00	1.450000e+00	1.000000e+00	nan	nan
1.450000e+00	1.460000e+00	1.000000e+00	nan	nan
1.460000e+00	1.470000e+00	1.000000e+00	nan	nan
1.470000e+00	1.480000e+00	1.000000e+00	nan	nan
1.480000e+00	1.490000e+00	1.000000e+00	nan	nan
1.490000e+00	1.500000e+00	1.000000e+00	nan	nan
# END HISTO1D

