# BEGIN PLOT
XTwosidedTicks=1
DrawOnly=//nfs/farm/g/theory/qcdsim/shoeche/runs/lhjets/jj/mcnlo/css-2/run.yoda/LH2017_ZHSHAPES/psi_0.5_50 //nfs/farm/g/theory/qcdsim/shoeche/runs/lhjets/jj/mcnlo/css-1em-2/run.yoda/LH2017_ZHSHAPES/psi_0.5_50 //nfs/farm/g/theory/qcdsim/shoeche/runs/lhjets/jj/nlo/cs-2/run.yoda/LH2017_ZHSHAPES/psi_0.5_50
RatioPlotReference=//nfs/farm/g/theory/qcdsim/shoeche/runs/lhjets/jj/nlo/cs-2/run.yoda/LH2017_ZHSHAPES/psi_0.5_50
RatioPlot=1
LogY=1
RatioPlotYLabel=Ratio
LegendOnly=//nfs/farm/g/theory/qcdsim/shoeche/runs/lhjets/jj/mcnlo/css-2/run.yoda/LH2017_ZHSHAPES/psi_0.5_50 //nfs/farm/g/theory/qcdsim/shoeche/runs/lhjets/jj/mcnlo/css-1em-2/run.yoda/LH2017_ZHSHAPES/psi_0.5_50 //nfs/farm/g/theory/qcdsim/shoeche/runs/lhjets/jj/nlo/cs-2/run.yoda/LH2017_ZHSHAPES/psi_0.5_50
RatioPlotSameStyle=1
YTwosidedTicks=1
Legend=1
# END PLOT

# BEGIN HISTO1D //nfs/farm/g/theory/qcdsim/shoeche/runs/lhjets/jj/mcnlo/css-2/run.yoda/LH2017_ZHSHAPES/psi_0.5_50
LineColor=red
LineStyle=solid
Path=//nfs/farm/g/theory/qcdsim/shoeche/runs/lhjets/jj/mcnlo/css-2/run.yoda/LH2017_ZHSHAPES/psi_0.5_50
Title=run
XLabel=
YLabel=
# xlow	 xhigh	 val	 errminus	 errplus
0.000000e+00	1.000000e-02	2.697403e-01	6.905002e-04	6.905002e-04
1.000000e-02	2.000000e-02	3.085346e-01	7.087682e-04	7.087682e-04
2.000000e-02	3.000000e-02	3.716574e-01	7.237943e-04	7.237943e-04
3.000000e-02	4.000000e-02	4.482001e-01	7.212608e-04	7.212608e-04
4.000000e-02	5.000000e-02	5.151577e-01	7.009717e-04	7.009717e-04
5.000000e-02	6.000000e-02	5.707887e-01	6.720493e-04	6.720493e-04
6.000000e-02	7.000000e-02	6.176986e-01	6.394035e-04	6.394035e-04
7.000000e-02	8.000000e-02	6.578157e-01	6.052106e-04	6.052106e-04
8.000000e-02	9.000000e-02	6.921933e-01	5.713016e-04	5.713016e-04
9.000000e-02	1.000000e-01	7.220832e-01	5.375857e-04	5.375857e-04
1.000000e-01	1.100000e-01	7.483716e-01	5.048570e-04	5.048570e-04
1.100000e-01	1.200000e-01	7.716141e-01	4.731561e-04	4.731561e-04
1.200000e-01	1.300000e-01	7.924236e-01	4.423697e-04	4.423697e-04
1.300000e-01	1.400000e-01	8.106384e-01	4.141205e-04	4.141205e-04
1.400000e-01	1.500000e-01	8.271278e-01	3.862840e-04	3.862840e-04
1.500000e-01	1.600000e-01	8.420477e-01	3.597715e-04	3.597715e-04
1.600000e-01	1.700000e-01	8.557342e-01	3.345588e-04	3.345588e-04
1.700000e-01	1.800000e-01	8.679245e-01	3.113226e-04	3.113226e-04
1.800000e-01	1.900000e-01	8.792997e-01	2.886529e-04	2.886529e-04
1.900000e-01	2.000000e-01	8.897604e-01	2.672920e-04	2.672920e-04
2.000000e-01	2.100000e-01	8.993606e-01	2.469256e-04	2.469256e-04
2.100000e-01	2.200000e-01	9.081427e-01	2.285224e-04	2.285224e-04
2.200000e-01	2.300000e-01	9.160158e-01	2.118097e-04	2.118097e-04
2.300000e-01	2.400000e-01	9.235959e-01	1.961888e-04	1.961888e-04
2.400000e-01	2.500000e-01	9.306148e-01	1.822036e-04	1.822036e-04
2.500000e-01	2.600000e-01	9.371469e-01	1.692297e-04	1.692297e-04
2.600000e-01	2.700000e-01	9.431879e-01	1.570451e-04	1.570451e-04
2.700000e-01	2.800000e-01	9.488910e-01	1.454454e-04	1.454454e-04
2.800000e-01	2.900000e-01	9.541154e-01	1.346868e-04	1.346868e-04
2.900000e-01	3.000000e-01	9.589987e-01	1.244922e-04	1.244922e-04
3.000000e-01	3.100000e-01	9.636054e-01	1.146415e-04	1.146415e-04
3.100000e-01	3.200000e-01	9.678354e-01	1.053949e-04	1.053949e-04
3.200000e-01	3.300000e-01	9.717939e-01	9.642447e-05	9.642447e-05
3.300000e-01	3.400000e-01	9.754592e-01	8.774635e-05	8.774635e-05
3.400000e-01	3.500000e-01	9.788618e-01	7.941680e-05	7.941680e-05
3.500000e-01	3.600000e-01	9.819722e-01	7.139339e-05	7.139339e-05
3.600000e-01	3.700000e-01	9.847951e-01	6.388896e-05	6.388896e-05
3.700000e-01	3.800000e-01	9.874017e-01	5.643100e-05	5.643100e-05
3.800000e-01	3.900000e-01	9.897449e-01	4.934427e-05	4.934427e-05
3.900000e-01	4.000000e-01	9.918774e-01	4.241213e-05	4.241213e-05
4.000000e-01	4.100000e-01	9.937601e-01	3.578263e-05	3.578263e-05
4.100000e-01	4.200000e-01	9.953480e-01	2.965246e-05	2.965246e-05
4.200000e-01	4.300000e-01	9.967020e-01	2.385889e-05	2.385889e-05
4.300000e-01	4.400000e-01	9.978319e-01	1.836967e-05	1.836967e-05
4.400000e-01	4.500000e-01	9.987011e-01	1.340864e-05	1.340864e-05
4.500000e-01	4.600000e-01	9.993256e-01	9.056944e-06	9.056944e-06
4.600000e-01	4.700000e-01	9.996837e-01	5.918359e-06	5.918359e-06
4.700000e-01	4.800000e-01	9.998660e-01	3.882338e-06	3.882338e-06
4.800000e-01	4.900000e-01	9.999289e-01	3.172579e-06	3.172579e-06
4.900000e-01	5.000000e-01	9.999485e-01	2.748040e-06	2.748040e-06
5.000000e-01	5.100000e-01	9.999624e-01	1.943103e-06	1.943103e-06
5.100000e-01	5.200000e-01	9.999717e-01	1.943487e-06	1.943487e-06
5.200000e-01	5.300000e-01	9.999799e-01	1.943738e-06	1.943738e-06
5.300000e-01	5.400000e-01	9.999856e-01	1.587103e-06	1.587103e-06
5.400000e-01	5.500000e-01	9.999897e-01	1.122249e-06	1.122249e-06
5.500000e-01	5.600000e-01	9.999933e-01	1.122316e-06	1.122316e-06
5.600000e-01	5.700000e-01	9.999954e-01	1.122341e-06	1.122341e-06
5.700000e-01	5.800000e-01	9.999969e-01	4.833754e-09	4.833754e-09
5.800000e-01	5.900000e-01	9.999979e-01	1.122360e-06	1.122360e-06
5.900000e-01	6.000000e-01	9.999990e-01	1.611235e-09	1.611235e-09
6.000000e-01	6.100000e-01	9.999990e-01	1.122363e-06	1.122363e-06
6.100000e-01	6.200000e-01	9.999995e-01	8.056902e-10	8.056902e-10
6.200000e-01	6.300000e-01	9.999995e-01	1.122364e-06	1.122364e-06
6.300000e-01	6.400000e-01	9.999995e-01	1.122364e-06	1.122364e-06
6.400000e-01	6.500000e-01	1.000000e+00	1.122365e-06	1.122365e-06
6.500000e-01	6.600000e-01	1.000000e+00	1.122365e-06	1.122365e-06
6.600000e-01	6.700000e-01	1.000000e+00	0.000000e+00	0.000000e+00
6.700000e-01	6.800000e-01	1.000000e+00	0.000000e+00	0.000000e+00
6.800000e-01	6.900000e-01	1.000000e+00	0.000000e+00	0.000000e+00
6.900000e-01	7.000000e-01	1.000000e+00	0.000000e+00	0.000000e+00
7.000000e-01	7.100000e-01	1.000000e+00	0.000000e+00	0.000000e+00
7.100000e-01	7.200000e-01	1.000000e+00	0.000000e+00	0.000000e+00
7.200000e-01	7.300000e-01	1.000000e+00	0.000000e+00	0.000000e+00
7.300000e-01	7.400000e-01	1.000000e+00	0.000000e+00	0.000000e+00
7.400000e-01	7.500000e-01	1.000000e+00	0.000000e+00	0.000000e+00
7.500000e-01	7.600000e-01	1.000000e+00	0.000000e+00	0.000000e+00
7.600000e-01	7.700000e-01	1.000000e+00	0.000000e+00	0.000000e+00
7.700000e-01	7.800000e-01	1.000000e+00	0.000000e+00	0.000000e+00
7.800000e-01	7.900000e-01	1.000000e+00	0.000000e+00	0.000000e+00
7.900000e-01	8.000000e-01	1.000000e+00	0.000000e+00	0.000000e+00
8.000000e-01	8.100000e-01	1.000000e+00	0.000000e+00	0.000000e+00
8.100000e-01	8.200000e-01	1.000000e+00	0.000000e+00	0.000000e+00
8.200000e-01	8.300000e-01	1.000000e+00	0.000000e+00	0.000000e+00
8.300000e-01	8.400000e-01	1.000000e+00	0.000000e+00	0.000000e+00
8.400000e-01	8.500000e-01	1.000000e+00	0.000000e+00	0.000000e+00
8.500000e-01	8.600000e-01	1.000000e+00	0.000000e+00	0.000000e+00
8.600000e-01	8.700000e-01	1.000000e+00	0.000000e+00	0.000000e+00
8.700000e-01	8.800000e-01	1.000000e+00	0.000000e+00	0.000000e+00
8.800000e-01	8.900000e-01	1.000000e+00	0.000000e+00	0.000000e+00
8.900000e-01	9.000000e-01	1.000000e+00	0.000000e+00	0.000000e+00
9.000000e-01	9.100000e-01	1.000000e+00	0.000000e+00	0.000000e+00
9.100000e-01	9.200000e-01	1.000000e+00	0.000000e+00	0.000000e+00
9.200000e-01	9.300000e-01	1.000000e+00	0.000000e+00	0.000000e+00
9.300000e-01	9.400000e-01	1.000000e+00	0.000000e+00	0.000000e+00
9.400000e-01	9.500000e-01	1.000000e+00	0.000000e+00	0.000000e+00
9.500000e-01	9.600000e-01	1.000000e+00	0.000000e+00	0.000000e+00
9.600000e-01	9.700000e-01	1.000000e+00	0.000000e+00	0.000000e+00
9.700000e-01	9.800000e-01	1.000000e+00	0.000000e+00	0.000000e+00
9.800000e-01	9.900000e-01	1.000000e+00	0.000000e+00	0.000000e+00
9.900000e-01	1.000000e+00	1.000000e+00	0.000000e+00	0.000000e+00
1.000000e+00	1.010000e+00	1.000000e+00	0.000000e+00	0.000000e+00
1.010000e+00	1.020000e+00	1.000000e+00	0.000000e+00	0.000000e+00
1.020000e+00	1.030000e+00	1.000000e+00	0.000000e+00	0.000000e+00
1.030000e+00	1.040000e+00	1.000000e+00	0.000000e+00	0.000000e+00
1.040000e+00	1.050000e+00	1.000000e+00	0.000000e+00	0.000000e+00
1.050000e+00	1.060000e+00	1.000000e+00	0.000000e+00	0.000000e+00
1.060000e+00	1.070000e+00	1.000000e+00	0.000000e+00	0.000000e+00
1.070000e+00	1.080000e+00	1.000000e+00	0.000000e+00	0.000000e+00
1.080000e+00	1.090000e+00	1.000000e+00	0.000000e+00	0.000000e+00
1.090000e+00	1.100000e+00	1.000000e+00	0.000000e+00	0.000000e+00
1.100000e+00	1.110000e+00	1.000000e+00	0.000000e+00	0.000000e+00
1.110000e+00	1.120000e+00	1.000000e+00	0.000000e+00	0.000000e+00
1.120000e+00	1.130000e+00	1.000000e+00	0.000000e+00	0.000000e+00
1.130000e+00	1.140000e+00	1.000000e+00	0.000000e+00	0.000000e+00
1.140000e+00	1.150000e+00	1.000000e+00	0.000000e+00	0.000000e+00
1.150000e+00	1.160000e+00	1.000000e+00	0.000000e+00	0.000000e+00
1.160000e+00	1.170000e+00	1.000000e+00	0.000000e+00	0.000000e+00
1.170000e+00	1.180000e+00	1.000000e+00	0.000000e+00	0.000000e+00
1.180000e+00	1.190000e+00	1.000000e+00	0.000000e+00	0.000000e+00
1.190000e+00	1.200000e+00	1.000000e+00	0.000000e+00	0.000000e+00
1.200000e+00	1.210000e+00	1.000000e+00	0.000000e+00	0.000000e+00
1.210000e+00	1.220000e+00	1.000000e+00	0.000000e+00	0.000000e+00
1.220000e+00	1.230000e+00	1.000000e+00	0.000000e+00	0.000000e+00
1.230000e+00	1.240000e+00	1.000000e+00	0.000000e+00	0.000000e+00
1.240000e+00	1.250000e+00	1.000000e+00	0.000000e+00	0.000000e+00
1.250000e+00	1.260000e+00	1.000000e+00	0.000000e+00	0.000000e+00
1.260000e+00	1.270000e+00	1.000000e+00	0.000000e+00	0.000000e+00
1.270000e+00	1.280000e+00	1.000000e+00	0.000000e+00	0.000000e+00
1.280000e+00	1.290000e+00	1.000000e+00	0.000000e+00	0.000000e+00
1.290000e+00	1.300000e+00	1.000000e+00	0.000000e+00	0.000000e+00
1.300000e+00	1.310000e+00	1.000000e+00	0.000000e+00	0.000000e+00
1.310000e+00	1.320000e+00	1.000000e+00	0.000000e+00	0.000000e+00
1.320000e+00	1.330000e+00	1.000000e+00	0.000000e+00	0.000000e+00
1.330000e+00	1.340000e+00	1.000000e+00	0.000000e+00	0.000000e+00
1.340000e+00	1.350000e+00	1.000000e+00	0.000000e+00	0.000000e+00
1.350000e+00	1.360000e+00	1.000000e+00	0.000000e+00	0.000000e+00
1.360000e+00	1.370000e+00	1.000000e+00	0.000000e+00	0.000000e+00
1.370000e+00	1.380000e+00	1.000000e+00	0.000000e+00	0.000000e+00
1.380000e+00	1.390000e+00	1.000000e+00	0.000000e+00	0.000000e+00
1.390000e+00	1.400000e+00	1.000000e+00	0.000000e+00	0.000000e+00
1.400000e+00	1.410000e+00	1.000000e+00	0.000000e+00	0.000000e+00
1.410000e+00	1.420000e+00	1.000000e+00	0.000000e+00	0.000000e+00
1.420000e+00	1.430000e+00	1.000000e+00	0.000000e+00	0.000000e+00
1.430000e+00	1.440000e+00	1.000000e+00	0.000000e+00	0.000000e+00
1.440000e+00	1.450000e+00	1.000000e+00	0.000000e+00	0.000000e+00
1.450000e+00	1.460000e+00	1.000000e+00	0.000000e+00	0.000000e+00
1.460000e+00	1.470000e+00	1.000000e+00	0.000000e+00	0.000000e+00
1.470000e+00	1.480000e+00	1.000000e+00	0.000000e+00	0.000000e+00
1.480000e+00	1.490000e+00	1.000000e+00	0.000000e+00	0.000000e+00
1.490000e+00	1.500000e+00	1.000000e+00	0.000000e+00	0.000000e+00
# END HISTO1D

# BEGIN HISTO1D //nfs/farm/g/theory/qcdsim/shoeche/runs/lhjets/jj/mcnlo/css-1em-2/run.yoda/LH2017_ZHSHAPES/psi_0.5_50
LineColor=blue
LineStyle=solid
Path=//nfs/farm/g/theory/qcdsim/shoeche/runs/lhjets/jj/mcnlo/css-1em-2/run.yoda/LH2017_ZHSHAPES/psi_0.5_50
Title=run
XLabel=
YLabel=
# xlow	 xhigh	 val	 errminus	 errplus
0.000000e+00	1.000000e-02	9.775991e-01	3.904320e-04	3.904320e-04
1.000000e-02	2.000000e-02	9.778942e-01	3.875143e-04	3.875143e-04
2.000000e-02	3.000000e-02	9.784249e-01	3.823633e-04	3.823633e-04
3.000000e-02	4.000000e-02	9.791796e-01	3.747761e-04	3.747761e-04
4.000000e-02	5.000000e-02	9.799939e-01	3.660428e-04	3.660428e-04
5.000000e-02	6.000000e-02	9.809821e-01	3.551637e-04	3.551637e-04
6.000000e-02	7.000000e-02	9.819974e-01	3.434274e-04	3.434274e-04
7.000000e-02	8.000000e-02	9.831140e-01	3.302113e-04	3.302113e-04
8.000000e-02	9.000000e-02	9.841992e-01	3.166875e-04	3.166875e-04
9.000000e-02	1.000000e-01	9.853790e-01	3.012443e-04	3.012443e-04
1.000000e-01	1.100000e-01	9.865440e-01	2.848465e-04	2.848465e-04
1.100000e-01	1.200000e-01	9.875358e-01	2.704531e-04	2.704531e-04
1.200000e-01	1.300000e-01	9.885608e-01	2.548155e-04	2.548155e-04
1.300000e-01	1.400000e-01	9.895759e-01	2.386857e-04	2.386857e-04
1.400000e-01	1.500000e-01	9.905123e-01	2.229230e-04	2.229230e-04
1.500000e-01	1.600000e-01	9.913893e-01	2.070369e-04	2.070369e-04
1.600000e-01	1.700000e-01	9.922405e-01	1.909224e-04	1.909224e-04
1.700000e-01	1.800000e-01	9.930712e-01	1.728235e-04	1.728235e-04
1.800000e-01	1.900000e-01	9.937547e-01	1.589057e-04	1.589057e-04
1.900000e-01	2.000000e-01	9.944350e-01	1.428434e-04	1.428434e-04
2.000000e-01	2.100000e-01	9.951260e-01	1.267831e-04	1.267831e-04
2.100000e-01	2.200000e-01	9.956990e-01	1.119481e-04	1.119481e-04
2.200000e-01	2.300000e-01	9.962668e-01	9.815759e-05	9.815759e-05
2.300000e-01	2.400000e-01	9.968149e-01	8.572851e-05	8.572851e-05
2.400000e-01	2.500000e-01	9.972262e-01	7.812811e-05	7.812811e-05
2.500000e-01	2.600000e-01	9.976466e-01	7.055671e-05	7.055671e-05
2.600000e-01	2.700000e-01	9.980382e-01	6.295500e-05	6.295500e-05
2.700000e-01	2.800000e-01	9.984137e-01	5.504161e-05	5.504161e-05
2.800000e-01	2.900000e-01	9.986837e-01	4.905458e-05	4.905458e-05
2.900000e-01	3.000000e-01	9.989054e-01	4.375471e-05	4.375471e-05
3.000000e-01	3.100000e-01	9.991156e-01	3.835632e-05	3.835632e-05
3.100000e-01	3.200000e-01	9.992905e-01	3.351588e-05	3.351588e-05
3.200000e-01	3.300000e-01	9.994413e-01	2.897337e-05	2.897337e-05
3.300000e-01	3.400000e-01	9.995718e-01	2.474268e-05	2.474268e-05
3.400000e-01	3.500000e-01	9.996775e-01	2.089422e-05	2.089422e-05
3.500000e-01	3.600000e-01	9.997660e-01	1.724774e-05	1.724774e-05
3.600000e-01	3.700000e-01	9.998386e-01	1.373602e-05	1.373602e-05
3.700000e-01	3.800000e-01	9.998813e-01	1.136611e-05	1.136611e-05
3.800000e-01	3.900000e-01	9.999170e-01	9.281329e-06	9.281329e-06
3.900000e-01	4.000000e-01	9.999480e-01	7.029525e-06	7.029525e-06
4.000000e-01	4.100000e-01	9.999683e-01	5.158569e-06	5.158569e-06
4.100000e-01	4.200000e-01	9.999847e-01	3.377278e-06	3.377278e-06
4.200000e-01	4.300000e-01	9.999922e-01	2.517370e-06	2.517370e-06
4.300000e-01	4.400000e-01	9.999973e-01	1.592162e-06	1.592162e-06
4.400000e-01	4.500000e-01	9.999993e-01	1.921183e-09	1.921183e-09
4.500000e-01	4.600000e-01	1.000000e+00	1.125840e-06	1.125840e-06
4.600000e-01	4.700000e-01	1.000000e+00	1.125840e-06	1.125840e-06
4.700000e-01	4.800000e-01	1.000000e+00	1.125840e-06	1.125840e-06
4.800000e-01	4.900000e-01	1.000000e+00	0.000000e+00	0.000000e+00
4.900000e-01	5.000000e-01	1.000000e+00	0.000000e+00	0.000000e+00
5.000000e-01	5.100000e-01	1.000000e+00	0.000000e+00	0.000000e+00
5.100000e-01	5.200000e-01	1.000000e+00	0.000000e+00	0.000000e+00
5.200000e-01	5.300000e-01	1.000000e+00	0.000000e+00	0.000000e+00
5.300000e-01	5.400000e-01	1.000000e+00	0.000000e+00	0.000000e+00
5.400000e-01	5.500000e-01	1.000000e+00	0.000000e+00	0.000000e+00
5.500000e-01	5.600000e-01	1.000000e+00	0.000000e+00	0.000000e+00
5.600000e-01	5.700000e-01	1.000000e+00	0.000000e+00	0.000000e+00
5.700000e-01	5.800000e-01	1.000000e+00	0.000000e+00	0.000000e+00
5.800000e-01	5.900000e-01	1.000000e+00	0.000000e+00	0.000000e+00
5.900000e-01	6.000000e-01	1.000000e+00	0.000000e+00	0.000000e+00
6.000000e-01	6.100000e-01	1.000000e+00	0.000000e+00	0.000000e+00
6.100000e-01	6.200000e-01	1.000000e+00	0.000000e+00	0.000000e+00
6.200000e-01	6.300000e-01	1.000000e+00	0.000000e+00	0.000000e+00
6.300000e-01	6.400000e-01	1.000000e+00	0.000000e+00	0.000000e+00
6.400000e-01	6.500000e-01	1.000000e+00	0.000000e+00	0.000000e+00
6.500000e-01	6.600000e-01	1.000000e+00	0.000000e+00	0.000000e+00
6.600000e-01	6.700000e-01	1.000000e+00	0.000000e+00	0.000000e+00
6.700000e-01	6.800000e-01	1.000000e+00	0.000000e+00	0.000000e+00
6.800000e-01	6.900000e-01	1.000000e+00	0.000000e+00	0.000000e+00
6.900000e-01	7.000000e-01	1.000000e+00	0.000000e+00	0.000000e+00
7.000000e-01	7.100000e-01	1.000000e+00	0.000000e+00	0.000000e+00
7.100000e-01	7.200000e-01	1.000000e+00	0.000000e+00	0.000000e+00
7.200000e-01	7.300000e-01	1.000000e+00	0.000000e+00	0.000000e+00
7.300000e-01	7.400000e-01	1.000000e+00	0.000000e+00	0.000000e+00
7.400000e-01	7.500000e-01	1.000000e+00	0.000000e+00	0.000000e+00
7.500000e-01	7.600000e-01	1.000000e+00	0.000000e+00	0.000000e+00
7.600000e-01	7.700000e-01	1.000000e+00	0.000000e+00	0.000000e+00
7.700000e-01	7.800000e-01	1.000000e+00	0.000000e+00	0.000000e+00
7.800000e-01	7.900000e-01	1.000000e+00	0.000000e+00	0.000000e+00
7.900000e-01	8.000000e-01	1.000000e+00	0.000000e+00	0.000000e+00
8.000000e-01	8.100000e-01	1.000000e+00	0.000000e+00	0.000000e+00
8.100000e-01	8.200000e-01	1.000000e+00	0.000000e+00	0.000000e+00
8.200000e-01	8.300000e-01	1.000000e+00	0.000000e+00	0.000000e+00
8.300000e-01	8.400000e-01	1.000000e+00	0.000000e+00	0.000000e+00
8.400000e-01	8.500000e-01	1.000000e+00	0.000000e+00	0.000000e+00
8.500000e-01	8.600000e-01	1.000000e+00	0.000000e+00	0.000000e+00
8.600000e-01	8.700000e-01	1.000000e+00	0.000000e+00	0.000000e+00
8.700000e-01	8.800000e-01	1.000000e+00	0.000000e+00	0.000000e+00
8.800000e-01	8.900000e-01	1.000000e+00	0.000000e+00	0.000000e+00
8.900000e-01	9.000000e-01	1.000000e+00	0.000000e+00	0.000000e+00
9.000000e-01	9.100000e-01	1.000000e+00	0.000000e+00	0.000000e+00
9.100000e-01	9.200000e-01	1.000000e+00	0.000000e+00	0.000000e+00
9.200000e-01	9.300000e-01	1.000000e+00	0.000000e+00	0.000000e+00
9.300000e-01	9.400000e-01	1.000000e+00	0.000000e+00	0.000000e+00
9.400000e-01	9.500000e-01	1.000000e+00	0.000000e+00	0.000000e+00
9.500000e-01	9.600000e-01	1.000000e+00	0.000000e+00	0.000000e+00
9.600000e-01	9.700000e-01	1.000000e+00	0.000000e+00	0.000000e+00
9.700000e-01	9.800000e-01	1.000000e+00	0.000000e+00	0.000000e+00
9.800000e-01	9.900000e-01	1.000000e+00	0.000000e+00	0.000000e+00
9.900000e-01	1.000000e+00	1.000000e+00	0.000000e+00	0.000000e+00
1.000000e+00	1.010000e+00	1.000000e+00	0.000000e+00	0.000000e+00
1.010000e+00	1.020000e+00	1.000000e+00	0.000000e+00	0.000000e+00
1.020000e+00	1.030000e+00	1.000000e+00	0.000000e+00	0.000000e+00
1.030000e+00	1.040000e+00	1.000000e+00	0.000000e+00	0.000000e+00
1.040000e+00	1.050000e+00	1.000000e+00	0.000000e+00	0.000000e+00
1.050000e+00	1.060000e+00	1.000000e+00	0.000000e+00	0.000000e+00
1.060000e+00	1.070000e+00	1.000000e+00	0.000000e+00	0.000000e+00
1.070000e+00	1.080000e+00	1.000000e+00	0.000000e+00	0.000000e+00
1.080000e+00	1.090000e+00	1.000000e+00	0.000000e+00	0.000000e+00
1.090000e+00	1.100000e+00	1.000000e+00	0.000000e+00	0.000000e+00
1.100000e+00	1.110000e+00	1.000000e+00	0.000000e+00	0.000000e+00
1.110000e+00	1.120000e+00	1.000000e+00	0.000000e+00	0.000000e+00
1.120000e+00	1.130000e+00	1.000000e+00	0.000000e+00	0.000000e+00
1.130000e+00	1.140000e+00	1.000000e+00	0.000000e+00	0.000000e+00
1.140000e+00	1.150000e+00	1.000000e+00	0.000000e+00	0.000000e+00
1.150000e+00	1.160000e+00	1.000000e+00	0.000000e+00	0.000000e+00
1.160000e+00	1.170000e+00	1.000000e+00	0.000000e+00	0.000000e+00
1.170000e+00	1.180000e+00	1.000000e+00	0.000000e+00	0.000000e+00
1.180000e+00	1.190000e+00	1.000000e+00	0.000000e+00	0.000000e+00
1.190000e+00	1.200000e+00	1.000000e+00	0.000000e+00	0.000000e+00
1.200000e+00	1.210000e+00	1.000000e+00	0.000000e+00	0.000000e+00
1.210000e+00	1.220000e+00	1.000000e+00	0.000000e+00	0.000000e+00
1.220000e+00	1.230000e+00	1.000000e+00	0.000000e+00	0.000000e+00
1.230000e+00	1.240000e+00	1.000000e+00	0.000000e+00	0.000000e+00
1.240000e+00	1.250000e+00	1.000000e+00	0.000000e+00	0.000000e+00
1.250000e+00	1.260000e+00	1.000000e+00	0.000000e+00	0.000000e+00
1.260000e+00	1.270000e+00	1.000000e+00	0.000000e+00	0.000000e+00
1.270000e+00	1.280000e+00	1.000000e+00	0.000000e+00	0.000000e+00
1.280000e+00	1.290000e+00	1.000000e+00	0.000000e+00	0.000000e+00
1.290000e+00	1.300000e+00	1.000000e+00	0.000000e+00	0.000000e+00
1.300000e+00	1.310000e+00	1.000000e+00	0.000000e+00	0.000000e+00
1.310000e+00	1.320000e+00	1.000000e+00	0.000000e+00	0.000000e+00
1.320000e+00	1.330000e+00	1.000000e+00	0.000000e+00	0.000000e+00
1.330000e+00	1.340000e+00	1.000000e+00	0.000000e+00	0.000000e+00
1.340000e+00	1.350000e+00	1.000000e+00	0.000000e+00	0.000000e+00
1.350000e+00	1.360000e+00	1.000000e+00	0.000000e+00	0.000000e+00
1.360000e+00	1.370000e+00	1.000000e+00	0.000000e+00	0.000000e+00
1.370000e+00	1.380000e+00	1.000000e+00	0.000000e+00	0.000000e+00
1.380000e+00	1.390000e+00	1.000000e+00	0.000000e+00	0.000000e+00
1.390000e+00	1.400000e+00	1.000000e+00	0.000000e+00	0.000000e+00
1.400000e+00	1.410000e+00	1.000000e+00	0.000000e+00	0.000000e+00
1.410000e+00	1.420000e+00	1.000000e+00	0.000000e+00	0.000000e+00
1.420000e+00	1.430000e+00	1.000000e+00	0.000000e+00	0.000000e+00
1.430000e+00	1.440000e+00	1.000000e+00	0.000000e+00	0.000000e+00
1.440000e+00	1.450000e+00	1.000000e+00	0.000000e+00	0.000000e+00
1.450000e+00	1.460000e+00	1.000000e+00	0.000000e+00	0.000000e+00
1.460000e+00	1.470000e+00	1.000000e+00	0.000000e+00	0.000000e+00
1.470000e+00	1.480000e+00	1.000000e+00	0.000000e+00	0.000000e+00
1.480000e+00	1.490000e+00	1.000000e+00	0.000000e+00	0.000000e+00
1.490000e+00	1.500000e+00	1.000000e+00	0.000000e+00	0.000000e+00
# END HISTO1D

# BEGIN HISTO1D //nfs/farm/g/theory/qcdsim/shoeche/runs/lhjets/jj/nlo/cs-2/run.yoda/LH2017_ZHSHAPES/psi_0.5_50
LineColor=green
LineStyle=solid
Path=//nfs/farm/g/theory/qcdsim/shoeche/runs/lhjets/jj/nlo/cs-2/run.yoda/LH2017_ZHSHAPES/psi_0.5_50
Title=run
XLabel=
YLabel=
# xlow	 xhigh	 val	 errminus	 errplus
0.000000e+00	1.000000e-02	-1.429227e-02	nan	nan
1.000000e-02	2.000000e-02	3.183190e-01	nan	nan
2.000000e-02	3.000000e-02	4.912538e-01	nan	nan
3.000000e-02	4.000000e-02	6.032861e-01	nan	nan
4.000000e-02	5.000000e-02	6.721339e-01	nan	nan
5.000000e-02	6.000000e-02	7.217956e-01	nan	nan
6.000000e-02	7.000000e-02	7.595671e-01	nan	nan
7.000000e-02	8.000000e-02	7.895951e-01	nan	nan
8.000000e-02	9.000000e-02	8.170057e-01	nan	nan
9.000000e-02	1.000000e-01	8.364134e-01	nan	nan
1.000000e-01	1.100000e-01	8.596666e-01	nan	nan
1.100000e-01	1.200000e-01	8.748542e-01	nan	nan
1.200000e-01	1.300000e-01	8.867406e-01	nan	nan
1.300000e-01	1.400000e-01	8.980720e-01	nan	nan
1.400000e-01	1.500000e-01	9.085227e-01	nan	nan
1.500000e-01	1.600000e-01	9.172382e-01	nan	nan
1.600000e-01	1.700000e-01	9.246254e-01	nan	nan
1.700000e-01	1.800000e-01	9.314539e-01	nan	nan
1.800000e-01	1.900000e-01	9.377762e-01	nan	nan
1.900000e-01	2.000000e-01	9.435887e-01	nan	nan
2.000000e-01	2.100000e-01	9.480938e-01	nan	nan
2.100000e-01	2.200000e-01	9.527121e-01	nan	nan
2.200000e-01	2.300000e-01	9.571169e-01	nan	nan
2.300000e-01	2.400000e-01	9.617803e-01	nan	nan
2.400000e-01	2.500000e-01	9.651889e-01	nan	nan
2.500000e-01	2.600000e-01	9.687891e-01	nan	nan
2.600000e-01	2.700000e-01	9.723066e-01	nan	nan
2.700000e-01	2.800000e-01	9.750750e-01	nan	nan
2.800000e-01	2.900000e-01	9.777011e-01	nan	nan
2.900000e-01	3.000000e-01	9.803320e-01	nan	nan
3.000000e-01	3.100000e-01	9.826425e-01	nan	nan
3.100000e-01	3.200000e-01	9.850458e-01	nan	nan
3.200000e-01	3.300000e-01	9.868846e-01	nan	nan
3.300000e-01	3.400000e-01	9.887528e-01	nan	nan
3.400000e-01	3.500000e-01	9.904359e-01	nan	nan
3.500000e-01	3.600000e-01	9.915963e-01	nan	nan
3.600000e-01	3.700000e-01	9.928865e-01	nan	nan
3.700000e-01	3.800000e-01	9.939734e-01	nan	nan
3.800000e-01	3.900000e-01	9.950704e-01	nan	nan
3.900000e-01	4.000000e-01	9.959715e-01	nan	nan
4.000000e-01	4.100000e-01	9.969102e-01	nan	nan
4.100000e-01	4.200000e-01	9.975623e-01	nan	nan
4.200000e-01	4.300000e-01	9.980738e-01	nan	nan
4.300000e-01	4.400000e-01	9.984860e-01	nan	nan
4.400000e-01	4.500000e-01	9.989159e-01	nan	nan
4.500000e-01	4.600000e-01	9.992540e-01	nan	nan
4.600000e-01	4.700000e-01	9.995347e-01	nan	nan
4.700000e-01	4.800000e-01	9.998567e-01	nan	nan
4.800000e-01	4.900000e-01	9.999415e-01	nan	nan
4.900000e-01	5.000000e-01	1.000000e+00	nan	nan
5.000000e-01	5.100000e-01	1.000000e+00	nan	nan
5.100000e-01	5.200000e-01	1.000000e+00	nan	nan
5.200000e-01	5.300000e-01	1.000000e+00	nan	nan
5.300000e-01	5.400000e-01	1.000000e+00	nan	nan
5.400000e-01	5.500000e-01	1.000000e+00	nan	nan
5.500000e-01	5.600000e-01	1.000000e+00	nan	nan
5.600000e-01	5.700000e-01	1.000000e+00	nan	nan
5.700000e-01	5.800000e-01	1.000000e+00	nan	nan
5.800000e-01	5.900000e-01	1.000000e+00	nan	nan
5.900000e-01	6.000000e-01	1.000000e+00	nan	nan
6.000000e-01	6.100000e-01	1.000000e+00	nan	nan
6.100000e-01	6.200000e-01	1.000000e+00	nan	nan
6.200000e-01	6.300000e-01	1.000000e+00	nan	nan
6.300000e-01	6.400000e-01	1.000000e+00	nan	nan
6.400000e-01	6.500000e-01	1.000000e+00	nan	nan
6.500000e-01	6.600000e-01	1.000000e+00	nan	nan
6.600000e-01	6.700000e-01	1.000000e+00	nan	nan
6.700000e-01	6.800000e-01	1.000000e+00	nan	nan
6.800000e-01	6.900000e-01	1.000000e+00	nan	nan
6.900000e-01	7.000000e-01	1.000000e+00	nan	nan
7.000000e-01	7.100000e-01	1.000000e+00	nan	nan
7.100000e-01	7.200000e-01	1.000000e+00	nan	nan
7.200000e-01	7.300000e-01	1.000000e+00	nan	nan
7.300000e-01	7.400000e-01	1.000000e+00	nan	nan
7.400000e-01	7.500000e-01	1.000000e+00	nan	nan
7.500000e-01	7.600000e-01	1.000000e+00	nan	nan
7.600000e-01	7.700000e-01	1.000000e+00	nan	nan
7.700000e-01	7.800000e-01	1.000000e+00	nan	nan
7.800000e-01	7.900000e-01	1.000000e+00	nan	nan
7.900000e-01	8.000000e-01	1.000000e+00	nan	nan
8.000000e-01	8.100000e-01	1.000000e+00	nan	nan
8.100000e-01	8.200000e-01	1.000000e+00	nan	nan
8.200000e-01	8.300000e-01	1.000000e+00	nan	nan
8.300000e-01	8.400000e-01	1.000000e+00	nan	nan
8.400000e-01	8.500000e-01	1.000000e+00	nan	nan
8.500000e-01	8.600000e-01	1.000000e+00	nan	nan
8.600000e-01	8.700000e-01	1.000000e+00	nan	nan
8.700000e-01	8.800000e-01	1.000000e+00	nan	nan
8.800000e-01	8.900000e-01	1.000000e+00	nan	nan
8.900000e-01	9.000000e-01	1.000000e+00	nan	nan
9.000000e-01	9.100000e-01	1.000000e+00	nan	nan
9.100000e-01	9.200000e-01	1.000000e+00	nan	nan
9.200000e-01	9.300000e-01	1.000000e+00	nan	nan
9.300000e-01	9.400000e-01	1.000000e+00	nan	nan
9.400000e-01	9.500000e-01	1.000000e+00	nan	nan
9.500000e-01	9.600000e-01	1.000000e+00	nan	nan
9.600000e-01	9.700000e-01	1.000000e+00	nan	nan
9.700000e-01	9.800000e-01	1.000000e+00	nan	nan
9.800000e-01	9.900000e-01	1.000000e+00	nan	nan
9.900000e-01	1.000000e+00	1.000000e+00	nan	nan
1.000000e+00	1.010000e+00	1.000000e+00	nan	nan
1.010000e+00	1.020000e+00	1.000000e+00	nan	nan
1.020000e+00	1.030000e+00	1.000000e+00	nan	nan
1.030000e+00	1.040000e+00	1.000000e+00	nan	nan
1.040000e+00	1.050000e+00	1.000000e+00	nan	nan
1.050000e+00	1.060000e+00	1.000000e+00	nan	nan
1.060000e+00	1.070000e+00	1.000000e+00	nan	nan
1.070000e+00	1.080000e+00	1.000000e+00	nan	nan
1.080000e+00	1.090000e+00	1.000000e+00	nan	nan
1.090000e+00	1.100000e+00	1.000000e+00	nan	nan
1.100000e+00	1.110000e+00	1.000000e+00	nan	nan
1.110000e+00	1.120000e+00	1.000000e+00	nan	nan
1.120000e+00	1.130000e+00	1.000000e+00	nan	nan
1.130000e+00	1.140000e+00	1.000000e+00	nan	nan
1.140000e+00	1.150000e+00	1.000000e+00	nan	nan
1.150000e+00	1.160000e+00	1.000000e+00	nan	nan
1.160000e+00	1.170000e+00	1.000000e+00	nan	nan
1.170000e+00	1.180000e+00	1.000000e+00	nan	nan
1.180000e+00	1.190000e+00	1.000000e+00	nan	nan
1.190000e+00	1.200000e+00	1.000000e+00	nan	nan
1.200000e+00	1.210000e+00	1.000000e+00	nan	nan
1.210000e+00	1.220000e+00	1.000000e+00	nan	nan
1.220000e+00	1.230000e+00	1.000000e+00	nan	nan
1.230000e+00	1.240000e+00	1.000000e+00	nan	nan
1.240000e+00	1.250000e+00	1.000000e+00	nan	nan
1.250000e+00	1.260000e+00	1.000000e+00	nan	nan
1.260000e+00	1.270000e+00	1.000000e+00	nan	nan
1.270000e+00	1.280000e+00	1.000000e+00	nan	nan
1.280000e+00	1.290000e+00	1.000000e+00	nan	nan
1.290000e+00	1.300000e+00	1.000000e+00	nan	nan
1.300000e+00	1.310000e+00	1.000000e+00	nan	nan
1.310000e+00	1.320000e+00	1.000000e+00	nan	nan
1.320000e+00	1.330000e+00	1.000000e+00	nan	nan
1.330000e+00	1.340000e+00	1.000000e+00	nan	nan
1.340000e+00	1.350000e+00	1.000000e+00	nan	nan
1.350000e+00	1.360000e+00	1.000000e+00	nan	nan
1.360000e+00	1.370000e+00	1.000000e+00	nan	nan
1.370000e+00	1.380000e+00	1.000000e+00	nan	nan
1.380000e+00	1.390000e+00	1.000000e+00	nan	nan
1.390000e+00	1.400000e+00	1.000000e+00	nan	nan
1.400000e+00	1.410000e+00	1.000000e+00	nan	nan
1.410000e+00	1.420000e+00	1.000000e+00	nan	nan
1.420000e+00	1.430000e+00	1.000000e+00	nan	nan
1.430000e+00	1.440000e+00	1.000000e+00	nan	nan
1.440000e+00	1.450000e+00	1.000000e+00	nan	nan
1.450000e+00	1.460000e+00	1.000000e+00	nan	nan
1.460000e+00	1.470000e+00	1.000000e+00	nan	nan
1.470000e+00	1.480000e+00	1.000000e+00	nan	nan
1.480000e+00	1.490000e+00	1.000000e+00	nan	nan
1.490000e+00	1.500000e+00	1.000000e+00	nan	nan
# END HISTO1D

