# BEGIN PLOT
XTwosidedTicks=1
DrawOnly=//nfs/farm/g/theory/qcdsim/shoeche/runs/lhjets/jj/mcnlo/css-2/run.yoda/LH2017_ZHSHAPES/psi_0.7_100 //nfs/farm/g/theory/qcdsim/shoeche/runs/lhjets/jj/mcnlo/css-1em-2/run.yoda/LH2017_ZHSHAPES/psi_0.7_100 //nfs/farm/g/theory/qcdsim/shoeche/runs/lhjets/jj/nlo/cs-2/run.yoda/LH2017_ZHSHAPES/psi_0.7_100
RatioPlotReference=//nfs/farm/g/theory/qcdsim/shoeche/runs/lhjets/jj/nlo/cs-2/run.yoda/LH2017_ZHSHAPES/psi_0.7_100
XTwosidedTicks=1
YTwosidedTicks=1
TopMargin=0.0
RatioPlot=1
BottomMargin=0.0
MainPlot=0
RatioPlotYSize=2.5
XMax=0.7
DrawSpecialInRatio=1
LegendXPos=0.35
LegendYPos=0.8
LogY=1
RatioPlotYLabel=
LegendOnly=//nfs/farm/g/theory/qcdsim/shoeche/runs/lhjets/jj/mcnlo/css-2/run.yoda/LH2017_ZHSHAPES/psi_0.7_100 //nfs/farm/g/theory/qcdsim/shoeche/runs/lhjets/jj/mcnlo/css-1em-2/run.yoda/LH2017_ZHSHAPES/psi_0.7_100 //nfs/farm/g/theory/qcdsim/shoeche/runs/lhjets/jj/nlo/cs-2/run.yoda/LH2017_ZHSHAPES/psi_0.7_100
RatioPlotSameStyle=1
YTwosidedTicks=1
Legend=0
# END PLOT
# BEGIN SPECIAL text
\rput[br](0.95,0.2){$k_T>100GeV$}
# END SPECIAL

# BEGIN HISTO1D //nfs/farm/g/theory/qcdsim/shoeche/runs/lhjets/jj/mcnlo/css-2/run.yoda/LH2017_ZHSHAPES/psi_0.7_100
LineColor=red
LineStyle=solid
Path=//nfs/farm/g/theory/qcdsim/shoeche/runs/lhjets/jj/mcnlo/css-2/run.yoda/LH2017_ZHSHAPES/psi_0.7_100
Title=run
XLabel=
YLabel=
# xlow	 xhigh	 val	 errminus	 errplus
0.000000e+00	1.000000e-02	1.188967e-01	3.335466e-04	3.335466e-04
1.000000e-02	2.000000e-02	2.122626e-01	4.034933e-04	4.034933e-04
2.000000e-02	3.000000e-02	3.038259e-01	4.377690e-04	4.377690e-04
3.000000e-02	4.000000e-02	3.786819e-01	4.485311e-04	4.485311e-04
4.000000e-02	5.000000e-02	4.418891e-01	4.476859e-04	4.476859e-04
5.000000e-02	6.000000e-02	4.952239e-01	4.405282e-04	4.405282e-04
6.000000e-02	7.000000e-02	5.409433e-01	4.296459e-04	4.296459e-04
7.000000e-02	8.000000e-02	5.803971e-01	4.167531e-04	4.167531e-04
8.000000e-02	9.000000e-02	6.147667e-01	4.026044e-04	4.026044e-04
9.000000e-02	1.000000e-01	6.452444e-01	3.878310e-04	3.878310e-04
1.000000e-01	1.100000e-01	6.722432e-01	3.727690e-04	3.727690e-04
1.100000e-01	1.200000e-01	6.962578e-01	3.578804e-04	3.578804e-04
1.200000e-01	1.300000e-01	7.179725e-01	3.430362e-04	3.430362e-04
1.300000e-01	1.400000e-01	7.373784e-01	3.286108e-04	3.286108e-04
1.400000e-01	1.500000e-01	7.550212e-01	3.145566e-04	3.145566e-04
1.500000e-01	1.600000e-01	7.711512e-01	3.007115e-04	3.007115e-04
1.600000e-01	1.700000e-01	7.861068e-01	2.870146e-04	2.870146e-04
1.700000e-01	1.800000e-01	7.996804e-01	2.738661e-04	2.738661e-04
1.800000e-01	1.900000e-01	8.122893e-01	2.610400e-04	2.610400e-04
1.900000e-01	2.000000e-01	8.239119e-01	2.486308e-04	2.486308e-04
2.000000e-01	2.100000e-01	8.346339e-01	2.366769e-04	2.366769e-04
2.100000e-01	2.200000e-01	8.446036e-01	2.249730e-04	2.249730e-04
2.200000e-01	2.300000e-01	8.539750e-01	2.135332e-04	2.135332e-04
2.300000e-01	2.400000e-01	8.625906e-01	2.027564e-04	2.027564e-04
2.400000e-01	2.500000e-01	8.706503e-01	1.925555e-04	1.925555e-04
2.500000e-01	2.600000e-01	8.782580e-01	1.825629e-04	1.825629e-04
2.600000e-01	2.700000e-01	8.854352e-01	1.728967e-04	1.728967e-04
2.700000e-01	2.800000e-01	8.921869e-01	1.636011e-04	1.636011e-04
2.800000e-01	2.900000e-01	8.985178e-01	1.548932e-04	1.548932e-04
2.900000e-01	3.000000e-01	9.044956e-01	1.465385e-04	1.465385e-04
3.000000e-01	3.100000e-01	9.100993e-01	1.386449e-04	1.386449e-04
3.100000e-01	3.200000e-01	9.154328e-01	1.312462e-04	1.312462e-04
3.200000e-01	3.300000e-01	9.204633e-01	1.243216e-04	1.243216e-04
3.300000e-01	3.400000e-01	9.252520e-01	1.178111e-04	1.178111e-04
3.400000e-01	3.500000e-01	9.298172e-01	1.116817e-04	1.116817e-04
3.500000e-01	3.600000e-01	9.341532e-01	1.059949e-04	1.059949e-04
3.600000e-01	3.700000e-01	9.382726e-01	1.005556e-04	1.005556e-04
3.700000e-01	3.800000e-01	9.421475e-01	9.548752e-05	9.548752e-05
3.800000e-01	3.900000e-01	9.458566e-01	9.058134e-05	9.058134e-05
3.900000e-01	4.000000e-01	9.494167e-01	8.591766e-05	8.591766e-05
4.000000e-01	4.100000e-01	9.527643e-01	8.159025e-05	8.159025e-05
4.100000e-01	4.200000e-01	9.560130e-01	7.729285e-05	7.729285e-05
4.200000e-01	4.300000e-01	9.591057e-01	7.315297e-05	7.315297e-05
4.300000e-01	4.400000e-01	9.620388e-01	6.925918e-05	6.925918e-05
4.400000e-01	4.500000e-01	9.648403e-01	6.548308e-05	6.548308e-05
4.500000e-01	4.600000e-01	9.675262e-01	6.176898e-05	6.176898e-05
4.600000e-01	4.700000e-01	9.701104e-01	5.821444e-05	5.821444e-05
4.700000e-01	4.800000e-01	9.725651e-01	5.472376e-05	5.472376e-05
4.800000e-01	4.900000e-01	9.749445e-01	5.123938e-05	5.123938e-05
4.900000e-01	5.000000e-01	9.772041e-01	4.790537e-05	4.790537e-05
5.000000e-01	5.100000e-01	9.793265e-01	4.468000e-05	4.468000e-05
5.100000e-01	5.200000e-01	9.813652e-01	4.150823e-05	4.150823e-05
5.200000e-01	5.300000e-01	9.833051e-01	3.839057e-05	3.839057e-05
5.300000e-01	5.400000e-01	9.851468e-01	3.533787e-05	3.533787e-05
5.400000e-01	5.500000e-01	9.868777e-01	3.244125e-05	3.244125e-05
5.500000e-01	5.600000e-01	9.885265e-01	2.955817e-05	2.955817e-05
5.600000e-01	5.700000e-01	9.900791e-01	2.673319e-05	2.673319e-05
5.700000e-01	5.800000e-01	9.915188e-01	2.400104e-05	2.400104e-05
5.800000e-01	5.900000e-01	9.928590e-01	2.133697e-05	2.133697e-05
5.900000e-01	6.000000e-01	9.940807e-01	1.882829e-05	1.882829e-05
6.000000e-01	6.100000e-01	9.952182e-01	1.632713e-05	1.632713e-05
6.100000e-01	6.200000e-01	9.962568e-01	1.385624e-05	1.385624e-05
6.200000e-01	6.300000e-01	9.971671e-01	1.152462e-05	1.152462e-05
6.300000e-01	6.400000e-01	9.979591e-01	9.314716e-06	9.314716e-06
6.400000e-01	6.500000e-01	9.986215e-01	7.271814e-06	7.271814e-06
6.500000e-01	6.600000e-01	9.991614e-01	5.495403e-06	5.495403e-06
6.600000e-01	6.700000e-01	9.995472e-01	3.806348e-06	3.806348e-06
6.700000e-01	6.800000e-01	9.997813e-01	2.909764e-06	2.909764e-06
6.800000e-01	6.900000e-01	9.998851e-01	2.486286e-06	2.486286e-06
6.900000e-01	7.000000e-01	9.999122e-01	1.965738e-06	1.965738e-06
7.000000e-01	7.100000e-01	9.999283e-01	1.966461e-06	1.966461e-06
7.100000e-01	7.200000e-01	9.999394e-01	1.966878e-06	1.966878e-06
7.200000e-01	7.300000e-01	9.999505e-01	1.523448e-06	1.523448e-06
7.300000e-01	7.400000e-01	9.999596e-01	1.523745e-06	1.523745e-06
7.400000e-01	7.500000e-01	9.999673e-01	1.244140e-06	1.244140e-06
7.500000e-01	7.600000e-01	9.999721e-01	1.244272e-06	1.244272e-06
7.600000e-01	7.700000e-01	9.999777e-01	8.797646e-07	8.797646e-07
7.700000e-01	7.800000e-01	9.999819e-01	1.909723e-08	1.909723e-08
7.800000e-01	7.900000e-01	9.999847e-01	1.244514e-06	1.244514e-06
7.900000e-01	8.000000e-01	9.999882e-01	8.799900e-07	8.799900e-07
8.000000e-01	8.100000e-01	9.999909e-01	9.548617e-09	9.548617e-09
8.100000e-01	8.200000e-01	9.999923e-01	8.800415e-07	8.800415e-07
8.200000e-01	8.300000e-01	9.999944e-01	5.876075e-09	5.876075e-09
8.300000e-01	8.400000e-01	9.999958e-01	4.407041e-09	4.407041e-09
8.400000e-01	8.500000e-01	9.999965e-01	8.800709e-07	8.800709e-07
8.500000e-01	8.600000e-01	9.999979e-01	2.203512e-09	2.203512e-09
8.600000e-01	8.700000e-01	9.999986e-01	8.800798e-07	8.800798e-07
8.700000e-01	8.800000e-01	9.999986e-01	8.800773e-07	8.800773e-07
8.800000e-01	8.900000e-01	9.999986e-01	8.800773e-07	8.800773e-07
8.900000e-01	9.000000e-01	9.999993e-01	7.345384e-10	7.345384e-10
9.000000e-01	9.100000e-01	9.999993e-01	7.345384e-10	7.345384e-10
9.100000e-01	9.200000e-01	9.999993e-01	8.800783e-07	8.800783e-07
9.200000e-01	9.300000e-01	9.999993e-01	8.800783e-07	8.800783e-07
9.300000e-01	9.400000e-01	9.999993e-01	8.800783e-07	8.800783e-07
9.400000e-01	9.500000e-01	1.000000e+00	0.000000e+00	0.000000e+00
9.500000e-01	9.600000e-01	1.000000e+00	0.000000e+00	0.000000e+00
9.600000e-01	9.700000e-01	1.000000e+00	0.000000e+00	0.000000e+00
9.700000e-01	9.800000e-01	1.000000e+00	0.000000e+00	0.000000e+00
9.800000e-01	9.900000e-01	1.000000e+00	0.000000e+00	0.000000e+00
9.900000e-01	1.000000e+00	1.000000e+00	0.000000e+00	0.000000e+00
1.000000e+00	1.010000e+00	1.000000e+00	0.000000e+00	0.000000e+00
1.010000e+00	1.020000e+00	1.000000e+00	0.000000e+00	0.000000e+00
1.020000e+00	1.030000e+00	1.000000e+00	0.000000e+00	0.000000e+00
1.030000e+00	1.040000e+00	1.000000e+00	0.000000e+00	0.000000e+00
1.040000e+00	1.050000e+00	1.000000e+00	0.000000e+00	0.000000e+00
1.050000e+00	1.060000e+00	1.000000e+00	0.000000e+00	0.000000e+00
1.060000e+00	1.070000e+00	1.000000e+00	0.000000e+00	0.000000e+00
1.070000e+00	1.080000e+00	1.000000e+00	0.000000e+00	0.000000e+00
1.080000e+00	1.090000e+00	1.000000e+00	0.000000e+00	0.000000e+00
1.090000e+00	1.100000e+00	1.000000e+00	0.000000e+00	0.000000e+00
1.100000e+00	1.110000e+00	1.000000e+00	0.000000e+00	0.000000e+00
1.110000e+00	1.120000e+00	1.000000e+00	0.000000e+00	0.000000e+00
1.120000e+00	1.130000e+00	1.000000e+00	0.000000e+00	0.000000e+00
1.130000e+00	1.140000e+00	1.000000e+00	0.000000e+00	0.000000e+00
1.140000e+00	1.150000e+00	1.000000e+00	0.000000e+00	0.000000e+00
1.150000e+00	1.160000e+00	1.000000e+00	0.000000e+00	0.000000e+00
1.160000e+00	1.170000e+00	1.000000e+00	0.000000e+00	0.000000e+00
1.170000e+00	1.180000e+00	1.000000e+00	0.000000e+00	0.000000e+00
1.180000e+00	1.190000e+00	1.000000e+00	0.000000e+00	0.000000e+00
1.190000e+00	1.200000e+00	1.000000e+00	0.000000e+00	0.000000e+00
1.200000e+00	1.210000e+00	1.000000e+00	0.000000e+00	0.000000e+00
1.210000e+00	1.220000e+00	1.000000e+00	0.000000e+00	0.000000e+00
1.220000e+00	1.230000e+00	1.000000e+00	0.000000e+00	0.000000e+00
1.230000e+00	1.240000e+00	1.000000e+00	0.000000e+00	0.000000e+00
1.240000e+00	1.250000e+00	1.000000e+00	0.000000e+00	0.000000e+00
1.250000e+00	1.260000e+00	1.000000e+00	0.000000e+00	0.000000e+00
1.260000e+00	1.270000e+00	1.000000e+00	0.000000e+00	0.000000e+00
1.270000e+00	1.280000e+00	1.000000e+00	0.000000e+00	0.000000e+00
1.280000e+00	1.290000e+00	1.000000e+00	0.000000e+00	0.000000e+00
1.290000e+00	1.300000e+00	1.000000e+00	0.000000e+00	0.000000e+00
1.300000e+00	1.310000e+00	1.000000e+00	0.000000e+00	0.000000e+00
1.310000e+00	1.320000e+00	1.000000e+00	0.000000e+00	0.000000e+00
1.320000e+00	1.330000e+00	1.000000e+00	0.000000e+00	0.000000e+00
1.330000e+00	1.340000e+00	1.000000e+00	0.000000e+00	0.000000e+00
1.340000e+00	1.350000e+00	1.000000e+00	0.000000e+00	0.000000e+00
1.350000e+00	1.360000e+00	1.000000e+00	0.000000e+00	0.000000e+00
1.360000e+00	1.370000e+00	1.000000e+00	0.000000e+00	0.000000e+00
1.370000e+00	1.380000e+00	1.000000e+00	0.000000e+00	0.000000e+00
1.380000e+00	1.390000e+00	1.000000e+00	0.000000e+00	0.000000e+00
1.390000e+00	1.400000e+00	1.000000e+00	0.000000e+00	0.000000e+00
1.400000e+00	1.410000e+00	1.000000e+00	0.000000e+00	0.000000e+00
1.410000e+00	1.420000e+00	1.000000e+00	0.000000e+00	0.000000e+00
1.420000e+00	1.430000e+00	1.000000e+00	0.000000e+00	0.000000e+00
1.430000e+00	1.440000e+00	1.000000e+00	0.000000e+00	0.000000e+00
1.440000e+00	1.450000e+00	1.000000e+00	0.000000e+00	0.000000e+00
1.450000e+00	1.460000e+00	1.000000e+00	0.000000e+00	0.000000e+00
1.460000e+00	1.470000e+00	1.000000e+00	0.000000e+00	0.000000e+00
1.470000e+00	1.480000e+00	1.000000e+00	0.000000e+00	0.000000e+00
1.480000e+00	1.490000e+00	1.000000e+00	0.000000e+00	0.000000e+00
1.490000e+00	1.500000e+00	1.000000e+00	0.000000e+00	0.000000e+00
# END HISTO1D

# BEGIN HISTO1D //nfs/farm/g/theory/qcdsim/shoeche/runs/lhjets/jj/mcnlo/css-1em-2/run.yoda/LH2017_ZHSHAPES/psi_0.7_100
LineColor=blue
LineStyle=solid
Path=//nfs/farm/g/theory/qcdsim/shoeche/runs/lhjets/jj/mcnlo/css-1em-2/run.yoda/LH2017_ZHSHAPES/psi_0.7_100
Title=run
XLabel=
YLabel=
# xlow	 xhigh	 val	 errminus	 errplus
0.000000e+00	1.000000e-02	9.383196e-01	4.302582e-04	4.302582e-04
1.000000e-02	2.000000e-02	9.389110e-01	4.281051e-04	4.281051e-04
2.000000e-02	3.000000e-02	9.401553e-01	4.234487e-04	4.234487e-04
3.000000e-02	4.000000e-02	9.416624e-01	4.176759e-04	4.176759e-04
4.000000e-02	5.000000e-02	9.434123e-01	4.107406e-04	4.107406e-04
5.000000e-02	6.000000e-02	9.453466e-01	4.029408e-04	4.029408e-04
6.000000e-02	7.000000e-02	9.474492e-01	3.940356e-04	3.940356e-04
7.000000e-02	8.000000e-02	9.497286e-01	3.839019e-04	3.839019e-04
8.000000e-02	9.000000e-02	9.521371e-01	3.728509e-04	3.728509e-04
9.000000e-02	1.000000e-01	9.543647e-01	3.622055e-04	3.622055e-04
1.000000e-01	1.100000e-01	9.567369e-01	3.505718e-04	3.505718e-04
1.100000e-01	1.200000e-01	9.590962e-01	3.383510e-04	3.383510e-04
1.200000e-01	1.300000e-01	9.612964e-01	3.266211e-04	3.266211e-04
1.300000e-01	1.400000e-01	9.633598e-01	3.150860e-04	3.150860e-04
1.400000e-01	1.500000e-01	9.655487e-01	3.024829e-04	3.024829e-04
1.500000e-01	1.600000e-01	9.676288e-01	2.898682e-04	2.898682e-04
1.600000e-01	1.700000e-01	9.696795e-01	2.769832e-04	2.769832e-04
1.700000e-01	1.800000e-01	9.715867e-01	2.645435e-04	2.645435e-04
1.800000e-01	1.900000e-01	9.735239e-01	2.515153e-04	2.515153e-04
1.900000e-01	2.000000e-01	9.753003e-01	2.385725e-04	2.385725e-04
2.000000e-01	2.100000e-01	9.769633e-01	2.264260e-04	2.264260e-04
2.100000e-01	2.200000e-01	9.786625e-01	2.132879e-04	2.132879e-04
2.200000e-01	2.300000e-01	9.802384e-01	2.001328e-04	2.001328e-04
2.300000e-01	2.400000e-01	9.816443e-01	1.889240e-04	1.889240e-04
2.400000e-01	2.500000e-01	9.829713e-01	1.771394e-04	1.771394e-04
2.500000e-01	2.600000e-01	9.842712e-01	1.657654e-04	1.657654e-04
2.600000e-01	2.700000e-01	9.854544e-01	1.546654e-04	1.546654e-04
2.700000e-01	2.800000e-01	9.866656e-01	1.425329e-04	1.425329e-04
2.800000e-01	2.900000e-01	9.879237e-01	1.301470e-04	1.301470e-04
2.900000e-01	3.000000e-01	9.889810e-01	1.191614e-04	1.191614e-04
3.000000e-01	3.100000e-01	9.898834e-01	1.100746e-04	1.100746e-04
3.100000e-01	3.200000e-01	9.908001e-01	1.007325e-04	1.007325e-04
3.200000e-01	3.300000e-01	9.916241e-01	9.322490e-05	9.322490e-05
3.300000e-01	3.400000e-01	9.923991e-01	8.611117e-05	8.611117e-05
3.400000e-01	3.500000e-01	9.931426e-01	8.017613e-05	8.017613e-05
3.500000e-01	3.600000e-01	9.938125e-01	7.518848e-05	7.518848e-05
3.600000e-01	3.700000e-01	9.944987e-01	6.979616e-05	6.979616e-05
3.700000e-01	3.800000e-01	9.950672e-01	6.516259e-05	6.516259e-05
3.800000e-01	3.900000e-01	9.956405e-01	6.019552e-05	6.019552e-05
3.900000e-01	4.000000e-01	9.961288e-01	5.588323e-05	5.588323e-05
4.000000e-01	4.100000e-01	9.965915e-01	5.152974e-05	5.152974e-05
4.100000e-01	4.200000e-01	9.970308e-01	4.715585e-05	4.715585e-05
4.200000e-01	4.300000e-01	9.973884e-01	4.354742e-05	4.354742e-05
4.300000e-01	4.400000e-01	9.976992e-01	4.031941e-05	4.031941e-05
4.400000e-01	4.500000e-01	9.980058e-01	3.683780e-05	3.683780e-05
4.500000e-01	4.600000e-01	9.983008e-01	3.327197e-05	3.327197e-05
4.600000e-01	4.700000e-01	9.985454e-01	3.020320e-05	3.020320e-05
4.700000e-01	4.800000e-01	9.987764e-01	2.713507e-05	2.713507e-05
4.800000e-01	4.900000e-01	9.989758e-01	2.425735e-05	2.425735e-05
4.900000e-01	5.000000e-01	9.991492e-01	2.162837e-05	2.162837e-05
5.000000e-01	5.100000e-01	9.993120e-01	1.896889e-05	1.896889e-05
5.100000e-01	5.200000e-01	9.994371e-01	1.673695e-05	1.673695e-05
5.200000e-01	5.300000e-01	9.995509e-01	1.456994e-05	1.456994e-05
5.300000e-01	5.400000e-01	9.996488e-01	1.250224e-05	1.250224e-05
5.400000e-01	5.500000e-01	9.997272e-01	1.067994e-05	1.067994e-05
5.500000e-01	5.600000e-01	9.997923e-01	9.049826e-06	9.049826e-06
5.600000e-01	5.700000e-01	9.998467e-01	7.493512e-06	7.493512e-06
5.700000e-01	5.800000e-01	9.998899e-01	6.144409e-06	6.144409e-06
5.800000e-01	5.900000e-01	9.999228e-01	4.893558e-06	4.893558e-06
5.900000e-01	6.000000e-01	9.999507e-01	3.717360e-06	3.717360e-06
6.000000e-01	6.100000e-01	9.999677e-01	2.879685e-06	2.879685e-06
6.100000e-01	6.200000e-01	9.999787e-01	2.351416e-06	2.351416e-06
6.200000e-01	6.300000e-01	9.999876e-01	1.662773e-06	1.662773e-06
6.300000e-01	6.400000e-01	9.999934e-01	1.357717e-06	1.357717e-06
6.400000e-01	6.500000e-01	9.999968e-01	5.668609e-09	5.668609e-09
6.500000e-01	6.600000e-01	9.999991e-01	9.600865e-07	9.600865e-07
6.600000e-01	6.700000e-01	1.000000e+00	9.600878e-07	9.600878e-07
6.700000e-01	6.800000e-01	1.000000e+00	0.000000e+00	0.000000e+00
6.800000e-01	6.900000e-01	1.000000e+00	0.000000e+00	0.000000e+00
6.900000e-01	7.000000e-01	1.000000e+00	0.000000e+00	0.000000e+00
7.000000e-01	7.100000e-01	1.000000e+00	0.000000e+00	0.000000e+00
7.100000e-01	7.200000e-01	1.000000e+00	0.000000e+00	0.000000e+00
7.200000e-01	7.300000e-01	1.000000e+00	0.000000e+00	0.000000e+00
7.300000e-01	7.400000e-01	1.000000e+00	0.000000e+00	0.000000e+00
7.400000e-01	7.500000e-01	1.000000e+00	0.000000e+00	0.000000e+00
7.500000e-01	7.600000e-01	1.000000e+00	0.000000e+00	0.000000e+00
7.600000e-01	7.700000e-01	1.000000e+00	0.000000e+00	0.000000e+00
7.700000e-01	7.800000e-01	1.000000e+00	0.000000e+00	0.000000e+00
7.800000e-01	7.900000e-01	1.000000e+00	0.000000e+00	0.000000e+00
7.900000e-01	8.000000e-01	1.000000e+00	0.000000e+00	0.000000e+00
8.000000e-01	8.100000e-01	1.000000e+00	0.000000e+00	0.000000e+00
8.100000e-01	8.200000e-01	1.000000e+00	0.000000e+00	0.000000e+00
8.200000e-01	8.300000e-01	1.000000e+00	0.000000e+00	0.000000e+00
8.300000e-01	8.400000e-01	1.000000e+00	0.000000e+00	0.000000e+00
8.400000e-01	8.500000e-01	1.000000e+00	0.000000e+00	0.000000e+00
8.500000e-01	8.600000e-01	1.000000e+00	0.000000e+00	0.000000e+00
8.600000e-01	8.700000e-01	1.000000e+00	0.000000e+00	0.000000e+00
8.700000e-01	8.800000e-01	1.000000e+00	0.000000e+00	0.000000e+00
8.800000e-01	8.900000e-01	1.000000e+00	0.000000e+00	0.000000e+00
8.900000e-01	9.000000e-01	1.000000e+00	0.000000e+00	0.000000e+00
9.000000e-01	9.100000e-01	1.000000e+00	0.000000e+00	0.000000e+00
9.100000e-01	9.200000e-01	1.000000e+00	0.000000e+00	0.000000e+00
9.200000e-01	9.300000e-01	1.000000e+00	0.000000e+00	0.000000e+00
9.300000e-01	9.400000e-01	1.000000e+00	0.000000e+00	0.000000e+00
9.400000e-01	9.500000e-01	1.000000e+00	0.000000e+00	0.000000e+00
9.500000e-01	9.600000e-01	1.000000e+00	0.000000e+00	0.000000e+00
9.600000e-01	9.700000e-01	1.000000e+00	0.000000e+00	0.000000e+00
9.700000e-01	9.800000e-01	1.000000e+00	0.000000e+00	0.000000e+00
9.800000e-01	9.900000e-01	1.000000e+00	0.000000e+00	0.000000e+00
9.900000e-01	1.000000e+00	1.000000e+00	0.000000e+00	0.000000e+00
1.000000e+00	1.010000e+00	1.000000e+00	0.000000e+00	0.000000e+00
1.010000e+00	1.020000e+00	1.000000e+00	0.000000e+00	0.000000e+00
1.020000e+00	1.030000e+00	1.000000e+00	0.000000e+00	0.000000e+00
1.030000e+00	1.040000e+00	1.000000e+00	0.000000e+00	0.000000e+00
1.040000e+00	1.050000e+00	1.000000e+00	0.000000e+00	0.000000e+00
1.050000e+00	1.060000e+00	1.000000e+00	0.000000e+00	0.000000e+00
1.060000e+00	1.070000e+00	1.000000e+00	0.000000e+00	0.000000e+00
1.070000e+00	1.080000e+00	1.000000e+00	0.000000e+00	0.000000e+00
1.080000e+00	1.090000e+00	1.000000e+00	0.000000e+00	0.000000e+00
1.090000e+00	1.100000e+00	1.000000e+00	0.000000e+00	0.000000e+00
1.100000e+00	1.110000e+00	1.000000e+00	0.000000e+00	0.000000e+00
1.110000e+00	1.120000e+00	1.000000e+00	0.000000e+00	0.000000e+00
1.120000e+00	1.130000e+00	1.000000e+00	0.000000e+00	0.000000e+00
1.130000e+00	1.140000e+00	1.000000e+00	0.000000e+00	0.000000e+00
1.140000e+00	1.150000e+00	1.000000e+00	0.000000e+00	0.000000e+00
1.150000e+00	1.160000e+00	1.000000e+00	0.000000e+00	0.000000e+00
1.160000e+00	1.170000e+00	1.000000e+00	0.000000e+00	0.000000e+00
1.170000e+00	1.180000e+00	1.000000e+00	0.000000e+00	0.000000e+00
1.180000e+00	1.190000e+00	1.000000e+00	0.000000e+00	0.000000e+00
1.190000e+00	1.200000e+00	1.000000e+00	0.000000e+00	0.000000e+00
1.200000e+00	1.210000e+00	1.000000e+00	0.000000e+00	0.000000e+00
1.210000e+00	1.220000e+00	1.000000e+00	0.000000e+00	0.000000e+00
1.220000e+00	1.230000e+00	1.000000e+00	0.000000e+00	0.000000e+00
1.230000e+00	1.240000e+00	1.000000e+00	0.000000e+00	0.000000e+00
1.240000e+00	1.250000e+00	1.000000e+00	0.000000e+00	0.000000e+00
1.250000e+00	1.260000e+00	1.000000e+00	0.000000e+00	0.000000e+00
1.260000e+00	1.270000e+00	1.000000e+00	0.000000e+00	0.000000e+00
1.270000e+00	1.280000e+00	1.000000e+00	0.000000e+00	0.000000e+00
1.280000e+00	1.290000e+00	1.000000e+00	0.000000e+00	0.000000e+00
1.290000e+00	1.300000e+00	1.000000e+00	0.000000e+00	0.000000e+00
1.300000e+00	1.310000e+00	1.000000e+00	0.000000e+00	0.000000e+00
1.310000e+00	1.320000e+00	1.000000e+00	0.000000e+00	0.000000e+00
1.320000e+00	1.330000e+00	1.000000e+00	0.000000e+00	0.000000e+00
1.330000e+00	1.340000e+00	1.000000e+00	0.000000e+00	0.000000e+00
1.340000e+00	1.350000e+00	1.000000e+00	0.000000e+00	0.000000e+00
1.350000e+00	1.360000e+00	1.000000e+00	0.000000e+00	0.000000e+00
1.360000e+00	1.370000e+00	1.000000e+00	0.000000e+00	0.000000e+00
1.370000e+00	1.380000e+00	1.000000e+00	0.000000e+00	0.000000e+00
1.380000e+00	1.390000e+00	1.000000e+00	0.000000e+00	0.000000e+00
1.390000e+00	1.400000e+00	1.000000e+00	0.000000e+00	0.000000e+00
1.400000e+00	1.410000e+00	1.000000e+00	0.000000e+00	0.000000e+00
1.410000e+00	1.420000e+00	1.000000e+00	0.000000e+00	0.000000e+00
1.420000e+00	1.430000e+00	1.000000e+00	0.000000e+00	0.000000e+00
1.430000e+00	1.440000e+00	1.000000e+00	0.000000e+00	0.000000e+00
1.440000e+00	1.450000e+00	1.000000e+00	0.000000e+00	0.000000e+00
1.450000e+00	1.460000e+00	1.000000e+00	0.000000e+00	0.000000e+00
1.460000e+00	1.470000e+00	1.000000e+00	0.000000e+00	0.000000e+00
1.470000e+00	1.480000e+00	1.000000e+00	0.000000e+00	0.000000e+00
1.480000e+00	1.490000e+00	1.000000e+00	0.000000e+00	0.000000e+00
1.490000e+00	1.500000e+00	1.000000e+00	0.000000e+00	0.000000e+00
# END HISTO1D

# BEGIN HISTO1D //nfs/farm/g/theory/qcdsim/shoeche/runs/lhjets/jj/nlo/cs-2/run.yoda/LH2017_ZHSHAPES/psi_0.7_100
LineColor={[HTML]{2da334}}
LineStyle=solid
Path=//nfs/farm/g/theory/qcdsim/shoeche/runs/lhjets/jj/nlo/cs-2/run.yoda/LH2017_ZHSHAPES/psi_0.7_100
Title=run
XLabel=
YLabel=
# xlow	 xhigh	 val	 errminus	 errplus
0.000000e+00	1.000000e-02	1.604711e-02	nan	nan
1.000000e-02	2.000000e-02	3.173211e-01	nan	nan
2.000000e-02	3.000000e-02	4.679836e-01	nan	nan
3.000000e-02	4.000000e-02	5.591600e-01	nan	nan
4.000000e-02	5.000000e-02	6.290119e-01	nan	nan
5.000000e-02	6.000000e-02	6.797929e-01	nan	nan
6.000000e-02	7.000000e-02	7.189725e-01	nan	nan
7.000000e-02	8.000000e-02	7.503441e-01	nan	nan
8.000000e-02	9.000000e-02	7.754854e-01	nan	nan
9.000000e-02	1.000000e-01	7.984363e-01	nan	nan
1.000000e-01	1.100000e-01	8.173316e-01	nan	nan
1.100000e-01	1.200000e-01	8.337166e-01	nan	nan
1.200000e-01	1.300000e-01	8.485936e-01	nan	nan
1.300000e-01	1.400000e-01	8.620382e-01	nan	nan
1.400000e-01	1.500000e-01	8.727402e-01	nan	nan
1.500000e-01	1.600000e-01	8.829037e-01	nan	nan
1.600000e-01	1.700000e-01	8.915537e-01	nan	nan
1.700000e-01	1.800000e-01	8.997890e-01	nan	nan
1.800000e-01	1.900000e-01	9.068717e-01	nan	nan
1.900000e-01	2.000000e-01	9.133575e-01	nan	nan
2.000000e-01	2.100000e-01	9.191254e-01	nan	nan
2.100000e-01	2.200000e-01	9.249542e-01	nan	nan
2.200000e-01	2.300000e-01	9.302608e-01	nan	nan
2.300000e-01	2.400000e-01	9.350171e-01	nan	nan
2.400000e-01	2.500000e-01	9.390853e-01	nan	nan
2.500000e-01	2.600000e-01	9.430086e-01	nan	nan
2.600000e-01	2.700000e-01	9.467697e-01	nan	nan
2.700000e-01	2.800000e-01	9.505254e-01	nan	nan
2.800000e-01	2.900000e-01	9.541494e-01	nan	nan
2.900000e-01	3.000000e-01	9.572083e-01	nan	nan
3.000000e-01	3.100000e-01	9.600857e-01	nan	nan
3.100000e-01	3.200000e-01	9.627760e-01	nan	nan
3.200000e-01	3.300000e-01	9.653876e-01	nan	nan
3.300000e-01	3.400000e-01	9.677926e-01	nan	nan
3.400000e-01	3.500000e-01	9.700613e-01	nan	nan
3.500000e-01	3.600000e-01	9.721702e-01	nan	nan
3.600000e-01	3.700000e-01	9.740126e-01	nan	nan
3.700000e-01	3.800000e-01	9.759836e-01	nan	nan
3.800000e-01	3.900000e-01	9.775906e-01	nan	nan
3.900000e-01	4.000000e-01	9.792576e-01	nan	nan
4.000000e-01	4.100000e-01	9.808187e-01	nan	nan
4.100000e-01	4.200000e-01	9.823291e-01	nan	nan
4.200000e-01	4.300000e-01	9.836321e-01	nan	nan
4.300000e-01	4.400000e-01	9.850311e-01	nan	nan
4.400000e-01	4.500000e-01	9.863661e-01	nan	nan
4.500000e-01	4.600000e-01	9.875998e-01	nan	nan
4.600000e-01	4.700000e-01	9.887571e-01	nan	nan
4.700000e-01	4.800000e-01	9.898131e-01	nan	nan
4.800000e-01	4.900000e-01	9.908660e-01	nan	nan
4.900000e-01	5.000000e-01	9.917919e-01	nan	nan
5.000000e-01	5.100000e-01	9.926920e-01	nan	nan
5.100000e-01	5.200000e-01	9.935135e-01	nan	nan
5.200000e-01	5.300000e-01	9.942445e-01	nan	nan
5.300000e-01	5.400000e-01	9.948649e-01	nan	nan
5.400000e-01	5.500000e-01	9.955663e-01	nan	nan
5.500000e-01	5.600000e-01	9.960900e-01	nan	nan
5.600000e-01	5.700000e-01	9.966254e-01	nan	nan
5.700000e-01	5.800000e-01	9.971476e-01	nan	nan
5.800000e-01	5.900000e-01	9.975536e-01	nan	nan
5.900000e-01	6.000000e-01	9.979869e-01	nan	nan
6.000000e-01	6.100000e-01	9.983829e-01	nan	nan
6.100000e-01	6.200000e-01	9.987928e-01	nan	nan
6.200000e-01	6.300000e-01	9.990461e-01	nan	nan
6.300000e-01	6.400000e-01	9.992939e-01	nan	nan
6.400000e-01	6.500000e-01	9.995075e-01	nan	nan
6.500000e-01	6.600000e-01	9.996672e-01	nan	nan
6.600000e-01	6.700000e-01	9.997826e-01	nan	nan
6.700000e-01	6.800000e-01	9.998979e-01	nan	nan
6.800000e-01	6.900000e-01	9.999727e-01	nan	nan
6.900000e-01	7.000000e-01	1.000000e+00	nan	nan
7.000000e-01	7.100000e-01	1.000000e+00	nan	nan
7.100000e-01	7.200000e-01	1.000000e+00	nan	nan
7.200000e-01	7.300000e-01	1.000000e+00	nan	nan
7.300000e-01	7.400000e-01	1.000000e+00	nan	nan
7.400000e-01	7.500000e-01	1.000000e+00	nan	nan
7.500000e-01	7.600000e-01	1.000000e+00	nan	nan
7.600000e-01	7.700000e-01	1.000000e+00	nan	nan
7.700000e-01	7.800000e-01	1.000000e+00	nan	nan
7.800000e-01	7.900000e-01	1.000000e+00	nan	nan
7.900000e-01	8.000000e-01	1.000000e+00	nan	nan
8.000000e-01	8.100000e-01	1.000000e+00	nan	nan
8.100000e-01	8.200000e-01	1.000000e+00	nan	nan
8.200000e-01	8.300000e-01	1.000000e+00	nan	nan
8.300000e-01	8.400000e-01	1.000000e+00	nan	nan
8.400000e-01	8.500000e-01	1.000000e+00	nan	nan
8.500000e-01	8.600000e-01	1.000000e+00	nan	nan
8.600000e-01	8.700000e-01	1.000000e+00	nan	nan
8.700000e-01	8.800000e-01	1.000000e+00	nan	nan
8.800000e-01	8.900000e-01	1.000000e+00	nan	nan
8.900000e-01	9.000000e-01	1.000000e+00	nan	nan
9.000000e-01	9.100000e-01	1.000000e+00	nan	nan
9.100000e-01	9.200000e-01	1.000000e+00	nan	nan
9.200000e-01	9.300000e-01	1.000000e+00	nan	nan
9.300000e-01	9.400000e-01	1.000000e+00	nan	nan
9.400000e-01	9.500000e-01	1.000000e+00	nan	nan
9.500000e-01	9.600000e-01	1.000000e+00	nan	nan
9.600000e-01	9.700000e-01	1.000000e+00	nan	nan
9.700000e-01	9.800000e-01	1.000000e+00	nan	nan
9.800000e-01	9.900000e-01	1.000000e+00	nan	nan
9.900000e-01	1.000000e+00	1.000000e+00	nan	nan
1.000000e+00	1.010000e+00	1.000000e+00	nan	nan
1.010000e+00	1.020000e+00	1.000000e+00	nan	nan
1.020000e+00	1.030000e+00	1.000000e+00	nan	nan
1.030000e+00	1.040000e+00	1.000000e+00	nan	nan
1.040000e+00	1.050000e+00	1.000000e+00	nan	nan
1.050000e+00	1.060000e+00	1.000000e+00	nan	nan
1.060000e+00	1.070000e+00	1.000000e+00	nan	nan
1.070000e+00	1.080000e+00	1.000000e+00	nan	nan
1.080000e+00	1.090000e+00	1.000000e+00	nan	nan
1.090000e+00	1.100000e+00	1.000000e+00	nan	nan
1.100000e+00	1.110000e+00	1.000000e+00	nan	nan
1.110000e+00	1.120000e+00	1.000000e+00	nan	nan
1.120000e+00	1.130000e+00	1.000000e+00	nan	nan
1.130000e+00	1.140000e+00	1.000000e+00	nan	nan
1.140000e+00	1.150000e+00	1.000000e+00	nan	nan
1.150000e+00	1.160000e+00	1.000000e+00	nan	nan
1.160000e+00	1.170000e+00	1.000000e+00	nan	nan
1.170000e+00	1.180000e+00	1.000000e+00	nan	nan
1.180000e+00	1.190000e+00	1.000000e+00	nan	nan
1.190000e+00	1.200000e+00	1.000000e+00	nan	nan
1.200000e+00	1.210000e+00	1.000000e+00	nan	nan
1.210000e+00	1.220000e+00	1.000000e+00	nan	nan
1.220000e+00	1.230000e+00	1.000000e+00	nan	nan
1.230000e+00	1.240000e+00	1.000000e+00	nan	nan
1.240000e+00	1.250000e+00	1.000000e+00	nan	nan
1.250000e+00	1.260000e+00	1.000000e+00	nan	nan
1.260000e+00	1.270000e+00	1.000000e+00	nan	nan
1.270000e+00	1.280000e+00	1.000000e+00	nan	nan
1.280000e+00	1.290000e+00	1.000000e+00	nan	nan
1.290000e+00	1.300000e+00	1.000000e+00	nan	nan
1.300000e+00	1.310000e+00	1.000000e+00	nan	nan
1.310000e+00	1.320000e+00	1.000000e+00	nan	nan
1.320000e+00	1.330000e+00	1.000000e+00	nan	nan
1.330000e+00	1.340000e+00	1.000000e+00	nan	nan
1.340000e+00	1.350000e+00	1.000000e+00	nan	nan
1.350000e+00	1.360000e+00	1.000000e+00	nan	nan
1.360000e+00	1.370000e+00	1.000000e+00	nan	nan
1.370000e+00	1.380000e+00	1.000000e+00	nan	nan
1.380000e+00	1.390000e+00	1.000000e+00	nan	nan
1.390000e+00	1.400000e+00	1.000000e+00	nan	nan
1.400000e+00	1.410000e+00	1.000000e+00	nan	nan
1.410000e+00	1.420000e+00	1.000000e+00	nan	nan
1.420000e+00	1.430000e+00	1.000000e+00	nan	nan
1.430000e+00	1.440000e+00	1.000000e+00	nan	nan
1.440000e+00	1.450000e+00	1.000000e+00	nan	nan
1.450000e+00	1.460000e+00	1.000000e+00	nan	nan
1.460000e+00	1.470000e+00	1.000000e+00	nan	nan
1.470000e+00	1.480000e+00	1.000000e+00	nan	nan
1.480000e+00	1.490000e+00	1.000000e+00	nan	nan
1.490000e+00	1.500000e+00	1.000000e+00	nan	nan
# END HISTO1D

