# BEGIN PLOT
XTwosidedTicks=1
DrawOnly=//nfs/farm/g/theory/qcdsim/shoeche/runs/lhjets/jj/mcnlo/css-2/run.yoda/LH2017_ZHSHAPES/psi_0.9_800 //nfs/farm/g/theory/qcdsim/shoeche/runs/lhjets/jj/mcnlo/css-1em-2/run.yoda/LH2017_ZHSHAPES/psi_0.9_800 //nfs/farm/g/theory/qcdsim/shoeche/runs/lhjets/jj/nlo/cs-2/run.yoda/LH2017_ZHSHAPES/psi_0.9_800
RatioPlotReference=//nfs/farm/g/theory/qcdsim/shoeche/runs/lhjets/jj/nlo/cs-2/run.yoda/LH2017_ZHSHAPES/psi_0.9_800
XTwosidedTicks=1
YTwosidedTicks=1
TopMargin=0.0
RatioPlot=1
BottomMargin=0.0
MainPlot=0
RatioPlotYSize=2.5
XMax=0.9
DrawSpecialInRatio=1
LegendXPos=0.35
LegendYPos=0.8
LogY=1
RatioPlotYLabel=
LegendOnly=//nfs/farm/g/theory/qcdsim/shoeche/runs/lhjets/jj/mcnlo/css-2/run.yoda/LH2017_ZHSHAPES/psi_0.9_800
RatioPlotSameStyle=1
YTwosidedTicks=1
Legend=1
# END PLOT
# BEGIN SPECIAL text
\rput[br](0.95,0.2){$k_T>800GeV$}
# END SPECIAL

# BEGIN HISTO1D //nfs/farm/g/theory/qcdsim/shoeche/runs/lhjets/jj/mcnlo/css-2/run.yoda/LH2017_ZHSHAPES/psi_0.9_800
LineColor=red
LineStyle=solid
Path=//nfs/farm/g/theory/qcdsim/shoeche/runs/lhjets/jj/mcnlo/css-2/run.yoda/LH2017_ZHSHAPES/psi_0.9_800
Title=MC@NLO
XLabel=
YLabel=
# xlow	 xhigh	 val	 errminus	 errplus
0.000000e+00	1.000000e-02	2.088253e-01	6.902549e-04	6.902549e-04
1.000000e-02	2.000000e-02	3.468399e-01	7.923293e-04	7.923293e-04
2.000000e-02	3.000000e-02	4.404157e-01	8.141633e-04	8.141633e-04
3.000000e-02	4.000000e-02	5.091762e-01	8.086215e-04	8.086215e-04
4.000000e-02	5.000000e-02	5.630370e-01	7.914189e-04	7.914189e-04
5.000000e-02	6.000000e-02	6.068278e-01	7.689976e-04	7.689976e-04
6.000000e-02	7.000000e-02	6.433461e-01	7.436507e-04	7.436507e-04
7.000000e-02	8.000000e-02	6.738996e-01	7.181043e-04	7.181043e-04
8.000000e-02	9.000000e-02	7.003224e-01	6.920869e-04	6.920869e-04
9.000000e-02	1.000000e-01	7.232006e-01	6.665099e-04	6.665099e-04
1.000000e-01	1.100000e-01	7.433968e-01	6.413436e-04	6.413436e-04
1.100000e-01	1.200000e-01	7.611654e-01	6.170728e-04	6.170728e-04
1.200000e-01	1.300000e-01	7.771713e-01	5.933328e-04	5.933328e-04
1.300000e-01	1.400000e-01	7.917506e-01	5.697223e-04	5.697223e-04
1.400000e-01	1.500000e-01	8.048064e-01	5.473159e-04	5.473159e-04
1.500000e-01	1.600000e-01	8.165899e-01	5.261709e-04	5.261709e-04
1.600000e-01	1.700000e-01	8.274545e-01	5.054067e-04	5.054067e-04
1.700000e-01	1.800000e-01	8.373537e-01	4.855695e-04	4.855695e-04
1.800000e-01	1.900000e-01	8.465190e-01	4.662968e-04	4.662968e-04
1.900000e-01	2.000000e-01	8.550553e-01	4.475942e-04	4.475942e-04
2.000000e-01	2.100000e-01	8.629085e-01	4.292877e-04	4.292877e-04
2.100000e-01	2.200000e-01	8.701036e-01	4.118240e-04	4.118240e-04
2.200000e-01	2.300000e-01	8.768753e-01	3.950610e-04	3.950610e-04
2.300000e-01	2.400000e-01	8.831612e-01	3.786954e-04	3.786954e-04
2.400000e-01	2.500000e-01	8.889395e-01	3.632043e-04	3.632043e-04
2.500000e-01	2.600000e-01	8.945595e-01	3.474525e-04	3.474525e-04
2.600000e-01	2.700000e-01	8.997504e-01	3.329569e-04	3.329569e-04
2.700000e-01	2.800000e-01	9.044882e-01	3.192772e-04	3.192772e-04
2.800000e-01	2.900000e-01	9.090778e-01	3.058089e-04	3.058089e-04
2.900000e-01	3.000000e-01	9.134652e-01	2.921660e-04	2.921660e-04
3.000000e-01	3.100000e-01	9.175445e-01	2.792212e-04	2.792212e-04
3.100000e-01	3.200000e-01	9.213816e-01	2.670517e-04	2.670517e-04
3.200000e-01	3.300000e-01	9.250674e-01	2.550734e-04	2.550734e-04
3.300000e-01	3.400000e-01	9.284807e-01	2.438976e-04	2.438976e-04
3.400000e-01	3.500000e-01	9.317855e-01	2.324054e-04	2.324054e-04
3.500000e-01	3.600000e-01	9.349397e-01	2.218468e-04	2.218468e-04
3.600000e-01	3.700000e-01	9.379480e-01	2.117083e-04	2.117083e-04
3.700000e-01	3.800000e-01	9.407562e-01	2.022459e-04	2.022459e-04
3.800000e-01	3.900000e-01	9.434829e-01	1.928438e-04	1.928438e-04
3.900000e-01	4.000000e-01	9.460378e-01	1.842773e-04	1.842773e-04
4.000000e-01	4.100000e-01	9.485150e-01	1.761132e-04	1.761132e-04
4.100000e-01	4.200000e-01	9.509263e-01	1.682083e-04	1.682083e-04
4.200000e-01	4.300000e-01	9.532174e-01	1.608896e-04	1.608896e-04
4.300000e-01	4.400000e-01	9.553734e-01	1.538454e-04	1.538454e-04
4.400000e-01	4.500000e-01	9.575281e-01	1.468536e-04	1.468536e-04
4.500000e-01	4.600000e-01	9.595331e-01	1.404800e-04	1.404800e-04
4.600000e-01	4.700000e-01	9.615057e-01	1.341663e-04	1.341663e-04
4.700000e-01	4.800000e-01	9.634140e-01	1.283142e-04	1.283142e-04
4.800000e-01	4.900000e-01	9.651672e-01	1.231984e-04	1.231984e-04
4.900000e-01	5.000000e-01	9.668863e-01	1.179796e-04	1.179796e-04
5.000000e-01	5.100000e-01	9.685301e-01	1.131714e-04	1.131714e-04
5.100000e-01	5.200000e-01	9.701297e-01	1.081691e-04	1.081691e-04
5.200000e-01	5.300000e-01	9.716554e-01	1.035147e-04	1.035147e-04
5.300000e-01	5.400000e-01	9.730910e-01	9.924330e-05	9.924330e-05
5.400000e-01	5.500000e-01	9.744787e-01	9.499877e-05	9.499877e-05
5.500000e-01	5.600000e-01	9.758121e-01	9.090579e-05	9.090579e-05
5.600000e-01	5.700000e-01	9.771027e-01	8.676830e-05	8.676830e-05
5.700000e-01	5.800000e-01	9.783741e-01	8.283675e-05	8.283675e-05
5.800000e-01	5.900000e-01	9.795949e-01	7.898376e-05	7.898376e-05
5.900000e-01	6.000000e-01	9.807958e-01	7.482997e-05	7.482997e-05
6.000000e-01	6.100000e-01	9.819460e-01	7.105357e-05	7.105357e-05
6.100000e-01	6.200000e-01	9.830867e-01	6.713718e-05	6.713718e-05
6.200000e-01	6.300000e-01	9.841216e-01	6.378058e-05	6.378058e-05
6.300000e-01	6.400000e-01	9.850985e-01	6.055691e-05	6.055691e-05
6.400000e-01	6.500000e-01	9.860787e-01	5.727835e-05	5.727835e-05
6.500000e-01	6.600000e-01	9.870166e-01	5.406337e-05	5.406337e-05
6.600000e-01	6.700000e-01	9.879116e-01	5.098683e-05	5.098683e-05
6.700000e-01	6.800000e-01	9.887477e-01	4.803394e-05	4.803394e-05
6.800000e-01	6.900000e-01	9.895945e-01	4.502722e-05	4.502722e-05
6.900000e-01	7.000000e-01	9.903787e-01	4.224180e-05	4.224180e-05
7.000000e-01	7.100000e-01	9.911376e-01	3.947616e-05	3.947616e-05
7.100000e-01	7.200000e-01	9.918808e-01	3.674794e-05	3.674794e-05
7.200000e-01	7.300000e-01	9.925693e-01	3.423394e-05	3.423394e-05
7.300000e-01	7.400000e-01	9.932426e-01	3.180830e-05	3.180830e-05
7.400000e-01	7.500000e-01	9.939036e-01	2.929655e-05	2.929655e-05
7.500000e-01	7.600000e-01	9.945313e-01	2.689711e-05	2.689711e-05
7.600000e-01	7.700000e-01	9.951393e-01	2.444817e-05	2.444817e-05
7.700000e-01	7.800000e-01	9.957002e-01	2.222057e-05	2.222057e-05
7.800000e-01	7.900000e-01	9.962282e-01	2.010316e-05	2.010316e-05
7.900000e-01	8.000000e-01	9.967329e-01	1.807386e-05	1.807386e-05
8.000000e-01	8.100000e-01	9.972375e-01	1.588297e-05	1.588297e-05
8.100000e-01	8.200000e-01	9.976860e-01	1.400373e-05	1.400373e-05
8.200000e-01	8.300000e-01	9.981135e-01	1.205044e-05	1.205044e-05
8.300000e-01	8.400000e-01	9.985124e-01	1.019300e-05	1.019300e-05
8.400000e-01	8.500000e-01	9.988826e-01	8.343058e-06	8.343058e-06
8.500000e-01	8.600000e-01	9.992211e-01	6.523068e-06	6.523068e-06
8.600000e-01	8.700000e-01	9.995071e-01	4.927967e-06	4.927967e-06
8.700000e-01	8.800000e-01	9.997340e-01	3.510393e-06	3.510393e-06
8.800000e-01	8.900000e-01	9.998884e-01	2.764105e-06	2.764105e-06
8.900000e-01	9.000000e-01	9.999388e-01	2.208369e-06	2.208369e-06
9.000000e-01	9.100000e-01	9.999468e-01	2.044887e-06	2.044887e-06
9.100000e-01	9.200000e-01	9.999533e-01	2.045450e-06	2.045450e-06
9.200000e-01	9.300000e-01	9.999584e-01	1.669808e-06	1.669808e-06
9.300000e-01	9.400000e-01	9.999643e-01	1.446124e-06	1.446124e-06
9.400000e-01	9.500000e-01	9.999684e-01	1.180532e-06	1.180532e-06
9.500000e-01	9.600000e-01	9.999721e-01	1.446738e-06	1.446738e-06
9.600000e-01	9.700000e-01	9.999761e-01	1.181173e-06	1.181173e-06
9.700000e-01	9.800000e-01	9.999794e-01	8.349214e-07	8.349214e-07
9.800000e-01	9.900000e-01	9.999823e-01	8.351615e-07	8.351615e-07
9.900000e-01	1.000000e+00	9.999849e-01	8.353396e-07	8.353396e-07
1.000000e+00	1.010000e+00	9.999871e-01	2.443490e-08	2.443490e-08
1.010000e+00	1.020000e+00	9.999888e-01	8.355594e-07	8.355594e-07
1.020000e+00	1.030000e+00	9.999908e-01	1.740063e-08	1.740063e-08
1.030000e+00	1.040000e+00	9.999916e-01	1.591972e-08	1.591972e-08
1.040000e+00	1.050000e+00	9.999925e-01	8.357075e-07	8.357075e-07
1.050000e+00	1.060000e+00	9.999937e-01	8.357419e-07	8.357419e-07
1.060000e+00	1.070000e+00	9.999949e-01	8.357704e-07	8.357704e-07
1.070000e+00	1.080000e+00	9.999961e-01	8.357931e-07	8.357931e-07
1.080000e+00	1.090000e+00	9.999967e-01	6.293875e-09	6.293875e-09
1.090000e+00	1.100000e+00	9.999969e-01	8.358049e-07	8.358049e-07
1.100000e+00	1.110000e+00	9.999976e-01	8.358377e-07	8.358377e-07
1.110000e+00	1.120000e+00	9.999982e-01	8.358325e-07	8.358325e-07
1.120000e+00	1.130000e+00	9.999984e-01	8.358206e-07	8.358206e-07
1.130000e+00	1.140000e+00	9.999986e-01	8.358219e-07	8.358219e-07
1.140000e+00	1.150000e+00	9.999990e-01	1.851057e-09	1.851057e-09
1.150000e+00	1.160000e+00	9.999992e-01	1.480962e-09	1.480962e-09
1.160000e+00	1.170000e+00	9.999994e-01	1.110802e-09	1.110802e-09
1.170000e+00	1.180000e+00	9.999996e-01	8.358262e-07	8.358262e-07
1.180000e+00	1.190000e+00	9.999996e-01	7.404810e-10	7.404810e-10
1.190000e+00	1.200000e+00	9.999996e-01	8.358255e-07	8.358255e-07
1.200000e+00	1.210000e+00	9.999998e-01	8.358260e-07	8.358260e-07
1.210000e+00	1.220000e+00	1.000000e+00	8.358259e-07	8.358259e-07
1.220000e+00	1.230000e+00	1.000000e+00	0.000000e+00	0.000000e+00
1.230000e+00	1.240000e+00	1.000000e+00	0.000000e+00	0.000000e+00
1.240000e+00	1.250000e+00	1.000000e+00	0.000000e+00	0.000000e+00
1.250000e+00	1.260000e+00	1.000000e+00	0.000000e+00	0.000000e+00
1.260000e+00	1.270000e+00	1.000000e+00	0.000000e+00	0.000000e+00
1.270000e+00	1.280000e+00	1.000000e+00	0.000000e+00	0.000000e+00
1.280000e+00	1.290000e+00	1.000000e+00	0.000000e+00	0.000000e+00
1.290000e+00	1.300000e+00	1.000000e+00	0.000000e+00	0.000000e+00
1.300000e+00	1.310000e+00	1.000000e+00	0.000000e+00	0.000000e+00
1.310000e+00	1.320000e+00	1.000000e+00	0.000000e+00	0.000000e+00
1.320000e+00	1.330000e+00	1.000000e+00	0.000000e+00	0.000000e+00
1.330000e+00	1.340000e+00	1.000000e+00	0.000000e+00	0.000000e+00
1.340000e+00	1.350000e+00	1.000000e+00	0.000000e+00	0.000000e+00
1.350000e+00	1.360000e+00	1.000000e+00	0.000000e+00	0.000000e+00
1.360000e+00	1.370000e+00	1.000000e+00	0.000000e+00	0.000000e+00
1.370000e+00	1.380000e+00	1.000000e+00	0.000000e+00	0.000000e+00
1.380000e+00	1.390000e+00	1.000000e+00	0.000000e+00	0.000000e+00
1.390000e+00	1.400000e+00	1.000000e+00	0.000000e+00	0.000000e+00
1.400000e+00	1.410000e+00	1.000000e+00	0.000000e+00	0.000000e+00
1.410000e+00	1.420000e+00	1.000000e+00	0.000000e+00	0.000000e+00
1.420000e+00	1.430000e+00	1.000000e+00	0.000000e+00	0.000000e+00
1.430000e+00	1.440000e+00	1.000000e+00	0.000000e+00	0.000000e+00
1.440000e+00	1.450000e+00	1.000000e+00	0.000000e+00	0.000000e+00
1.450000e+00	1.460000e+00	1.000000e+00	0.000000e+00	0.000000e+00
1.460000e+00	1.470000e+00	1.000000e+00	0.000000e+00	0.000000e+00
1.470000e+00	1.480000e+00	1.000000e+00	0.000000e+00	0.000000e+00
1.480000e+00	1.490000e+00	1.000000e+00	0.000000e+00	0.000000e+00
1.490000e+00	1.500000e+00	1.000000e+00	0.000000e+00	0.000000e+00
# END HISTO1D

# BEGIN HISTO1D //nfs/farm/g/theory/qcdsim/shoeche/runs/lhjets/jj/mcnlo/css-1em-2/run.yoda/LH2017_ZHSHAPES/psi_0.9_800
LineColor=blue
LineStyle=solid
Path=//nfs/farm/g/theory/qcdsim/shoeche/runs/lhjets/jj/mcnlo/css-1em-2/run.yoda/LH2017_ZHSHAPES/psi_0.9_800
Title=run
XLabel=
YLabel=
# xlow	 xhigh	 val	 errminus	 errplus
0.000000e+00	1.000000e-02	8.161682e-01	1.531084e-03	1.531084e-03
1.000000e-02	2.000000e-02	8.222043e-01	1.508699e-03	1.508699e-03
2.000000e-02	3.000000e-02	8.299982e-01	1.478254e-03	1.478254e-03
3.000000e-02	4.000000e-02	8.384775e-01	1.442713e-03	1.442713e-03
4.000000e-02	5.000000e-02	8.472822e-01	1.403986e-03	1.403986e-03
5.000000e-02	6.000000e-02	8.557085e-01	1.364316e-03	1.364316e-03
6.000000e-02	7.000000e-02	8.639426e-01	1.323441e-03	1.323441e-03
7.000000e-02	8.000000e-02	8.721663e-01	1.280131e-03	1.280131e-03
8.000000e-02	9.000000e-02	8.793100e-01	1.240336e-03	1.240336e-03
9.000000e-02	1.000000e-01	8.867211e-01	1.196970e-03	1.196970e-03
1.000000e-01	1.100000e-01	8.933783e-01	1.155865e-03	1.155865e-03
1.100000e-01	1.200000e-01	8.997705e-01	1.114172e-03	1.114172e-03
1.200000e-01	1.300000e-01	9.056757e-01	1.074008e-03	1.074008e-03
1.300000e-01	1.400000e-01	9.114383e-01	1.031930e-03	1.031930e-03
1.400000e-01	1.500000e-01	9.166813e-01	9.917768e-04	9.917768e-04
1.500000e-01	1.600000e-01	9.215777e-01	9.533618e-04	9.533618e-04
1.600000e-01	1.700000e-01	9.259047e-01	9.178869e-04	9.178869e-04
1.700000e-01	1.800000e-01	9.298123e-01	8.845915e-04	8.845915e-04
1.800000e-01	1.900000e-01	9.337591e-01	8.511727e-04	8.511727e-04
1.900000e-01	2.000000e-01	9.376376e-01	8.168258e-04	8.168258e-04
2.000000e-01	2.100000e-01	9.413224e-01	7.835329e-04	7.835329e-04
2.100000e-01	2.200000e-01	9.446661e-01	7.505231e-04	7.505231e-04
2.200000e-01	2.300000e-01	9.479825e-01	7.167603e-04	7.167603e-04
2.300000e-01	2.400000e-01	9.509506e-01	6.866839e-04	6.866839e-04
2.400000e-01	2.500000e-01	9.542324e-01	6.494988e-04	6.494988e-04
2.500000e-01	2.600000e-01	9.570013e-01	6.171098e-04	6.171098e-04
2.600000e-01	2.700000e-01	9.592025e-01	5.912395e-04	5.912395e-04
2.700000e-01	2.800000e-01	9.615129e-01	5.625888e-04	5.625888e-04
2.800000e-01	2.900000e-01	9.636705e-01	5.347849e-04	5.347849e-04
2.900000e-01	3.000000e-01	9.656143e-01	5.114762e-04	5.114762e-04
3.000000e-01	3.100000e-01	9.674126e-01	4.890097e-04	4.890097e-04
3.100000e-01	3.200000e-01	9.688925e-01	4.702509e-04	4.702509e-04
3.200000e-01	3.300000e-01	9.704470e-01	4.510911e-04	4.510911e-04
3.300000e-01	3.400000e-01	9.720579e-01	4.277217e-04	4.277217e-04
3.400000e-01	3.500000e-01	9.736734e-01	4.035910e-04	4.035910e-04
3.500000e-01	3.600000e-01	9.753325e-01	3.803538e-04	3.803538e-04
3.600000e-01	3.700000e-01	9.768597e-01	3.609451e-04	3.609451e-04
3.700000e-01	3.800000e-01	9.780913e-01	3.430061e-04	3.430061e-04
3.800000e-01	3.900000e-01	9.792492e-01	3.272918e-04	3.272918e-04
3.900000e-01	4.000000e-01	9.805563e-01	3.067181e-04	3.067181e-04
4.000000e-01	4.100000e-01	9.819535e-01	2.825762e-04	2.825762e-04
4.100000e-01	4.200000e-01	9.831496e-01	2.646957e-04	2.646957e-04
4.200000e-01	4.300000e-01	9.841511e-01	2.519798e-04	2.519798e-04
4.300000e-01	4.400000e-01	9.852226e-01	2.395115e-04	2.395115e-04
4.400000e-01	4.500000e-01	9.862150e-01	2.282993e-04	2.282993e-04
4.500000e-01	4.600000e-01	9.870827e-01	2.189016e-04	2.189016e-04
4.600000e-01	4.700000e-01	9.878113e-01	2.111004e-04	2.111004e-04
4.700000e-01	4.800000e-01	9.885909e-01	2.023018e-04	2.023018e-04
4.800000e-01	4.900000e-01	9.894532e-01	1.916832e-04	1.916832e-04
4.900000e-01	5.000000e-01	9.902618e-01	1.817060e-04	1.817060e-04
5.000000e-01	5.100000e-01	9.909877e-01	1.721808e-04	1.721808e-04
5.100000e-01	5.200000e-01	9.916480e-01	1.642600e-04	1.642600e-04
5.200000e-01	5.300000e-01	9.921992e-01	1.574431e-04	1.574431e-04
5.300000e-01	5.400000e-01	9.927814e-01	1.494551e-04	1.494551e-04
5.400000e-01	5.500000e-01	9.934709e-01	1.401966e-04	1.401966e-04
5.500000e-01	5.600000e-01	9.939848e-01	1.328042e-04	1.328042e-04
5.600000e-01	5.700000e-01	9.944569e-01	1.261032e-04	1.261032e-04
5.700000e-01	5.800000e-01	9.949171e-01	1.195843e-04	1.195843e-04
5.800000e-01	5.900000e-01	9.954120e-01	1.116675e-04	1.116675e-04
5.900000e-01	6.000000e-01	9.958777e-01	1.040508e-04	1.040508e-04
6.000000e-01	6.100000e-01	9.962679e-01	9.780677e-05	9.780677e-05
6.100000e-01	6.200000e-01	9.966590e-01	9.103229e-05	9.103229e-05
6.200000e-01	6.300000e-01	9.970174e-01	8.476228e-05	8.476228e-05
6.300000e-01	6.400000e-01	9.973894e-01	7.723822e-05	7.723822e-05
6.400000e-01	6.500000e-01	9.976869e-01	7.136335e-05	7.136335e-05
6.500000e-01	6.600000e-01	9.979397e-01	6.611002e-05	6.611002e-05
6.600000e-01	6.700000e-01	9.981772e-01	6.096367e-05	6.096367e-05
6.700000e-01	6.800000e-01	9.983891e-01	5.633236e-05	5.633236e-05
6.800000e-01	6.900000e-01	9.986183e-01	5.086044e-05	5.086044e-05
6.900000e-01	7.000000e-01	9.988130e-01	4.594664e-05	4.594664e-05
7.000000e-01	7.100000e-01	9.989922e-01	4.146155e-05	4.146155e-05
7.100000e-01	7.200000e-01	9.991441e-01	3.698602e-05	3.698602e-05
7.200000e-01	7.300000e-01	9.992778e-01	3.360819e-05	3.360819e-05
7.300000e-01	7.400000e-01	9.994015e-01	2.983808e-05	2.983808e-05
7.400000e-01	7.500000e-01	9.995097e-01	2.605458e-05	2.605458e-05
7.500000e-01	7.600000e-01	9.996007e-01	2.288400e-05	2.288400e-05
7.600000e-01	7.700000e-01	9.996835e-01	1.955494e-05	1.955494e-05
7.700000e-01	7.800000e-01	9.997571e-01	1.683729e-05	1.683729e-05
7.800000e-01	7.900000e-01	9.998172e-01	1.409145e-05	1.409145e-05
7.900000e-01	8.000000e-01	9.998626e-01	1.130011e-05	1.130011e-05
8.000000e-01	8.100000e-01	9.999081e-01	9.970646e-06	9.970646e-06
8.100000e-01	8.200000e-01	9.999400e-01	6.527336e-06	6.527336e-06
8.200000e-01	8.300000e-01	9.999636e-01	5.331130e-06	5.331130e-06
8.300000e-01	8.400000e-01	9.999782e-01	3.770062e-06	3.770062e-06
8.400000e-01	8.500000e-01	9.999882e-01	3.770760e-06	3.770760e-06
8.500000e-01	8.600000e-01	9.999936e-01	2.517596e-08	2.517596e-08
8.600000e-01	8.700000e-01	9.999973e-01	3.771035e-06	3.771035e-06
8.700000e-01	8.800000e-01	9.999991e-01	3.596415e-09	3.596415e-09
8.800000e-01	8.900000e-01	1.000000e+00	0.000000e+00	0.000000e+00
8.900000e-01	9.000000e-01	1.000000e+00	0.000000e+00	0.000000e+00
9.000000e-01	9.100000e-01	1.000000e+00	0.000000e+00	0.000000e+00
9.100000e-01	9.200000e-01	1.000000e+00	0.000000e+00	0.000000e+00
9.200000e-01	9.300000e-01	1.000000e+00	0.000000e+00	0.000000e+00
9.300000e-01	9.400000e-01	1.000000e+00	0.000000e+00	0.000000e+00
9.400000e-01	9.500000e-01	1.000000e+00	0.000000e+00	0.000000e+00
9.500000e-01	9.600000e-01	1.000000e+00	0.000000e+00	0.000000e+00
9.600000e-01	9.700000e-01	1.000000e+00	0.000000e+00	0.000000e+00
9.700000e-01	9.800000e-01	1.000000e+00	0.000000e+00	0.000000e+00
9.800000e-01	9.900000e-01	1.000000e+00	0.000000e+00	0.000000e+00
9.900000e-01	1.000000e+00	1.000000e+00	0.000000e+00	0.000000e+00
1.000000e+00	1.010000e+00	1.000000e+00	0.000000e+00	0.000000e+00
1.010000e+00	1.020000e+00	1.000000e+00	0.000000e+00	0.000000e+00
1.020000e+00	1.030000e+00	1.000000e+00	0.000000e+00	0.000000e+00
1.030000e+00	1.040000e+00	1.000000e+00	0.000000e+00	0.000000e+00
1.040000e+00	1.050000e+00	1.000000e+00	0.000000e+00	0.000000e+00
1.050000e+00	1.060000e+00	1.000000e+00	0.000000e+00	0.000000e+00
1.060000e+00	1.070000e+00	1.000000e+00	0.000000e+00	0.000000e+00
1.070000e+00	1.080000e+00	1.000000e+00	0.000000e+00	0.000000e+00
1.080000e+00	1.090000e+00	1.000000e+00	0.000000e+00	0.000000e+00
1.090000e+00	1.100000e+00	1.000000e+00	0.000000e+00	0.000000e+00
1.100000e+00	1.110000e+00	1.000000e+00	0.000000e+00	0.000000e+00
1.110000e+00	1.120000e+00	1.000000e+00	0.000000e+00	0.000000e+00
1.120000e+00	1.130000e+00	1.000000e+00	0.000000e+00	0.000000e+00
1.130000e+00	1.140000e+00	1.000000e+00	0.000000e+00	0.000000e+00
1.140000e+00	1.150000e+00	1.000000e+00	0.000000e+00	0.000000e+00
1.150000e+00	1.160000e+00	1.000000e+00	0.000000e+00	0.000000e+00
1.160000e+00	1.170000e+00	1.000000e+00	0.000000e+00	0.000000e+00
1.170000e+00	1.180000e+00	1.000000e+00	0.000000e+00	0.000000e+00
1.180000e+00	1.190000e+00	1.000000e+00	0.000000e+00	0.000000e+00
1.190000e+00	1.200000e+00	1.000000e+00	0.000000e+00	0.000000e+00
1.200000e+00	1.210000e+00	1.000000e+00	0.000000e+00	0.000000e+00
1.210000e+00	1.220000e+00	1.000000e+00	0.000000e+00	0.000000e+00
1.220000e+00	1.230000e+00	1.000000e+00	0.000000e+00	0.000000e+00
1.230000e+00	1.240000e+00	1.000000e+00	0.000000e+00	0.000000e+00
1.240000e+00	1.250000e+00	1.000000e+00	0.000000e+00	0.000000e+00
1.250000e+00	1.260000e+00	1.000000e+00	0.000000e+00	0.000000e+00
1.260000e+00	1.270000e+00	1.000000e+00	0.000000e+00	0.000000e+00
1.270000e+00	1.280000e+00	1.000000e+00	0.000000e+00	0.000000e+00
1.280000e+00	1.290000e+00	1.000000e+00	0.000000e+00	0.000000e+00
1.290000e+00	1.300000e+00	1.000000e+00	0.000000e+00	0.000000e+00
1.300000e+00	1.310000e+00	1.000000e+00	0.000000e+00	0.000000e+00
1.310000e+00	1.320000e+00	1.000000e+00	0.000000e+00	0.000000e+00
1.320000e+00	1.330000e+00	1.000000e+00	0.000000e+00	0.000000e+00
1.330000e+00	1.340000e+00	1.000000e+00	0.000000e+00	0.000000e+00
1.340000e+00	1.350000e+00	1.000000e+00	0.000000e+00	0.000000e+00
1.350000e+00	1.360000e+00	1.000000e+00	0.000000e+00	0.000000e+00
1.360000e+00	1.370000e+00	1.000000e+00	0.000000e+00	0.000000e+00
1.370000e+00	1.380000e+00	1.000000e+00	0.000000e+00	0.000000e+00
1.380000e+00	1.390000e+00	1.000000e+00	0.000000e+00	0.000000e+00
1.390000e+00	1.400000e+00	1.000000e+00	0.000000e+00	0.000000e+00
1.400000e+00	1.410000e+00	1.000000e+00	0.000000e+00	0.000000e+00
1.410000e+00	1.420000e+00	1.000000e+00	0.000000e+00	0.000000e+00
1.420000e+00	1.430000e+00	1.000000e+00	0.000000e+00	0.000000e+00
1.430000e+00	1.440000e+00	1.000000e+00	0.000000e+00	0.000000e+00
1.440000e+00	1.450000e+00	1.000000e+00	0.000000e+00	0.000000e+00
1.450000e+00	1.460000e+00	1.000000e+00	0.000000e+00	0.000000e+00
1.460000e+00	1.470000e+00	1.000000e+00	0.000000e+00	0.000000e+00
1.470000e+00	1.480000e+00	1.000000e+00	0.000000e+00	0.000000e+00
1.480000e+00	1.490000e+00	1.000000e+00	0.000000e+00	0.000000e+00
1.490000e+00	1.500000e+00	1.000000e+00	0.000000e+00	0.000000e+00
# END HISTO1D

# BEGIN HISTO1D //nfs/farm/g/theory/qcdsim/shoeche/runs/lhjets/jj/nlo/cs-2/run.yoda/LH2017_ZHSHAPES/psi_0.9_800
LineColor={[HTML]{2da334}}
LineStyle=solid
Path=//nfs/farm/g/theory/qcdsim/shoeche/runs/lhjets/jj/nlo/cs-2/run.yoda/LH2017_ZHSHAPES/psi_0.9_800
Title=run
XLabel=
YLabel=
# xlow	 xhigh	 val	 errminus	 errplus
0.000000e+00	1.000000e-02	3.786840e-01	2.597985e-01	2.597985e-01
1.000000e-02	2.000000e-02	5.615551e-01	2.673875e-01	2.673875e-01
2.000000e-02	3.000000e-02	6.520238e-01	2.544770e-01	2.544770e-01
3.000000e-02	4.000000e-02	7.098398e-01	2.400378e-01	2.400378e-01
4.000000e-02	5.000000e-02	7.512697e-01	2.262268e-01	2.262268e-01
5.000000e-02	6.000000e-02	7.819054e-01	2.135552e-01	2.135552e-01
6.000000e-02	7.000000e-02	8.064115e-01	2.022010e-01	2.022010e-01
7.000000e-02	8.000000e-02	8.260288e-01	1.916786e-01	1.916786e-01
8.000000e-02	9.000000e-02	8.425573e-01	1.818602e-01	1.818602e-01
9.000000e-02	1.000000e-01	8.564697e-01	1.728516e-01	1.728516e-01
1.000000e-01	1.100000e-01	8.684394e-01	1.644651e-01	1.644651e-01
1.100000e-01	1.200000e-01	8.788497e-01	1.566192e-01	1.566192e-01
1.200000e-01	1.300000e-01	8.879401e-01	1.493458e-01	1.493458e-01
1.300000e-01	1.400000e-01	8.960883e-01	1.424478e-01	1.424478e-01
1.400000e-01	1.500000e-01	9.032099e-01	1.360547e-01	1.360547e-01
1.500000e-01	1.600000e-01	9.097003e-01	1.298288e-01	1.298288e-01
1.600000e-01	1.700000e-01	9.156207e-01	1.240291e-01	1.240291e-01
1.700000e-01	1.800000e-01	9.209979e-01	1.184354e-01	1.184354e-01
1.800000e-01	1.900000e-01	9.258569e-01	1.131877e-01	1.131877e-01
1.900000e-01	2.000000e-01	9.303644e-01	1.080760e-01	1.080760e-01
2.000000e-01	2.100000e-01	9.344540e-01	1.033102e-01	1.033102e-01
2.100000e-01	2.200000e-01	9.383064e-01	9.858671e-02	9.858671e-02
2.200000e-01	2.300000e-01	9.418497e-01	9.412110e-02	9.412110e-02
2.300000e-01	2.400000e-01	9.451119e-01	8.991203e-02	8.991203e-02
2.400000e-01	2.500000e-01	9.481396e-01	8.581686e-02	8.581686e-02
2.500000e-01	2.600000e-01	9.509253e-01	8.196892e-02	8.196892e-02
2.600000e-01	2.700000e-01	9.535505e-01	7.818265e-02	7.818265e-02
2.700000e-01	2.800000e-01	9.560195e-01	7.455325e-02	7.455325e-02
2.800000e-01	2.900000e-01	9.583753e-01	7.099647e-02	7.099647e-02
2.900000e-01	3.000000e-01	9.605863e-01	6.759408e-02	6.759408e-02
3.000000e-01	3.100000e-01	9.626650e-01	6.433373e-02	6.433373e-02
3.100000e-01	3.200000e-01	9.646142e-01	6.115580e-02	6.115580e-02
3.200000e-01	3.300000e-01	9.664604e-01	5.809666e-02	5.809666e-02
3.300000e-01	3.400000e-01	9.682172e-01	5.513103e-02	5.513103e-02
3.400000e-01	3.500000e-01	9.698817e-01	5.224203e-02	5.224203e-02
3.500000e-01	3.600000e-01	9.714486e-01	4.950553e-02	4.950553e-02
3.600000e-01	3.700000e-01	9.729348e-01	4.696943e-02	4.696943e-02
3.700000e-01	3.800000e-01	9.743660e-01	4.447094e-02	4.447094e-02
3.800000e-01	3.900000e-01	9.757307e-01	4.205589e-02	4.205589e-02
3.900000e-01	4.000000e-01	9.770020e-01	3.989288e-02	3.989288e-02
4.000000e-01	4.100000e-01	9.782340e-01	3.785399e-02	3.785399e-02
4.100000e-01	4.200000e-01	9.794041e-01	3.595198e-02	3.595198e-02
4.200000e-01	4.300000e-01	9.805127e-01	3.421199e-02	3.421199e-02
4.300000e-01	4.400000e-01	9.815538e-01	3.269787e-02	3.269787e-02
4.400000e-01	4.500000e-01	9.825532e-01	3.134862e-02	3.134862e-02
4.500000e-01	4.600000e-01	9.835048e-01	3.011528e-02	3.011528e-02
4.600000e-01	4.700000e-01	9.844160e-01	2.891925e-02	2.891925e-02
4.700000e-01	4.800000e-01	9.853009e-01	2.774077e-02	2.774077e-02
4.800000e-01	4.900000e-01	9.861460e-01	2.658775e-02	2.658775e-02
4.900000e-01	5.000000e-01	9.869501e-01	2.545738e-02	2.545738e-02
5.000000e-01	5.100000e-01	9.876971e-01	2.440250e-02	2.440250e-02
5.100000e-01	5.200000e-01	9.884326e-01	2.332199e-02	2.332199e-02
5.200000e-01	5.300000e-01	9.891242e-01	2.231551e-02	2.231551e-02
5.300000e-01	5.400000e-01	9.897945e-01	2.130860e-02	2.130860e-02
5.400000e-01	5.500000e-01	9.904378e-01	2.032515e-02	2.032515e-02
5.500000e-01	5.600000e-01	9.910284e-01	1.940446e-02	1.940446e-02
5.600000e-01	5.700000e-01	9.916225e-01	1.847069e-02	1.847069e-02
5.700000e-01	5.800000e-01	9.921738e-01	1.759401e-02	1.759401e-02
5.800000e-01	5.900000e-01	9.927027e-01	1.670906e-02	1.670906e-02
5.900000e-01	6.000000e-01	9.932094e-01	1.585339e-02	1.585339e-02
6.000000e-01	6.100000e-01	9.936975e-01	1.501320e-02	1.501320e-02
6.100000e-01	6.200000e-01	9.941510e-01	1.422152e-02	1.422152e-02
6.200000e-01	6.300000e-01	9.945948e-01	1.342425e-02	1.342425e-02
6.300000e-01	6.400000e-01	9.950077e-01	1.266557e-02	1.266557e-02
6.400000e-01	6.500000e-01	9.954100e-01	1.191871e-02	1.191871e-02
6.500000e-01	6.600000e-01	9.957914e-01	1.119185e-02	1.119185e-02
6.600000e-01	6.700000e-01	9.961541e-01	1.045777e-02	1.045777e-02
6.700000e-01	6.800000e-01	9.964999e-01	9.766162e-03	9.766162e-03
6.800000e-01	6.900000e-01	9.968183e-01	9.101243e-03	9.101243e-03
6.900000e-01	7.000000e-01	9.971274e-01	8.459130e-03	8.459130e-03
7.000000e-01	7.100000e-01	9.974196e-01	7.806361e-03	7.806361e-03
7.100000e-01	7.200000e-01	9.976913e-01	7.193008e-03	7.193008e-03
7.200000e-01	7.300000e-01	9.979485e-01	6.580102e-03	6.580102e-03
7.300000e-01	7.400000e-01	9.981880e-01	6.018492e-03	6.018492e-03
7.400000e-01	7.500000e-01	9.984131e-01	5.456208e-03	5.456208e-03
7.500000e-01	7.600000e-01	9.986207e-01	4.916523e-03	4.916523e-03
7.600000e-01	7.700000e-01	9.988180e-01	4.383495e-03	4.383495e-03
7.700000e-01	7.800000e-01	9.989952e-01	3.898495e-03	3.898495e-03
7.800000e-01	7.900000e-01	9.991585e-01	3.439611e-03	3.439611e-03
7.900000e-01	8.000000e-01	9.993078e-01	2.981813e-03	2.981813e-03
8.000000e-01	8.100000e-01	9.994409e-01	2.526411e-03	2.526411e-03
8.100000e-01	8.200000e-01	9.995591e-01	2.112180e-03	2.112180e-03
8.200000e-01	8.300000e-01	9.996662e-01	1.704416e-03	1.704416e-03
8.300000e-01	8.400000e-01	9.997554e-01	1.366104e-03	1.366104e-03
8.400000e-01	8.500000e-01	9.998306e-01	1.023113e-03	1.023113e-03
8.500000e-01	8.600000e-01	9.998925e-01	7.241207e-04	7.241207e-04
8.600000e-01	8.700000e-01	9.999381e-01	4.744594e-04	4.744594e-04
8.700000e-01	8.800000e-01	9.999735e-01	1.562130e-05	1.562130e-05
8.800000e-01	8.900000e-01	9.999933e-01	3.969344e-06	3.969344e-06
8.900000e-01	9.000000e-01	1.000000e+00	0.000000e+00	0.000000e+00
9.000000e-01	9.100000e-01	1.000000e+00	0.000000e+00	0.000000e+00
9.100000e-01	9.200000e-01	1.000000e+00	0.000000e+00	0.000000e+00
9.200000e-01	9.300000e-01	1.000000e+00	0.000000e+00	0.000000e+00
9.300000e-01	9.400000e-01	1.000000e+00	0.000000e+00	0.000000e+00
9.400000e-01	9.500000e-01	1.000000e+00	0.000000e+00	0.000000e+00
9.500000e-01	9.600000e-01	1.000000e+00	0.000000e+00	0.000000e+00
9.600000e-01	9.700000e-01	1.000000e+00	0.000000e+00	0.000000e+00
9.700000e-01	9.800000e-01	1.000000e+00	0.000000e+00	0.000000e+00
9.800000e-01	9.900000e-01	1.000000e+00	0.000000e+00	0.000000e+00
9.900000e-01	1.000000e+00	1.000000e+00	0.000000e+00	0.000000e+00
1.000000e+00	1.010000e+00	1.000000e+00	0.000000e+00	0.000000e+00
1.010000e+00	1.020000e+00	1.000000e+00	0.000000e+00	0.000000e+00
1.020000e+00	1.030000e+00	1.000000e+00	0.000000e+00	0.000000e+00
1.030000e+00	1.040000e+00	1.000000e+00	0.000000e+00	0.000000e+00
1.040000e+00	1.050000e+00	1.000000e+00	0.000000e+00	0.000000e+00
1.050000e+00	1.060000e+00	1.000000e+00	0.000000e+00	0.000000e+00
1.060000e+00	1.070000e+00	1.000000e+00	0.000000e+00	0.000000e+00
1.070000e+00	1.080000e+00	1.000000e+00	0.000000e+00	0.000000e+00
1.080000e+00	1.090000e+00	1.000000e+00	0.000000e+00	0.000000e+00
1.090000e+00	1.100000e+00	1.000000e+00	0.000000e+00	0.000000e+00
1.100000e+00	1.110000e+00	1.000000e+00	0.000000e+00	0.000000e+00
1.110000e+00	1.120000e+00	1.000000e+00	0.000000e+00	0.000000e+00
1.120000e+00	1.130000e+00	1.000000e+00	0.000000e+00	0.000000e+00
1.130000e+00	1.140000e+00	1.000000e+00	0.000000e+00	0.000000e+00
1.140000e+00	1.150000e+00	1.000000e+00	0.000000e+00	0.000000e+00
1.150000e+00	1.160000e+00	1.000000e+00	0.000000e+00	0.000000e+00
1.160000e+00	1.170000e+00	1.000000e+00	0.000000e+00	0.000000e+00
1.170000e+00	1.180000e+00	1.000000e+00	0.000000e+00	0.000000e+00
1.180000e+00	1.190000e+00	1.000000e+00	0.000000e+00	0.000000e+00
1.190000e+00	1.200000e+00	1.000000e+00	0.000000e+00	0.000000e+00
1.200000e+00	1.210000e+00	1.000000e+00	0.000000e+00	0.000000e+00
1.210000e+00	1.220000e+00	1.000000e+00	0.000000e+00	0.000000e+00
1.220000e+00	1.230000e+00	1.000000e+00	0.000000e+00	0.000000e+00
1.230000e+00	1.240000e+00	1.000000e+00	0.000000e+00	0.000000e+00
1.240000e+00	1.250000e+00	1.000000e+00	0.000000e+00	0.000000e+00
1.250000e+00	1.260000e+00	1.000000e+00	0.000000e+00	0.000000e+00
1.260000e+00	1.270000e+00	1.000000e+00	0.000000e+00	0.000000e+00
1.270000e+00	1.280000e+00	1.000000e+00	0.000000e+00	0.000000e+00
1.280000e+00	1.290000e+00	1.000000e+00	0.000000e+00	0.000000e+00
1.290000e+00	1.300000e+00	1.000000e+00	0.000000e+00	0.000000e+00
1.300000e+00	1.310000e+00	1.000000e+00	0.000000e+00	0.000000e+00
1.310000e+00	1.320000e+00	1.000000e+00	0.000000e+00	0.000000e+00
1.320000e+00	1.330000e+00	1.000000e+00	0.000000e+00	0.000000e+00
1.330000e+00	1.340000e+00	1.000000e+00	0.000000e+00	0.000000e+00
1.340000e+00	1.350000e+00	1.000000e+00	0.000000e+00	0.000000e+00
1.350000e+00	1.360000e+00	1.000000e+00	0.000000e+00	0.000000e+00
1.360000e+00	1.370000e+00	1.000000e+00	0.000000e+00	0.000000e+00
1.370000e+00	1.380000e+00	1.000000e+00	0.000000e+00	0.000000e+00
1.380000e+00	1.390000e+00	1.000000e+00	0.000000e+00	0.000000e+00
1.390000e+00	1.400000e+00	1.000000e+00	0.000000e+00	0.000000e+00
1.400000e+00	1.410000e+00	1.000000e+00	0.000000e+00	0.000000e+00
1.410000e+00	1.420000e+00	1.000000e+00	0.000000e+00	0.000000e+00
1.420000e+00	1.430000e+00	1.000000e+00	0.000000e+00	0.000000e+00
1.430000e+00	1.440000e+00	1.000000e+00	0.000000e+00	0.000000e+00
1.440000e+00	1.450000e+00	1.000000e+00	0.000000e+00	0.000000e+00
1.450000e+00	1.460000e+00	1.000000e+00	0.000000e+00	0.000000e+00
1.460000e+00	1.470000e+00	1.000000e+00	0.000000e+00	0.000000e+00
1.470000e+00	1.480000e+00	1.000000e+00	0.000000e+00	0.000000e+00
1.480000e+00	1.490000e+00	1.000000e+00	0.000000e+00	0.000000e+00
1.490000e+00	1.500000e+00	1.000000e+00	0.000000e+00	0.000000e+00
# END HISTO1D

