# BEGIN PLOT
XTwosidedTicks=1
DrawOnly=//nfs/farm/g/theory/qcdsim/shoeche/runs/lhjets/jj/mcnlo/css-2/run.yoda/LH2017_ZHSHAPES/psi_0.5_100 //nfs/farm/g/theory/qcdsim/shoeche/runs/lhjets/jj/mcnlo/css-1em-2/run.yoda/LH2017_ZHSHAPES/psi_0.5_100 //nfs/farm/g/theory/qcdsim/shoeche/runs/lhjets/jj/nlo/cs-2/run.yoda/LH2017_ZHSHAPES/psi_0.5_100
RatioPlotReference=//nfs/farm/g/theory/qcdsim/shoeche/runs/lhjets/jj/nlo/cs-2/run.yoda/LH2017_ZHSHAPES/psi_0.5_100
XTwosidedTicks=1
YTwosidedTicks=1
TopMargin=0.0
RatioPlot=1
BottomMargin=0.0
MainPlot=0
RatioPlotYSize=2.5
XMax=0.5
DrawSpecialInRatio=1
LegendXPos=0.35
LegendYPos=0.8
LogY=1
RatioPlotYLabel=
LegendOnly=//nfs/farm/g/theory/qcdsim/shoeche/runs/lhjets/jj/mcnlo/css-2/run.yoda/LH2017_ZHSHAPES/psi_0.5_100 //nfs/farm/g/theory/qcdsim/shoeche/runs/lhjets/jj/mcnlo/css-1em-2/run.yoda/LH2017_ZHSHAPES/psi_0.5_100 //nfs/farm/g/theory/qcdsim/shoeche/runs/lhjets/jj/nlo/cs-2/run.yoda/LH2017_ZHSHAPES/psi_0.5_100
RatioPlotSameStyle=1
YTwosidedTicks=1
Legend=0
# END PLOT
# BEGIN SPECIAL text
\rput[br](0.95,0.2){$k_T>100GeV$}
# END SPECIAL

# BEGIN HISTO1D //nfs/farm/g/theory/qcdsim/shoeche/runs/lhjets/jj/mcnlo/css-2/run.yoda/LH2017_ZHSHAPES/psi_0.5_100
LineColor=red
LineStyle=solid
Path=//nfs/farm/g/theory/qcdsim/shoeche/runs/lhjets/jj/mcnlo/css-2/run.yoda/LH2017_ZHSHAPES/psi_0.5_100
Title=run
XLabel=
YLabel=
# xlow	 xhigh	 val	 errminus	 errplus
0.000000e+00	1.000000e-02	1.814638e-01	4.188579e-04	4.188579e-04
1.000000e-02	2.000000e-02	2.962345e-01	4.737619e-04	4.737619e-04
2.000000e-02	3.000000e-02	4.032757e-01	4.874369e-04	4.874369e-04
3.000000e-02	4.000000e-02	4.854785e-01	4.788053e-04	4.788053e-04
4.000000e-02	5.000000e-02	5.516870e-01	4.608144e-04	4.608144e-04
5.000000e-02	6.000000e-02	6.055760e-01	4.389336e-04	4.389336e-04
6.000000e-02	7.000000e-02	6.499367e-01	4.157550e-04	4.157550e-04
7.000000e-02	8.000000e-02	6.875926e-01	3.921169e-04	3.921169e-04
8.000000e-02	9.000000e-02	7.196299e-01	3.686628e-04	3.686628e-04
9.000000e-02	1.000000e-01	7.473525e-01	3.459370e-04	3.459370e-04
1.000000e-01	1.100000e-01	7.714637e-01	3.240458e-04	3.240458e-04
1.100000e-01	1.200000e-01	7.925674e-01	3.033270e-04	3.033270e-04
1.200000e-01	1.300000e-01	8.113853e-01	2.833341e-04	2.833341e-04
1.300000e-01	1.400000e-01	8.279760e-01	2.646450e-04	2.646450e-04
1.400000e-01	1.500000e-01	8.430178e-01	2.465396e-04	2.465396e-04
1.500000e-01	1.600000e-01	8.565042e-01	2.293589e-04	2.293589e-04
1.600000e-01	1.700000e-01	8.687337e-01	2.130885e-04	2.130885e-04
1.700000e-01	1.800000e-01	8.797554e-01	1.978440e-04	1.978440e-04
1.800000e-01	1.900000e-01	8.899120e-01	1.832258e-04	1.832258e-04
1.900000e-01	2.000000e-01	8.991796e-01	1.696983e-04	1.696983e-04
2.000000e-01	2.100000e-01	9.075722e-01	1.573197e-04	1.573197e-04
2.100000e-01	2.200000e-01	9.153149e-01	1.456472e-04	1.456472e-04
2.200000e-01	2.300000e-01	9.224677e-01	1.347934e-04	1.347934e-04
2.300000e-01	2.400000e-01	9.289550e-01	1.251806e-04	1.251806e-04
2.400000e-01	2.500000e-01	9.351622e-01	1.160306e-04	1.160306e-04
2.500000e-01	2.600000e-01	9.408632e-01	1.078661e-04	1.078661e-04
2.600000e-01	2.700000e-01	9.462216e-01	1.001913e-04	1.001913e-04
2.700000e-01	2.800000e-01	9.512013e-01	9.305771e-05	9.305771e-05
2.800000e-01	2.900000e-01	9.558335e-01	8.641327e-05	8.641327e-05
2.900000e-01	3.000000e-01	9.601789e-01	8.005016e-05	8.005016e-05
3.000000e-01	3.100000e-01	9.642088e-01	7.407226e-05	7.407226e-05
3.100000e-01	3.200000e-01	9.680005e-01	6.833208e-05	6.833208e-05
3.200000e-01	3.300000e-01	9.715736e-01	6.274184e-05	6.274184e-05
3.300000e-01	3.400000e-01	9.748888e-01	5.747981e-05	5.747981e-05
3.400000e-01	3.500000e-01	9.779952e-01	5.240330e-05	5.240330e-05
3.500000e-01	3.600000e-01	9.808979e-01	4.741201e-05	4.741201e-05
3.600000e-01	3.700000e-01	9.835582e-01	4.274626e-05	4.274626e-05
3.700000e-01	3.800000e-01	9.860263e-01	3.816159e-05	3.816159e-05
3.800000e-01	3.900000e-01	9.882816e-01	3.386853e-05	3.386853e-05
3.900000e-01	4.000000e-01	9.903561e-01	2.965864e-05	2.965864e-05
4.000000e-01	4.100000e-01	9.922573e-01	2.557062e-05	2.557062e-05
4.100000e-01	4.200000e-01	9.939678e-01	2.160718e-05	2.160718e-05
4.200000e-01	4.300000e-01	9.954812e-01	1.788846e-05	1.788846e-05
4.300000e-01	4.400000e-01	9.967720e-01	1.432286e-05	1.432286e-05
4.400000e-01	4.500000e-01	9.978548e-01	1.102184e-05	1.102184e-05
4.500000e-01	4.600000e-01	9.987200e-01	7.973201e-06	7.973201e-06
4.600000e-01	4.700000e-01	9.993575e-01	5.170659e-06	5.170659e-06
4.700000e-01	4.800000e-01	9.997461e-01	3.163972e-06	3.163972e-06
4.800000e-01	4.900000e-01	9.999047e-01	2.243609e-06	2.243609e-06
4.900000e-01	5.000000e-01	9.999384e-01	1.738476e-06	1.738476e-06
5.000000e-01	5.100000e-01	9.999540e-01	1.419639e-06	1.419639e-06
5.100000e-01	5.200000e-01	9.999655e-01	1.003755e-06	1.003755e-06
5.200000e-01	5.300000e-01	9.999737e-01	1.420255e-06	1.420255e-06
5.300000e-01	5.400000e-01	9.999811e-01	1.004265e-06	1.004265e-06
5.400000e-01	5.500000e-01	9.999860e-01	1.004364e-06	1.004364e-06
5.500000e-01	5.600000e-01	9.999901e-01	1.092580e-08	1.092580e-08
5.600000e-01	5.700000e-01	9.999926e-01	1.004450e-06	1.004450e-06
5.700000e-01	5.800000e-01	9.999951e-01	5.462905e-09	5.462905e-09
5.800000e-01	5.900000e-01	9.999967e-01	3.641919e-09	3.641919e-09
5.900000e-01	6.000000e-01	9.999984e-01	1.004485e-06	1.004485e-06
6.000000e-01	6.100000e-01	9.999992e-01	1.004484e-06	1.004484e-06
6.100000e-01	6.200000e-01	9.999992e-01	9.105197e-10	9.105197e-10
6.200000e-01	6.300000e-01	1.000000e+00	1.004484e-06	1.004484e-06
6.300000e-01	6.400000e-01	1.000000e+00	1.004484e-06	1.004484e-06
6.400000e-01	6.500000e-01	1.000000e+00	0.000000e+00	0.000000e+00
6.500000e-01	6.600000e-01	1.000000e+00	0.000000e+00	0.000000e+00
6.600000e-01	6.700000e-01	1.000000e+00	0.000000e+00	0.000000e+00
6.700000e-01	6.800000e-01	1.000000e+00	0.000000e+00	0.000000e+00
6.800000e-01	6.900000e-01	1.000000e+00	0.000000e+00	0.000000e+00
6.900000e-01	7.000000e-01	1.000000e+00	0.000000e+00	0.000000e+00
7.000000e-01	7.100000e-01	1.000000e+00	0.000000e+00	0.000000e+00
7.100000e-01	7.200000e-01	1.000000e+00	0.000000e+00	0.000000e+00
7.200000e-01	7.300000e-01	1.000000e+00	0.000000e+00	0.000000e+00
7.300000e-01	7.400000e-01	1.000000e+00	0.000000e+00	0.000000e+00
7.400000e-01	7.500000e-01	1.000000e+00	0.000000e+00	0.000000e+00
7.500000e-01	7.600000e-01	1.000000e+00	0.000000e+00	0.000000e+00
7.600000e-01	7.700000e-01	1.000000e+00	0.000000e+00	0.000000e+00
7.700000e-01	7.800000e-01	1.000000e+00	0.000000e+00	0.000000e+00
7.800000e-01	7.900000e-01	1.000000e+00	0.000000e+00	0.000000e+00
7.900000e-01	8.000000e-01	1.000000e+00	0.000000e+00	0.000000e+00
8.000000e-01	8.100000e-01	1.000000e+00	0.000000e+00	0.000000e+00
8.100000e-01	8.200000e-01	1.000000e+00	0.000000e+00	0.000000e+00
8.200000e-01	8.300000e-01	1.000000e+00	0.000000e+00	0.000000e+00
8.300000e-01	8.400000e-01	1.000000e+00	0.000000e+00	0.000000e+00
8.400000e-01	8.500000e-01	1.000000e+00	0.000000e+00	0.000000e+00
8.500000e-01	8.600000e-01	1.000000e+00	0.000000e+00	0.000000e+00
8.600000e-01	8.700000e-01	1.000000e+00	0.000000e+00	0.000000e+00
8.700000e-01	8.800000e-01	1.000000e+00	0.000000e+00	0.000000e+00
8.800000e-01	8.900000e-01	1.000000e+00	0.000000e+00	0.000000e+00
8.900000e-01	9.000000e-01	1.000000e+00	0.000000e+00	0.000000e+00
9.000000e-01	9.100000e-01	1.000000e+00	0.000000e+00	0.000000e+00
9.100000e-01	9.200000e-01	1.000000e+00	0.000000e+00	0.000000e+00
9.200000e-01	9.300000e-01	1.000000e+00	0.000000e+00	0.000000e+00
9.300000e-01	9.400000e-01	1.000000e+00	0.000000e+00	0.000000e+00
9.400000e-01	9.500000e-01	1.000000e+00	0.000000e+00	0.000000e+00
9.500000e-01	9.600000e-01	1.000000e+00	0.000000e+00	0.000000e+00
9.600000e-01	9.700000e-01	1.000000e+00	0.000000e+00	0.000000e+00
9.700000e-01	9.800000e-01	1.000000e+00	0.000000e+00	0.000000e+00
9.800000e-01	9.900000e-01	1.000000e+00	0.000000e+00	0.000000e+00
9.900000e-01	1.000000e+00	1.000000e+00	0.000000e+00	0.000000e+00
1.000000e+00	1.010000e+00	1.000000e+00	0.000000e+00	0.000000e+00
1.010000e+00	1.020000e+00	1.000000e+00	0.000000e+00	0.000000e+00
1.020000e+00	1.030000e+00	1.000000e+00	0.000000e+00	0.000000e+00
1.030000e+00	1.040000e+00	1.000000e+00	0.000000e+00	0.000000e+00
1.040000e+00	1.050000e+00	1.000000e+00	0.000000e+00	0.000000e+00
1.050000e+00	1.060000e+00	1.000000e+00	0.000000e+00	0.000000e+00
1.060000e+00	1.070000e+00	1.000000e+00	0.000000e+00	0.000000e+00
1.070000e+00	1.080000e+00	1.000000e+00	0.000000e+00	0.000000e+00
1.080000e+00	1.090000e+00	1.000000e+00	0.000000e+00	0.000000e+00
1.090000e+00	1.100000e+00	1.000000e+00	0.000000e+00	0.000000e+00
1.100000e+00	1.110000e+00	1.000000e+00	0.000000e+00	0.000000e+00
1.110000e+00	1.120000e+00	1.000000e+00	0.000000e+00	0.000000e+00
1.120000e+00	1.130000e+00	1.000000e+00	0.000000e+00	0.000000e+00
1.130000e+00	1.140000e+00	1.000000e+00	0.000000e+00	0.000000e+00
1.140000e+00	1.150000e+00	1.000000e+00	0.000000e+00	0.000000e+00
1.150000e+00	1.160000e+00	1.000000e+00	0.000000e+00	0.000000e+00
1.160000e+00	1.170000e+00	1.000000e+00	0.000000e+00	0.000000e+00
1.170000e+00	1.180000e+00	1.000000e+00	0.000000e+00	0.000000e+00
1.180000e+00	1.190000e+00	1.000000e+00	0.000000e+00	0.000000e+00
1.190000e+00	1.200000e+00	1.000000e+00	0.000000e+00	0.000000e+00
1.200000e+00	1.210000e+00	1.000000e+00	0.000000e+00	0.000000e+00
1.210000e+00	1.220000e+00	1.000000e+00	0.000000e+00	0.000000e+00
1.220000e+00	1.230000e+00	1.000000e+00	0.000000e+00	0.000000e+00
1.230000e+00	1.240000e+00	1.000000e+00	0.000000e+00	0.000000e+00
1.240000e+00	1.250000e+00	1.000000e+00	0.000000e+00	0.000000e+00
1.250000e+00	1.260000e+00	1.000000e+00	0.000000e+00	0.000000e+00
1.260000e+00	1.270000e+00	1.000000e+00	0.000000e+00	0.000000e+00
1.270000e+00	1.280000e+00	1.000000e+00	0.000000e+00	0.000000e+00
1.280000e+00	1.290000e+00	1.000000e+00	0.000000e+00	0.000000e+00
1.290000e+00	1.300000e+00	1.000000e+00	0.000000e+00	0.000000e+00
1.300000e+00	1.310000e+00	1.000000e+00	0.000000e+00	0.000000e+00
1.310000e+00	1.320000e+00	1.000000e+00	0.000000e+00	0.000000e+00
1.320000e+00	1.330000e+00	1.000000e+00	0.000000e+00	0.000000e+00
1.330000e+00	1.340000e+00	1.000000e+00	0.000000e+00	0.000000e+00
1.340000e+00	1.350000e+00	1.000000e+00	0.000000e+00	0.000000e+00
1.350000e+00	1.360000e+00	1.000000e+00	0.000000e+00	0.000000e+00
1.360000e+00	1.370000e+00	1.000000e+00	0.000000e+00	0.000000e+00
1.370000e+00	1.380000e+00	1.000000e+00	0.000000e+00	0.000000e+00
1.380000e+00	1.390000e+00	1.000000e+00	0.000000e+00	0.000000e+00
1.390000e+00	1.400000e+00	1.000000e+00	0.000000e+00	0.000000e+00
1.400000e+00	1.410000e+00	1.000000e+00	0.000000e+00	0.000000e+00
1.410000e+00	1.420000e+00	1.000000e+00	0.000000e+00	0.000000e+00
1.420000e+00	1.430000e+00	1.000000e+00	0.000000e+00	0.000000e+00
1.430000e+00	1.440000e+00	1.000000e+00	0.000000e+00	0.000000e+00
1.440000e+00	1.450000e+00	1.000000e+00	0.000000e+00	0.000000e+00
1.450000e+00	1.460000e+00	1.000000e+00	0.000000e+00	0.000000e+00
1.460000e+00	1.470000e+00	1.000000e+00	0.000000e+00	0.000000e+00
1.470000e+00	1.480000e+00	1.000000e+00	0.000000e+00	0.000000e+00
1.480000e+00	1.490000e+00	1.000000e+00	0.000000e+00	0.000000e+00
1.490000e+00	1.500000e+00	1.000000e+00	0.000000e+00	0.000000e+00
# END HISTO1D

# BEGIN HISTO1D //nfs/farm/g/theory/qcdsim/shoeche/runs/lhjets/jj/mcnlo/css-1em-2/run.yoda/LH2017_ZHSHAPES/psi_0.5_100
LineColor=blue
LineStyle=solid
Path=//nfs/farm/g/theory/qcdsim/shoeche/runs/lhjets/jj/mcnlo/css-1em-2/run.yoda/LH2017_ZHSHAPES/psi_0.5_100
Title=run
XLabel=
YLabel=
# xlow	 xhigh	 val	 errminus	 errplus
0.000000e+00	1.000000e-02	9.686539e-01	3.122064e-04	3.122064e-04
1.000000e-02	2.000000e-02	9.692286e-01	3.091107e-04	3.091107e-04
2.000000e-02	3.000000e-02	9.703121e-01	3.030306e-04	3.030306e-04
3.000000e-02	4.000000e-02	9.715164e-01	2.960194e-04	2.960194e-04
4.000000e-02	5.000000e-02	9.728722e-01	2.877657e-04	2.877657e-04
5.000000e-02	6.000000e-02	9.743229e-01	2.787226e-04	2.787226e-04
6.000000e-02	7.000000e-02	9.758449e-01	2.685963e-04	2.685963e-04
7.000000e-02	8.000000e-02	9.774498e-01	2.571974e-04	2.571974e-04
8.000000e-02	9.000000e-02	9.791048e-01	2.449291e-04	2.449291e-04
9.000000e-02	1.000000e-01	9.805623e-01	2.334868e-04	2.334868e-04
1.000000e-01	1.100000e-01	9.821525e-01	2.205934e-04	2.205934e-04
1.100000e-01	1.200000e-01	9.836677e-01	2.072989e-04	2.072989e-04
1.200000e-01	1.300000e-01	9.850733e-01	1.944682e-04	1.944682e-04
1.300000e-01	1.400000e-01	9.862996e-01	1.825047e-04	1.825047e-04
1.400000e-01	1.500000e-01	9.875890e-01	1.694324e-04	1.694324e-04
1.500000e-01	1.600000e-01	9.887476e-01	1.568202e-04	1.568202e-04
1.600000e-01	1.700000e-01	9.898564e-01	1.442182e-04	1.442182e-04
1.700000e-01	1.800000e-01	9.909005e-01	1.317088e-04	1.317088e-04
1.800000e-01	1.900000e-01	9.919490e-01	1.186544e-04	1.186544e-04
1.900000e-01	2.000000e-01	9.928176e-01	1.065382e-04	1.065382e-04
2.000000e-01	2.100000e-01	9.936467e-01	9.534758e-05	9.534758e-05
2.100000e-01	2.200000e-01	9.944343e-01	8.429134e-05	8.429134e-05
2.200000e-01	2.300000e-01	9.951080e-01	7.406035e-05	7.406035e-05
2.300000e-01	2.400000e-01	9.957634e-01	6.593582e-05	6.593582e-05
2.400000e-01	2.500000e-01	9.962754e-01	6.012815e-05	6.012815e-05
2.500000e-01	2.600000e-01	9.968189e-01	5.441245e-05	5.441245e-05
2.600000e-01	2.700000e-01	9.972676e-01	4.934474e-05	4.934474e-05
2.700000e-01	2.800000e-01	9.976849e-01	4.437122e-05	4.437122e-05
2.800000e-01	2.900000e-01	9.980812e-01	3.941253e-05	3.941253e-05
2.900000e-01	3.000000e-01	9.984045e-01	3.508165e-05	3.508165e-05
3.000000e-01	3.100000e-01	9.986574e-01	3.154023e-05	3.154023e-05
3.100000e-01	3.200000e-01	9.988970e-01	2.784546e-05	2.784546e-05
3.200000e-01	3.300000e-01	9.991208e-01	2.420243e-05	2.420243e-05
3.300000e-01	3.400000e-01	9.993001e-01	2.097808e-05	2.097808e-05
3.400000e-01	3.500000e-01	9.994674e-01	1.769376e-05	1.769376e-05
3.500000e-01	3.600000e-01	9.995954e-01	1.492197e-05	1.492197e-05
3.600000e-01	3.700000e-01	9.996956e-01	1.244191e-05	1.244191e-05
3.700000e-01	3.800000e-01	9.997780e-01	1.019173e-05	1.019173e-05
3.800000e-01	3.900000e-01	9.998413e-01	8.246894e-06	8.246894e-06
3.900000e-01	4.000000e-01	9.998940e-01	6.447929e-06	6.447929e-06
4.000000e-01	4.100000e-01	9.999311e-01	4.860850e-06	4.860850e-06
4.100000e-01	4.200000e-01	9.999535e-01	4.008786e-06	4.008786e-06
4.200000e-01	4.300000e-01	9.999738e-01	2.750198e-06	2.750198e-06
4.300000e-01	4.400000e-01	9.999879e-01	1.684252e-06	1.684252e-06
4.400000e-01	4.500000e-01	9.999947e-01	9.724372e-07	9.724372e-07
4.500000e-01	4.600000e-01	9.999985e-01	2.638452e-09	2.638452e-09
4.600000e-01	4.700000e-01	9.999997e-01	5.274861e-10	5.274861e-10
4.700000e-01	4.800000e-01	1.000000e+00	0.000000e+00	0.000000e+00
4.800000e-01	4.900000e-01	1.000000e+00	0.000000e+00	0.000000e+00
4.900000e-01	5.000000e-01	1.000000e+00	0.000000e+00	0.000000e+00
5.000000e-01	5.100000e-01	1.000000e+00	0.000000e+00	0.000000e+00
5.100000e-01	5.200000e-01	1.000000e+00	0.000000e+00	0.000000e+00
5.200000e-01	5.300000e-01	1.000000e+00	0.000000e+00	0.000000e+00
5.300000e-01	5.400000e-01	1.000000e+00	0.000000e+00	0.000000e+00
5.400000e-01	5.500000e-01	1.000000e+00	0.000000e+00	0.000000e+00
5.500000e-01	5.600000e-01	1.000000e+00	0.000000e+00	0.000000e+00
5.600000e-01	5.700000e-01	1.000000e+00	0.000000e+00	0.000000e+00
5.700000e-01	5.800000e-01	1.000000e+00	0.000000e+00	0.000000e+00
5.800000e-01	5.900000e-01	1.000000e+00	0.000000e+00	0.000000e+00
5.900000e-01	6.000000e-01	1.000000e+00	0.000000e+00	0.000000e+00
6.000000e-01	6.100000e-01	1.000000e+00	0.000000e+00	0.000000e+00
6.100000e-01	6.200000e-01	1.000000e+00	0.000000e+00	0.000000e+00
6.200000e-01	6.300000e-01	1.000000e+00	0.000000e+00	0.000000e+00
6.300000e-01	6.400000e-01	1.000000e+00	0.000000e+00	0.000000e+00
6.400000e-01	6.500000e-01	1.000000e+00	0.000000e+00	0.000000e+00
6.500000e-01	6.600000e-01	1.000000e+00	0.000000e+00	0.000000e+00
6.600000e-01	6.700000e-01	1.000000e+00	0.000000e+00	0.000000e+00
6.700000e-01	6.800000e-01	1.000000e+00	0.000000e+00	0.000000e+00
6.800000e-01	6.900000e-01	1.000000e+00	0.000000e+00	0.000000e+00
6.900000e-01	7.000000e-01	1.000000e+00	0.000000e+00	0.000000e+00
7.000000e-01	7.100000e-01	1.000000e+00	0.000000e+00	0.000000e+00
7.100000e-01	7.200000e-01	1.000000e+00	0.000000e+00	0.000000e+00
7.200000e-01	7.300000e-01	1.000000e+00	0.000000e+00	0.000000e+00
7.300000e-01	7.400000e-01	1.000000e+00	0.000000e+00	0.000000e+00
7.400000e-01	7.500000e-01	1.000000e+00	0.000000e+00	0.000000e+00
7.500000e-01	7.600000e-01	1.000000e+00	0.000000e+00	0.000000e+00
7.600000e-01	7.700000e-01	1.000000e+00	0.000000e+00	0.000000e+00
7.700000e-01	7.800000e-01	1.000000e+00	0.000000e+00	0.000000e+00
7.800000e-01	7.900000e-01	1.000000e+00	0.000000e+00	0.000000e+00
7.900000e-01	8.000000e-01	1.000000e+00	0.000000e+00	0.000000e+00
8.000000e-01	8.100000e-01	1.000000e+00	0.000000e+00	0.000000e+00
8.100000e-01	8.200000e-01	1.000000e+00	0.000000e+00	0.000000e+00
8.200000e-01	8.300000e-01	1.000000e+00	0.000000e+00	0.000000e+00
8.300000e-01	8.400000e-01	1.000000e+00	0.000000e+00	0.000000e+00
8.400000e-01	8.500000e-01	1.000000e+00	0.000000e+00	0.000000e+00
8.500000e-01	8.600000e-01	1.000000e+00	0.000000e+00	0.000000e+00
8.600000e-01	8.700000e-01	1.000000e+00	0.000000e+00	0.000000e+00
8.700000e-01	8.800000e-01	1.000000e+00	0.000000e+00	0.000000e+00
8.800000e-01	8.900000e-01	1.000000e+00	0.000000e+00	0.000000e+00
8.900000e-01	9.000000e-01	1.000000e+00	0.000000e+00	0.000000e+00
9.000000e-01	9.100000e-01	1.000000e+00	0.000000e+00	0.000000e+00
9.100000e-01	9.200000e-01	1.000000e+00	0.000000e+00	0.000000e+00
9.200000e-01	9.300000e-01	1.000000e+00	0.000000e+00	0.000000e+00
9.300000e-01	9.400000e-01	1.000000e+00	0.000000e+00	0.000000e+00
9.400000e-01	9.500000e-01	1.000000e+00	0.000000e+00	0.000000e+00
9.500000e-01	9.600000e-01	1.000000e+00	0.000000e+00	0.000000e+00
9.600000e-01	9.700000e-01	1.000000e+00	0.000000e+00	0.000000e+00
9.700000e-01	9.800000e-01	1.000000e+00	0.000000e+00	0.000000e+00
9.800000e-01	9.900000e-01	1.000000e+00	0.000000e+00	0.000000e+00
9.900000e-01	1.000000e+00	1.000000e+00	0.000000e+00	0.000000e+00
1.000000e+00	1.010000e+00	1.000000e+00	0.000000e+00	0.000000e+00
1.010000e+00	1.020000e+00	1.000000e+00	0.000000e+00	0.000000e+00
1.020000e+00	1.030000e+00	1.000000e+00	0.000000e+00	0.000000e+00
1.030000e+00	1.040000e+00	1.000000e+00	0.000000e+00	0.000000e+00
1.040000e+00	1.050000e+00	1.000000e+00	0.000000e+00	0.000000e+00
1.050000e+00	1.060000e+00	1.000000e+00	0.000000e+00	0.000000e+00
1.060000e+00	1.070000e+00	1.000000e+00	0.000000e+00	0.000000e+00
1.070000e+00	1.080000e+00	1.000000e+00	0.000000e+00	0.000000e+00
1.080000e+00	1.090000e+00	1.000000e+00	0.000000e+00	0.000000e+00
1.090000e+00	1.100000e+00	1.000000e+00	0.000000e+00	0.000000e+00
1.100000e+00	1.110000e+00	1.000000e+00	0.000000e+00	0.000000e+00
1.110000e+00	1.120000e+00	1.000000e+00	0.000000e+00	0.000000e+00
1.120000e+00	1.130000e+00	1.000000e+00	0.000000e+00	0.000000e+00
1.130000e+00	1.140000e+00	1.000000e+00	0.000000e+00	0.000000e+00
1.140000e+00	1.150000e+00	1.000000e+00	0.000000e+00	0.000000e+00
1.150000e+00	1.160000e+00	1.000000e+00	0.000000e+00	0.000000e+00
1.160000e+00	1.170000e+00	1.000000e+00	0.000000e+00	0.000000e+00
1.170000e+00	1.180000e+00	1.000000e+00	0.000000e+00	0.000000e+00
1.180000e+00	1.190000e+00	1.000000e+00	0.000000e+00	0.000000e+00
1.190000e+00	1.200000e+00	1.000000e+00	0.000000e+00	0.000000e+00
1.200000e+00	1.210000e+00	1.000000e+00	0.000000e+00	0.000000e+00
1.210000e+00	1.220000e+00	1.000000e+00	0.000000e+00	0.000000e+00
1.220000e+00	1.230000e+00	1.000000e+00	0.000000e+00	0.000000e+00
1.230000e+00	1.240000e+00	1.000000e+00	0.000000e+00	0.000000e+00
1.240000e+00	1.250000e+00	1.000000e+00	0.000000e+00	0.000000e+00
1.250000e+00	1.260000e+00	1.000000e+00	0.000000e+00	0.000000e+00
1.260000e+00	1.270000e+00	1.000000e+00	0.000000e+00	0.000000e+00
1.270000e+00	1.280000e+00	1.000000e+00	0.000000e+00	0.000000e+00
1.280000e+00	1.290000e+00	1.000000e+00	0.000000e+00	0.000000e+00
1.290000e+00	1.300000e+00	1.000000e+00	0.000000e+00	0.000000e+00
1.300000e+00	1.310000e+00	1.000000e+00	0.000000e+00	0.000000e+00
1.310000e+00	1.320000e+00	1.000000e+00	0.000000e+00	0.000000e+00
1.320000e+00	1.330000e+00	1.000000e+00	0.000000e+00	0.000000e+00
1.330000e+00	1.340000e+00	1.000000e+00	0.000000e+00	0.000000e+00
1.340000e+00	1.350000e+00	1.000000e+00	0.000000e+00	0.000000e+00
1.350000e+00	1.360000e+00	1.000000e+00	0.000000e+00	0.000000e+00
1.360000e+00	1.370000e+00	1.000000e+00	0.000000e+00	0.000000e+00
1.370000e+00	1.380000e+00	1.000000e+00	0.000000e+00	0.000000e+00
1.380000e+00	1.390000e+00	1.000000e+00	0.000000e+00	0.000000e+00
1.390000e+00	1.400000e+00	1.000000e+00	0.000000e+00	0.000000e+00
1.400000e+00	1.410000e+00	1.000000e+00	0.000000e+00	0.000000e+00
1.410000e+00	1.420000e+00	1.000000e+00	0.000000e+00	0.000000e+00
1.420000e+00	1.430000e+00	1.000000e+00	0.000000e+00	0.000000e+00
1.430000e+00	1.440000e+00	1.000000e+00	0.000000e+00	0.000000e+00
1.440000e+00	1.450000e+00	1.000000e+00	0.000000e+00	0.000000e+00
1.450000e+00	1.460000e+00	1.000000e+00	0.000000e+00	0.000000e+00
1.460000e+00	1.470000e+00	1.000000e+00	0.000000e+00	0.000000e+00
1.470000e+00	1.480000e+00	1.000000e+00	0.000000e+00	0.000000e+00
1.480000e+00	1.490000e+00	1.000000e+00	0.000000e+00	0.000000e+00
1.490000e+00	1.500000e+00	1.000000e+00	0.000000e+00	0.000000e+00
# END HISTO1D

# BEGIN HISTO1D //nfs/farm/g/theory/qcdsim/shoeche/runs/lhjets/jj/nlo/cs-2/run.yoda/LH2017_ZHSHAPES/psi_0.5_100
LineColor={[HTML]{2da334}}
LineStyle=solid
Path=//nfs/farm/g/theory/qcdsim/shoeche/runs/lhjets/jj/nlo/cs-2/run.yoda/LH2017_ZHSHAPES/psi_0.5_100
Title=run
XLabel=
YLabel=
# xlow	 xhigh	 val	 errminus	 errplus
0.000000e+00	1.000000e-02	1.314940e-01	nan	nan
1.000000e-02	2.000000e-02	4.198201e-01	nan	nan
2.000000e-02	3.000000e-02	5.599003e-01	nan	nan
3.000000e-02	4.000000e-02	6.439191e-01	nan	nan
4.000000e-02	5.000000e-02	7.088464e-01	nan	nan
5.000000e-02	6.000000e-02	7.541420e-01	nan	nan
6.000000e-02	7.000000e-02	7.883855e-01	nan	nan
7.000000e-02	8.000000e-02	8.160197e-01	nan	nan
8.000000e-02	9.000000e-02	8.372113e-01	nan	nan
9.000000e-02	1.000000e-01	8.565990e-01	nan	nan
1.000000e-01	1.100000e-01	8.723410e-01	nan	nan
1.100000e-01	1.200000e-01	8.860728e-01	nan	nan
1.200000e-01	1.300000e-01	8.983561e-01	nan	nan
1.300000e-01	1.400000e-01	9.098995e-01	nan	nan
1.400000e-01	1.500000e-01	9.186270e-01	nan	nan
1.500000e-01	1.600000e-01	9.269785e-01	nan	nan
1.600000e-01	1.700000e-01	9.341451e-01	nan	nan
1.700000e-01	1.800000e-01	9.404384e-01	nan	nan
1.800000e-01	1.900000e-01	9.460221e-01	nan	nan
1.900000e-01	2.000000e-01	9.511481e-01	nan	nan
2.000000e-01	2.100000e-01	9.555613e-01	nan	nan
2.100000e-01	2.200000e-01	9.598097e-01	nan	nan
2.200000e-01	2.300000e-01	9.638123e-01	nan	nan
2.300000e-01	2.400000e-01	9.672601e-01	nan	nan
2.400000e-01	2.500000e-01	9.702872e-01	nan	nan
2.500000e-01	2.600000e-01	9.731572e-01	nan	nan
2.600000e-01	2.700000e-01	9.758051e-01	nan	nan
2.700000e-01	2.800000e-01	9.783820e-01	nan	nan
2.800000e-01	2.900000e-01	9.809446e-01	nan	nan
2.900000e-01	3.000000e-01	9.831913e-01	nan	nan
3.000000e-01	3.100000e-01	9.849869e-01	nan	nan
3.100000e-01	3.200000e-01	9.868392e-01	nan	nan
3.200000e-01	3.300000e-01	9.885470e-01	nan	nan
3.300000e-01	3.400000e-01	9.899811e-01	nan	nan
3.400000e-01	3.500000e-01	9.914727e-01	nan	nan
3.500000e-01	3.600000e-01	9.926746e-01	nan	nan
3.600000e-01	3.700000e-01	9.936062e-01	nan	nan
3.700000e-01	3.800000e-01	9.945919e-01	nan	nan
3.800000e-01	3.900000e-01	9.953859e-01	nan	nan
3.900000e-01	4.000000e-01	9.962203e-01	nan	nan
4.000000e-01	4.100000e-01	9.969788e-01	nan	nan
4.100000e-01	4.200000e-01	9.977170e-01	nan	nan
4.200000e-01	4.300000e-01	9.982331e-01	nan	nan
4.300000e-01	4.400000e-01	9.987288e-01	nan	nan
4.400000e-01	4.500000e-01	9.991250e-01	nan	nan
4.500000e-01	4.600000e-01	9.994206e-01	nan	nan
4.600000e-01	4.700000e-01	9.996909e-01	nan	nan
4.700000e-01	4.800000e-01	9.998674e-01	nan	nan
4.800000e-01	4.900000e-01	9.999704e-01	nan	nan
4.900000e-01	5.000000e-01	1.000000e+00	nan	nan
5.000000e-01	5.100000e-01	1.000000e+00	nan	nan
5.100000e-01	5.200000e-01	1.000000e+00	nan	nan
5.200000e-01	5.300000e-01	1.000000e+00	nan	nan
5.300000e-01	5.400000e-01	1.000000e+00	nan	nan
5.400000e-01	5.500000e-01	1.000000e+00	nan	nan
5.500000e-01	5.600000e-01	1.000000e+00	nan	nan
5.600000e-01	5.700000e-01	1.000000e+00	nan	nan
5.700000e-01	5.800000e-01	1.000000e+00	nan	nan
5.800000e-01	5.900000e-01	1.000000e+00	nan	nan
5.900000e-01	6.000000e-01	1.000000e+00	nan	nan
6.000000e-01	6.100000e-01	1.000000e+00	nan	nan
6.100000e-01	6.200000e-01	1.000000e+00	nan	nan
6.200000e-01	6.300000e-01	1.000000e+00	nan	nan
6.300000e-01	6.400000e-01	1.000000e+00	nan	nan
6.400000e-01	6.500000e-01	1.000000e+00	nan	nan
6.500000e-01	6.600000e-01	1.000000e+00	nan	nan
6.600000e-01	6.700000e-01	1.000000e+00	nan	nan
6.700000e-01	6.800000e-01	1.000000e+00	nan	nan
6.800000e-01	6.900000e-01	1.000000e+00	nan	nan
6.900000e-01	7.000000e-01	1.000000e+00	nan	nan
7.000000e-01	7.100000e-01	1.000000e+00	nan	nan
7.100000e-01	7.200000e-01	1.000000e+00	nan	nan
7.200000e-01	7.300000e-01	1.000000e+00	nan	nan
7.300000e-01	7.400000e-01	1.000000e+00	nan	nan
7.400000e-01	7.500000e-01	1.000000e+00	nan	nan
7.500000e-01	7.600000e-01	1.000000e+00	nan	nan
7.600000e-01	7.700000e-01	1.000000e+00	nan	nan
7.700000e-01	7.800000e-01	1.000000e+00	nan	nan
7.800000e-01	7.900000e-01	1.000000e+00	nan	nan
7.900000e-01	8.000000e-01	1.000000e+00	nan	nan
8.000000e-01	8.100000e-01	1.000000e+00	nan	nan
8.100000e-01	8.200000e-01	1.000000e+00	nan	nan
8.200000e-01	8.300000e-01	1.000000e+00	nan	nan
8.300000e-01	8.400000e-01	1.000000e+00	nan	nan
8.400000e-01	8.500000e-01	1.000000e+00	nan	nan
8.500000e-01	8.600000e-01	1.000000e+00	nan	nan
8.600000e-01	8.700000e-01	1.000000e+00	nan	nan
8.700000e-01	8.800000e-01	1.000000e+00	nan	nan
8.800000e-01	8.900000e-01	1.000000e+00	nan	nan
8.900000e-01	9.000000e-01	1.000000e+00	nan	nan
9.000000e-01	9.100000e-01	1.000000e+00	nan	nan
9.100000e-01	9.200000e-01	1.000000e+00	nan	nan
9.200000e-01	9.300000e-01	1.000000e+00	nan	nan
9.300000e-01	9.400000e-01	1.000000e+00	nan	nan
9.400000e-01	9.500000e-01	1.000000e+00	nan	nan
9.500000e-01	9.600000e-01	1.000000e+00	nan	nan
9.600000e-01	9.700000e-01	1.000000e+00	nan	nan
9.700000e-01	9.800000e-01	1.000000e+00	nan	nan
9.800000e-01	9.900000e-01	1.000000e+00	nan	nan
9.900000e-01	1.000000e+00	1.000000e+00	nan	nan
1.000000e+00	1.010000e+00	1.000000e+00	nan	nan
1.010000e+00	1.020000e+00	1.000000e+00	nan	nan
1.020000e+00	1.030000e+00	1.000000e+00	nan	nan
1.030000e+00	1.040000e+00	1.000000e+00	nan	nan
1.040000e+00	1.050000e+00	1.000000e+00	nan	nan
1.050000e+00	1.060000e+00	1.000000e+00	nan	nan
1.060000e+00	1.070000e+00	1.000000e+00	nan	nan
1.070000e+00	1.080000e+00	1.000000e+00	nan	nan
1.080000e+00	1.090000e+00	1.000000e+00	nan	nan
1.090000e+00	1.100000e+00	1.000000e+00	nan	nan
1.100000e+00	1.110000e+00	1.000000e+00	nan	nan
1.110000e+00	1.120000e+00	1.000000e+00	nan	nan
1.120000e+00	1.130000e+00	1.000000e+00	nan	nan
1.130000e+00	1.140000e+00	1.000000e+00	nan	nan
1.140000e+00	1.150000e+00	1.000000e+00	nan	nan
1.150000e+00	1.160000e+00	1.000000e+00	nan	nan
1.160000e+00	1.170000e+00	1.000000e+00	nan	nan
1.170000e+00	1.180000e+00	1.000000e+00	nan	nan
1.180000e+00	1.190000e+00	1.000000e+00	nan	nan
1.190000e+00	1.200000e+00	1.000000e+00	nan	nan
1.200000e+00	1.210000e+00	1.000000e+00	nan	nan
1.210000e+00	1.220000e+00	1.000000e+00	nan	nan
1.220000e+00	1.230000e+00	1.000000e+00	nan	nan
1.230000e+00	1.240000e+00	1.000000e+00	nan	nan
1.240000e+00	1.250000e+00	1.000000e+00	nan	nan
1.250000e+00	1.260000e+00	1.000000e+00	nan	nan
1.260000e+00	1.270000e+00	1.000000e+00	nan	nan
1.270000e+00	1.280000e+00	1.000000e+00	nan	nan
1.280000e+00	1.290000e+00	1.000000e+00	nan	nan
1.290000e+00	1.300000e+00	1.000000e+00	nan	nan
1.300000e+00	1.310000e+00	1.000000e+00	nan	nan
1.310000e+00	1.320000e+00	1.000000e+00	nan	nan
1.320000e+00	1.330000e+00	1.000000e+00	nan	nan
1.330000e+00	1.340000e+00	1.000000e+00	nan	nan
1.340000e+00	1.350000e+00	1.000000e+00	nan	nan
1.350000e+00	1.360000e+00	1.000000e+00	nan	nan
1.360000e+00	1.370000e+00	1.000000e+00	nan	nan
1.370000e+00	1.380000e+00	1.000000e+00	nan	nan
1.380000e+00	1.390000e+00	1.000000e+00	nan	nan
1.390000e+00	1.400000e+00	1.000000e+00	nan	nan
1.400000e+00	1.410000e+00	1.000000e+00	nan	nan
1.410000e+00	1.420000e+00	1.000000e+00	nan	nan
1.420000e+00	1.430000e+00	1.000000e+00	nan	nan
1.430000e+00	1.440000e+00	1.000000e+00	nan	nan
1.440000e+00	1.450000e+00	1.000000e+00	nan	nan
1.450000e+00	1.460000e+00	1.000000e+00	nan	nan
1.460000e+00	1.470000e+00	1.000000e+00	nan	nan
1.470000e+00	1.480000e+00	1.000000e+00	nan	nan
1.480000e+00	1.490000e+00	1.000000e+00	nan	nan
1.490000e+00	1.500000e+00	1.000000e+00	nan	nan
# END HISTO1D

