# BEGIN PLOT
XTwosidedTicks=1
DrawOnly=//nfs/farm/g/theory/qcdsim/shoeche/runs/lhjets/jj/mcnlo/css-2/run.yoda/LH2017_ZHSHAPES/psi_0.9_1600 //nfs/farm/g/theory/qcdsim/shoeche/runs/lhjets/jj/mcnlo/css-1em-2/run.yoda/LH2017_ZHSHAPES/psi_0.9_1600 //nfs/farm/g/theory/qcdsim/shoeche/runs/lhjets/jj/nlo/cs-2/run.yoda/LH2017_ZHSHAPES/psi_0.9_1600
RatioPlotReference=//nfs/farm/g/theory/qcdsim/shoeche/runs/lhjets/jj/nlo/cs-2/run.yoda/LH2017_ZHSHAPES/psi_0.9_1600
XTwosidedTicks=1
YTwosidedTicks=1
TopMargin=0.0
RatioPlot=1
MainPlot=0
RatioPlotYSize=2.5
XMax=0.9
DrawSpecialInRatio=1
LegendXPos=0.35
LegendYPos=0.8
LogY=1
RatioPlotYLabel=
LegendOnly=//nfs/farm/g/theory/qcdsim/shoeche/runs/lhjets/jj/mcnlo/css-2/run.yoda/LH2017_ZHSHAPES/psi_0.9_1600 //nfs/farm/g/theory/qcdsim/shoeche/runs/lhjets/jj/mcnlo/css-1em-2/run.yoda/LH2017_ZHSHAPES/psi_0.9_1600 //nfs/farm/g/theory/qcdsim/shoeche/runs/lhjets/jj/nlo/cs-2/run.yoda/LH2017_ZHSHAPES/psi_0.9_1600
RatioPlotSameStyle=1
YTwosidedTicks=1
Legend=0
# END PLOT
# BEGIN SPECIAL text
\rput[br](0.95,0.2){$k_T>1600GeV$}
# END SPECIAL

# BEGIN HISTO1D //nfs/farm/g/theory/qcdsim/shoeche/runs/lhjets/jj/mcnlo/css-2/run.yoda/LH2017_ZHSHAPES/psi_0.9_1600
LineColor=red
LineStyle=solid
Path=//nfs/farm/g/theory/qcdsim/shoeche/runs/lhjets/jj/mcnlo/css-2/run.yoda/LH2017_ZHSHAPES/psi_0.9_1600
Title=run
XLabel=
YLabel=
# xlow	 xhigh	 val	 errminus	 errplus
0.000000e+00	1.000000e-02	2.890888e-01	2.501758e-03	2.501758e-03
1.000000e-02	2.000000e-02	4.336287e-01	2.689689e-03	2.689689e-03
2.000000e-02	3.000000e-02	5.261417e-01	2.673678e-03	2.673678e-03
3.000000e-02	4.000000e-02	5.919769e-01	2.591022e-03	2.591022e-03
4.000000e-02	5.000000e-02	6.406098e-01	2.498510e-03	2.498510e-03
5.000000e-02	6.000000e-02	6.781316e-01	2.401937e-03	2.401937e-03
6.000000e-02	7.000000e-02	7.106410e-01	2.297987e-03	2.297987e-03
7.000000e-02	8.000000e-02	7.378668e-01	2.196333e-03	2.196333e-03
8.000000e-02	9.000000e-02	7.602967e-01	2.101556e-03	2.101556e-03
9.000000e-02	1.000000e-01	7.792620e-01	2.012925e-03	2.012925e-03
1.000000e-01	1.100000e-01	7.955161e-01	1.932278e-03	1.932278e-03
1.100000e-01	1.200000e-01	8.098959e-01	1.855948e-03	1.855948e-03
1.200000e-01	1.300000e-01	8.231243e-01	1.776146e-03	1.776146e-03
1.300000e-01	1.400000e-01	8.352816e-01	1.697528e-03	1.697528e-03
1.400000e-01	1.500000e-01	8.467694e-01	1.618787e-03	1.618787e-03
1.500000e-01	1.600000e-01	8.562898e-01	1.552062e-03	1.552062e-03
1.600000e-01	1.700000e-01	8.643304e-01	1.495637e-03	1.495637e-03
1.700000e-01	1.800000e-01	8.724172e-01	1.432544e-03	1.432544e-03
1.800000e-01	1.900000e-01	8.800442e-01	1.369439e-03	1.369439e-03
1.900000e-01	2.000000e-01	8.862626e-01	1.318241e-03	1.318241e-03
2.000000e-01	2.100000e-01	8.928429e-01	1.257962e-03	1.257962e-03
2.100000e-01	2.200000e-01	8.984535e-01	1.209450e-03	1.209450e-03
2.200000e-01	2.300000e-01	9.035840e-01	1.162333e-03	1.162333e-03
2.300000e-01	2.400000e-01	9.085570e-01	1.114948e-03	1.114948e-03
2.400000e-01	2.500000e-01	9.134070e-01	1.066715e-03	1.066715e-03
2.500000e-01	2.600000e-01	9.178257e-01	1.019487e-03	1.019487e-03
2.600000e-01	2.700000e-01	9.219983e-01	9.760459e-04	9.760459e-04
2.700000e-01	2.800000e-01	9.255493e-01	9.360052e-04	9.360052e-04
2.800000e-01	2.900000e-01	9.290388e-01	8.959182e-04	8.959182e-04
2.900000e-01	3.000000e-01	9.327510e-01	8.513030e-04	8.513030e-04
3.000000e-01	3.100000e-01	9.361996e-01	8.107909e-04	8.107909e-04
3.100000e-01	3.200000e-01	9.392725e-01	7.737380e-04	7.737380e-04
3.200000e-01	3.300000e-01	9.419131e-01	7.418588e-04	7.418588e-04
3.300000e-01	3.400000e-01	9.446226e-01	7.103267e-04	7.103267e-04
3.400000e-01	3.500000e-01	9.470510e-01	6.819498e-04	6.819498e-04
3.500000e-01	3.600000e-01	9.496638e-01	6.475598e-04	6.475598e-04
3.600000e-01	3.700000e-01	9.519488e-01	6.203325e-04	6.203325e-04
3.700000e-01	3.800000e-01	9.546614e-01	5.813439e-04	5.813439e-04
3.800000e-01	3.900000e-01	9.568608e-01	5.521005e-04	5.521005e-04
3.900000e-01	4.000000e-01	9.589575e-01	5.239849e-04	5.239849e-04
4.000000e-01	4.100000e-01	9.607364e-01	5.018206e-04	5.018206e-04
4.100000e-01	4.200000e-01	9.624202e-01	4.774870e-04	4.774870e-04
4.200000e-01	4.300000e-01	9.640649e-01	4.578708e-04	4.578708e-04
4.300000e-01	4.400000e-01	9.658052e-01	4.362657e-04	4.362657e-04
4.400000e-01	4.500000e-01	9.675145e-01	4.162020e-04	4.162020e-04
4.500000e-01	4.600000e-01	9.689015e-01	3.998420e-04	3.998420e-04
4.600000e-01	4.700000e-01	9.704209e-01	3.833766e-04	3.833766e-04
4.700000e-01	4.800000e-01	9.719479e-01	3.665478e-04	3.665478e-04
4.800000e-01	4.900000e-01	9.732659e-01	3.520472e-04	3.520472e-04
4.900000e-01	5.000000e-01	9.747304e-01	3.341116e-04	3.341116e-04
5.000000e-01	5.100000e-01	9.759680e-01	3.195448e-04	3.195448e-04
5.100000e-01	5.200000e-01	9.771625e-01	3.064197e-04	3.064197e-04
5.200000e-01	5.300000e-01	9.784602e-01	2.926077e-04	2.926077e-04
5.300000e-01	5.400000e-01	9.796116e-01	2.784205e-04	2.784205e-04
5.400000e-01	5.500000e-01	9.808033e-01	2.653624e-04	2.653624e-04
5.500000e-01	5.600000e-01	9.817669e-01	2.550175e-04	2.550175e-04
5.600000e-01	5.700000e-01	9.828677e-01	2.416837e-04	2.416837e-04
5.700000e-01	5.800000e-01	9.838457e-01	2.309941e-04	2.309941e-04
5.800000e-01	5.900000e-01	9.848493e-01	2.191729e-04	2.191729e-04
5.900000e-01	6.000000e-01	9.857733e-01	2.076431e-04	2.076431e-04
6.000000e-01	6.100000e-01	9.865956e-01	1.979868e-04	1.979868e-04
6.100000e-01	6.200000e-01	9.875157e-01	1.849122e-04	1.849122e-04
6.200000e-01	6.300000e-01	9.882837e-01	1.753004e-04	1.753004e-04
6.300000e-01	6.400000e-01	9.891039e-01	1.649470e-04	1.649470e-04
6.400000e-01	6.500000e-01	9.898359e-01	1.560577e-04	1.560577e-04
6.500000e-01	6.600000e-01	9.905277e-01	1.473668e-04	1.473668e-04
6.600000e-01	6.700000e-01	9.912169e-01	1.385274e-04	1.385274e-04
6.700000e-01	6.800000e-01	9.918275e-01	1.317790e-04	1.317790e-04
6.800000e-01	6.900000e-01	9.924340e-01	1.231155e-04	1.231155e-04
6.900000e-01	7.000000e-01	9.930081e-01	1.156571e-04	1.156571e-04
7.000000e-01	7.100000e-01	9.936046e-01	1.071150e-04	1.071150e-04
7.100000e-01	7.200000e-01	9.941112e-01	9.993193e-05	9.993193e-05
7.200000e-01	7.300000e-01	9.945864e-01	9.371102e-05	9.371102e-05
7.300000e-01	7.400000e-01	9.950956e-01	8.662559e-05	8.662559e-05
7.400000e-01	7.500000e-01	9.955269e-01	8.059449e-05	8.059449e-05
7.500000e-01	7.600000e-01	9.959647e-01	7.366049e-05	7.366049e-05
7.600000e-01	7.700000e-01	9.963968e-01	6.677058e-05	6.677058e-05
7.700000e-01	7.800000e-01	9.968110e-01	6.032935e-05	6.032935e-05
7.800000e-01	7.900000e-01	9.972104e-01	5.397380e-05	5.397380e-05
7.900000e-01	8.000000e-01	9.976031e-01	4.786957e-05	4.786957e-05
8.000000e-01	8.100000e-01	9.979377e-01	4.285098e-05	4.285098e-05
8.100000e-01	8.200000e-01	9.982721e-01	3.770477e-05	3.770477e-05
8.200000e-01	8.300000e-01	9.985720e-01	3.246643e-05	3.246643e-05
8.300000e-01	8.400000e-01	9.988604e-01	2.787594e-05	2.787594e-05
8.400000e-01	8.500000e-01	9.991538e-01	2.222969e-05	2.222969e-05
8.500000e-01	8.600000e-01	9.993723e-01	1.814617e-05	1.814617e-05
8.600000e-01	8.700000e-01	9.996058e-01	1.345150e-05	1.345150e-05
8.700000e-01	8.800000e-01	9.997875e-01	1.031669e-05	1.031669e-05
8.800000e-01	8.900000e-01	9.999125e-01	7.660961e-06	7.660961e-06
8.900000e-01	9.000000e-01	9.999630e-01	6.266292e-06	6.266292e-06
9.000000e-01	9.100000e-01	9.999661e-01	5.426356e-06	5.426356e-06
9.100000e-01	9.200000e-01	9.999727e-01	5.427742e-06	5.427742e-06
9.200000e-01	9.300000e-01	9.999758e-01	4.431368e-06	4.431368e-06
9.300000e-01	9.400000e-01	9.999785e-01	4.431874e-06	4.431874e-06
9.400000e-01	9.500000e-01	9.999803e-01	4.432194e-06	4.432194e-06
9.500000e-01	9.600000e-01	9.999819e-01	4.432446e-06	4.432446e-06
9.600000e-01	9.700000e-01	9.999850e-01	4.432886e-06	4.432886e-06
9.700000e-01	9.800000e-01	9.999882e-01	3.134359e-06	3.134359e-06
9.800000e-01	9.900000e-01	9.999898e-01	3.134567e-06	3.134567e-06
9.900000e-01	1.000000e+00	9.999913e-01	5.302279e-08	5.302279e-08
1.000000e+00	1.010000e+00	9.999940e-01	3.134975e-06	3.134975e-06
1.010000e+00	1.020000e+00	9.999947e-01	3.135028e-06	3.135028e-06
1.020000e+00	1.030000e+00	9.999953e-01	3.135060e-06	3.135060e-06
1.030000e+00	1.040000e+00	9.999961e-01	3.135100e-06	3.135100e-06
1.040000e+00	1.050000e+00	9.999966e-01	3.135123e-06	3.135123e-06
1.050000e+00	1.060000e+00	9.999968e-01	1.928103e-08	1.928103e-08
1.060000e+00	1.070000e+00	9.999971e-01	3.135143e-06	3.135143e-06
1.070000e+00	1.080000e+00	9.999976e-01	1.446063e-08	1.446063e-08
1.080000e+00	1.090000e+00	9.999987e-01	3.135183e-06	3.135183e-06
1.090000e+00	1.100000e+00	9.999989e-01	6.427009e-09	6.427009e-09
1.100000e+00	1.110000e+00	9.999992e-01	4.819828e-09	4.819828e-09
1.110000e+00	1.120000e+00	9.999992e-01	4.819828e-09	4.819828e-09
1.120000e+00	1.130000e+00	9.999995e-01	3.213505e-09	3.213505e-09
1.130000e+00	1.140000e+00	9.999997e-01	1.605466e-09	1.605466e-09
1.140000e+00	1.150000e+00	9.999997e-01	1.605466e-09	1.605466e-09
1.150000e+00	1.160000e+00	9.999997e-01	1.605466e-09	1.605466e-09
1.160000e+00	1.170000e+00	9.999997e-01	1.605466e-09	1.605466e-09
1.170000e+00	1.180000e+00	9.999997e-01	1.605466e-09	1.605466e-09
1.180000e+00	1.190000e+00	9.999997e-01	1.605466e-09	1.605466e-09
1.190000e+00	1.200000e+00	9.999997e-01	3.135193e-06	3.135193e-06
1.200000e+00	1.210000e+00	9.999997e-01	3.135193e-06	3.135193e-06
1.210000e+00	1.220000e+00	9.999997e-01	3.135193e-06	3.135193e-06
1.220000e+00	1.230000e+00	1.000000e+00	0.000000e+00	0.000000e+00
1.230000e+00	1.240000e+00	1.000000e+00	0.000000e+00	0.000000e+00
1.240000e+00	1.250000e+00	1.000000e+00	0.000000e+00	0.000000e+00
1.250000e+00	1.260000e+00	1.000000e+00	0.000000e+00	0.000000e+00
1.260000e+00	1.270000e+00	1.000000e+00	0.000000e+00	0.000000e+00
1.270000e+00	1.280000e+00	1.000000e+00	0.000000e+00	0.000000e+00
1.280000e+00	1.290000e+00	1.000000e+00	0.000000e+00	0.000000e+00
1.290000e+00	1.300000e+00	1.000000e+00	0.000000e+00	0.000000e+00
1.300000e+00	1.310000e+00	1.000000e+00	0.000000e+00	0.000000e+00
1.310000e+00	1.320000e+00	1.000000e+00	0.000000e+00	0.000000e+00
1.320000e+00	1.330000e+00	1.000000e+00	0.000000e+00	0.000000e+00
1.330000e+00	1.340000e+00	1.000000e+00	0.000000e+00	0.000000e+00
1.340000e+00	1.350000e+00	1.000000e+00	0.000000e+00	0.000000e+00
1.350000e+00	1.360000e+00	1.000000e+00	0.000000e+00	0.000000e+00
1.360000e+00	1.370000e+00	1.000000e+00	0.000000e+00	0.000000e+00
1.370000e+00	1.380000e+00	1.000000e+00	0.000000e+00	0.000000e+00
1.380000e+00	1.390000e+00	1.000000e+00	0.000000e+00	0.000000e+00
1.390000e+00	1.400000e+00	1.000000e+00	0.000000e+00	0.000000e+00
1.400000e+00	1.410000e+00	1.000000e+00	0.000000e+00	0.000000e+00
1.410000e+00	1.420000e+00	1.000000e+00	0.000000e+00	0.000000e+00
1.420000e+00	1.430000e+00	1.000000e+00	0.000000e+00	0.000000e+00
1.430000e+00	1.440000e+00	1.000000e+00	0.000000e+00	0.000000e+00
1.440000e+00	1.450000e+00	1.000000e+00	0.000000e+00	0.000000e+00
1.450000e+00	1.460000e+00	1.000000e+00	0.000000e+00	0.000000e+00
1.460000e+00	1.470000e+00	1.000000e+00	0.000000e+00	0.000000e+00
1.470000e+00	1.480000e+00	1.000000e+00	0.000000e+00	0.000000e+00
1.480000e+00	1.490000e+00	1.000000e+00	0.000000e+00	0.000000e+00
1.490000e+00	1.500000e+00	1.000000e+00	0.000000e+00	0.000000e+00
# END HISTO1D

# BEGIN HISTO1D //nfs/farm/g/theory/qcdsim/shoeche/runs/lhjets/jj/mcnlo/css-1em-2/run.yoda/LH2017_ZHSHAPES/psi_0.9_1600
LineColor=blue
LineStyle=solid
Path=//nfs/farm/g/theory/qcdsim/shoeche/runs/lhjets/jj/mcnlo/css-1em-2/run.yoda/LH2017_ZHSHAPES/psi_0.9_1600
Title=run
XLabel=
YLabel=
# xlow	 xhigh	 val	 errminus	 errplus
0.000000e+00	1.000000e-02	7.680163e-01	5.496281e-03	5.496281e-03
1.000000e-02	2.000000e-02	7.830976e-01	5.346310e-03	5.346310e-03
2.000000e-02	3.000000e-02	8.011512e-01	5.144315e-03	5.144315e-03
3.000000e-02	4.000000e-02	8.196027e-01	4.911885e-03	4.911885e-03
4.000000e-02	5.000000e-02	8.327099e-01	4.744330e-03	4.744330e-03
5.000000e-02	6.000000e-02	8.464380e-01	4.542584e-03	4.542584e-03
6.000000e-02	7.000000e-02	8.570391e-01	4.380206e-03	4.380206e-03
7.000000e-02	8.000000e-02	8.666546e-01	4.221700e-03	4.221700e-03
8.000000e-02	9.000000e-02	8.763054e-01	4.064802e-03	4.064802e-03
9.000000e-02	1.000000e-01	8.846488e-01	3.905004e-03	3.905004e-03
1.000000e-01	1.100000e-01	8.906881e-01	3.782704e-03	3.782704e-03
1.100000e-01	1.200000e-01	8.982446e-01	3.622682e-03	3.622682e-03
1.200000e-01	1.300000e-01	9.037526e-01	3.508288e-03	3.508288e-03
1.300000e-01	1.400000e-01	9.101844e-01	3.352040e-03	3.352040e-03
1.400000e-01	1.500000e-01	9.152940e-01	3.233542e-03	3.233542e-03
1.500000e-01	1.600000e-01	9.196185e-01	3.132348e-03	3.132348e-03
1.600000e-01	1.700000e-01	9.233290e-01	3.037213e-03	3.037213e-03
1.700000e-01	1.800000e-01	9.292120e-01	2.869783e-03	2.869783e-03
1.800000e-01	1.900000e-01	9.328991e-01	2.768642e-03	2.768642e-03
1.900000e-01	2.000000e-01	9.375536e-01	2.622039e-03	2.622039e-03
2.000000e-01	2.100000e-01	9.404037e-01	2.550837e-03	2.550837e-03
2.100000e-01	2.200000e-01	9.430142e-01	2.472130e-03	2.472130e-03
2.200000e-01	2.300000e-01	9.462652e-01	2.365559e-03	2.365559e-03
2.300000e-01	2.400000e-01	9.493465e-01	2.259590e-03	2.259590e-03
2.400000e-01	2.500000e-01	9.520880e-01	2.163669e-03	2.163669e-03
2.500000e-01	2.600000e-01	9.540763e-01	2.090981e-03	2.090981e-03
2.600000e-01	2.700000e-01	9.566492e-01	2.000143e-03	2.000143e-03
2.700000e-01	2.800000e-01	9.587249e-01	1.926223e-03	1.926223e-03
2.800000e-01	2.900000e-01	9.613097e-01	1.816695e-03	1.816695e-03
2.900000e-01	3.000000e-01	9.633619e-01	1.745220e-03	1.745220e-03
3.000000e-01	3.100000e-01	9.656381e-01	1.672804e-03	1.672804e-03
3.100000e-01	3.200000e-01	9.678999e-01	1.573950e-03	1.573950e-03
3.200000e-01	3.300000e-01	9.698333e-01	1.509742e-03	1.509742e-03
3.300000e-01	3.400000e-01	9.710854e-01	1.461613e-03	1.461613e-03
3.400000e-01	3.500000e-01	9.728355e-01	1.378448e-03	1.378448e-03
3.500000e-01	3.600000e-01	9.741710e-01	1.335351e-03	1.335351e-03
3.600000e-01	3.700000e-01	9.757122e-01	1.288638e-03	1.288638e-03
3.700000e-01	3.800000e-01	9.766308e-01	1.262721e-03	1.262721e-03
3.800000e-01	3.900000e-01	9.777524e-01	1.201868e-03	1.201868e-03
3.900000e-01	4.000000e-01	9.787419e-01	1.169135e-03	1.169135e-03
4.000000e-01	4.100000e-01	9.820949e-01	9.045534e-04	9.045534e-04
4.100000e-01	4.200000e-01	9.828797e-01	8.781517e-04	8.781517e-04
4.200000e-01	4.300000e-01	9.836678e-01	8.501452e-04	8.501452e-04
4.300000e-01	4.400000e-01	9.857848e-01	7.529247e-04	7.529247e-04
4.400000e-01	4.500000e-01	9.866215e-01	7.226579e-04	7.226579e-04
4.500000e-01	4.600000e-01	9.869787e-01	7.123177e-04	7.123177e-04
4.600000e-01	4.700000e-01	9.884609e-01	6.533264e-04	6.533264e-04
4.700000e-01	4.800000e-01	9.891727e-01	6.299395e-04	6.299395e-04
4.800000e-01	4.900000e-01	9.899610e-01	5.997631e-04	5.997631e-04
4.900000e-01	5.000000e-01	9.909474e-01	5.578888e-04	5.578888e-04
5.000000e-01	5.100000e-01	9.916634e-01	5.317591e-04	5.317591e-04
5.100000e-01	5.200000e-01	9.922523e-01	5.075409e-04	5.075409e-04
5.200000e-01	5.300000e-01	9.929097e-01	4.760247e-04	4.760247e-04
5.300000e-01	5.400000e-01	9.934694e-01	4.502130e-04	4.502130e-04
5.400000e-01	5.500000e-01	9.939713e-01	4.281705e-04	4.281705e-04
5.500000e-01	5.600000e-01	9.944120e-01	4.058435e-04	4.058435e-04
5.600000e-01	5.700000e-01	9.947031e-01	3.935056e-04	3.935056e-04
5.700000e-01	5.800000e-01	9.951193e-01	3.703518e-04	3.703518e-04
5.800000e-01	5.900000e-01	9.955742e-01	3.445523e-04	3.445523e-04
5.900000e-01	6.000000e-01	9.958348e-01	3.319805e-04	3.319805e-04
6.000000e-01	6.100000e-01	9.960268e-01	3.178972e-04	3.178972e-04
6.100000e-01	6.200000e-01	9.963834e-01	2.976223e-04	2.976223e-04
6.200000e-01	6.300000e-01	9.966481e-01	2.829997e-04	2.829997e-04
6.300000e-01	6.400000e-01	9.970388e-01	2.576450e-04	2.576450e-04
6.400000e-01	6.500000e-01	9.972460e-01	2.452619e-04	2.452619e-04
6.500000e-01	6.600000e-01	9.975016e-01	2.297960e-04	2.297960e-04
6.600000e-01	6.700000e-01	9.977709e-01	2.134713e-04	2.134713e-04
6.700000e-01	6.800000e-01	9.979699e-01	2.016358e-04	2.016358e-04
6.800000e-01	6.900000e-01	9.982171e-01	1.843336e-04	1.843336e-04
6.900000e-01	7.000000e-01	9.984684e-01	1.701793e-04	1.701793e-04
7.000000e-01	7.100000e-01	9.986975e-01	1.519637e-04	1.519637e-04
7.100000e-01	7.200000e-01	9.988332e-01	1.429941e-04	1.429941e-04
7.200000e-01	7.300000e-01	9.990023e-01	1.297082e-04	1.297082e-04
7.300000e-01	7.400000e-01	9.991790e-01	1.146847e-04	1.146847e-04
7.400000e-01	7.500000e-01	9.993130e-01	1.011863e-04	1.011863e-04
7.500000e-01	7.600000e-01	9.994665e-01	8.326610e-05	8.326610e-05
7.600000e-01	7.700000e-01	9.995772e-01	6.973445e-05	6.973445e-05
7.700000e-01	7.800000e-01	9.996709e-01	5.987496e-05	5.987496e-05
7.800000e-01	7.900000e-01	9.997751e-01	4.582818e-05	4.582818e-05
7.900000e-01	8.000000e-01	9.998170e-01	4.115397e-05	4.115397e-05
8.000000e-01	8.100000e-01	9.998763e-01	3.471834e-05	3.471834e-05
8.100000e-01	8.200000e-01	9.999150e-01	2.823572e-05	2.823572e-05
8.200000e-01	8.300000e-01	9.999643e-01	1.692393e-05	1.692393e-05
8.300000e-01	8.400000e-01	9.999904e-01	6.397825e-06	6.397825e-06
8.400000e-01	8.500000e-01	1.000007e+00	6.399799e-06	6.399799e-06
8.500000e-01	8.600000e-01	9.999907e-01	6.397916e-06	6.397916e-06
8.600000e-01	8.700000e-01	9.999963e-01	4.524556e-06	4.524556e-06
8.700000e-01	8.800000e-01	9.999999e-01	4.524817e-06	4.524817e-06
8.800000e-01	8.900000e-01	1.000000e+00	0.000000e+00	0.000000e+00
8.900000e-01	9.000000e-01	1.000000e+00	0.000000e+00	0.000000e+00
9.000000e-01	9.100000e-01	1.000000e+00	0.000000e+00	0.000000e+00
9.100000e-01	9.200000e-01	1.000000e+00	0.000000e+00	0.000000e+00
9.200000e-01	9.300000e-01	1.000000e+00	0.000000e+00	0.000000e+00
9.300000e-01	9.400000e-01	1.000000e+00	0.000000e+00	0.000000e+00
9.400000e-01	9.500000e-01	1.000000e+00	0.000000e+00	0.000000e+00
9.500000e-01	9.600000e-01	1.000000e+00	0.000000e+00	0.000000e+00
9.600000e-01	9.700000e-01	1.000000e+00	0.000000e+00	0.000000e+00
9.700000e-01	9.800000e-01	1.000000e+00	0.000000e+00	0.000000e+00
9.800000e-01	9.900000e-01	1.000000e+00	0.000000e+00	0.000000e+00
9.900000e-01	1.000000e+00	1.000000e+00	0.000000e+00	0.000000e+00
1.000000e+00	1.010000e+00	1.000000e+00	0.000000e+00	0.000000e+00
1.010000e+00	1.020000e+00	1.000000e+00	0.000000e+00	0.000000e+00
1.020000e+00	1.030000e+00	1.000000e+00	0.000000e+00	0.000000e+00
1.030000e+00	1.040000e+00	1.000000e+00	0.000000e+00	0.000000e+00
1.040000e+00	1.050000e+00	1.000000e+00	0.000000e+00	0.000000e+00
1.050000e+00	1.060000e+00	1.000000e+00	0.000000e+00	0.000000e+00
1.060000e+00	1.070000e+00	1.000000e+00	0.000000e+00	0.000000e+00
1.070000e+00	1.080000e+00	1.000000e+00	0.000000e+00	0.000000e+00
1.080000e+00	1.090000e+00	1.000000e+00	0.000000e+00	0.000000e+00
1.090000e+00	1.100000e+00	1.000000e+00	0.000000e+00	0.000000e+00
1.100000e+00	1.110000e+00	1.000000e+00	0.000000e+00	0.000000e+00
1.110000e+00	1.120000e+00	1.000000e+00	0.000000e+00	0.000000e+00
1.120000e+00	1.130000e+00	1.000000e+00	0.000000e+00	0.000000e+00
1.130000e+00	1.140000e+00	1.000000e+00	0.000000e+00	0.000000e+00
1.140000e+00	1.150000e+00	1.000000e+00	0.000000e+00	0.000000e+00
1.150000e+00	1.160000e+00	1.000000e+00	0.000000e+00	0.000000e+00
1.160000e+00	1.170000e+00	1.000000e+00	0.000000e+00	0.000000e+00
1.170000e+00	1.180000e+00	1.000000e+00	0.000000e+00	0.000000e+00
1.180000e+00	1.190000e+00	1.000000e+00	0.000000e+00	0.000000e+00
1.190000e+00	1.200000e+00	1.000000e+00	0.000000e+00	0.000000e+00
1.200000e+00	1.210000e+00	1.000000e+00	0.000000e+00	0.000000e+00
1.210000e+00	1.220000e+00	1.000000e+00	0.000000e+00	0.000000e+00
1.220000e+00	1.230000e+00	1.000000e+00	0.000000e+00	0.000000e+00
1.230000e+00	1.240000e+00	1.000000e+00	0.000000e+00	0.000000e+00
1.240000e+00	1.250000e+00	1.000000e+00	0.000000e+00	0.000000e+00
1.250000e+00	1.260000e+00	1.000000e+00	0.000000e+00	0.000000e+00
1.260000e+00	1.270000e+00	1.000000e+00	0.000000e+00	0.000000e+00
1.270000e+00	1.280000e+00	1.000000e+00	0.000000e+00	0.000000e+00
1.280000e+00	1.290000e+00	1.000000e+00	0.000000e+00	0.000000e+00
1.290000e+00	1.300000e+00	1.000000e+00	0.000000e+00	0.000000e+00
1.300000e+00	1.310000e+00	1.000000e+00	0.000000e+00	0.000000e+00
1.310000e+00	1.320000e+00	1.000000e+00	0.000000e+00	0.000000e+00
1.320000e+00	1.330000e+00	1.000000e+00	0.000000e+00	0.000000e+00
1.330000e+00	1.340000e+00	1.000000e+00	0.000000e+00	0.000000e+00
1.340000e+00	1.350000e+00	1.000000e+00	0.000000e+00	0.000000e+00
1.350000e+00	1.360000e+00	1.000000e+00	0.000000e+00	0.000000e+00
1.360000e+00	1.370000e+00	1.000000e+00	0.000000e+00	0.000000e+00
1.370000e+00	1.380000e+00	1.000000e+00	0.000000e+00	0.000000e+00
1.380000e+00	1.390000e+00	1.000000e+00	0.000000e+00	0.000000e+00
1.390000e+00	1.400000e+00	1.000000e+00	0.000000e+00	0.000000e+00
1.400000e+00	1.410000e+00	1.000000e+00	0.000000e+00	0.000000e+00
1.410000e+00	1.420000e+00	1.000000e+00	0.000000e+00	0.000000e+00
1.420000e+00	1.430000e+00	1.000000e+00	0.000000e+00	0.000000e+00
1.430000e+00	1.440000e+00	1.000000e+00	0.000000e+00	0.000000e+00
1.440000e+00	1.450000e+00	1.000000e+00	0.000000e+00	0.000000e+00
1.450000e+00	1.460000e+00	1.000000e+00	0.000000e+00	0.000000e+00
1.460000e+00	1.470000e+00	1.000000e+00	0.000000e+00	0.000000e+00
1.470000e+00	1.480000e+00	1.000000e+00	0.000000e+00	0.000000e+00
1.480000e+00	1.490000e+00	1.000000e+00	0.000000e+00	0.000000e+00
1.490000e+00	1.500000e+00	1.000000e+00	0.000000e+00	0.000000e+00
# END HISTO1D

# BEGIN HISTO1D //nfs/farm/g/theory/qcdsim/shoeche/runs/lhjets/jj/nlo/cs-2/run.yoda/LH2017_ZHSHAPES/psi_0.9_1600
LineColor={[HTML]{2da334}}
LineStyle=solid
Path=//nfs/farm/g/theory/qcdsim/shoeche/runs/lhjets/jj/nlo/cs-2/run.yoda/LH2017_ZHSHAPES/psi_0.9_1600
Title=run
XLabel=
YLabel=
# xlow	 xhigh	 val	 errminus	 errplus
0.000000e+00	1.000000e-02	5.233109e-01	3.942836e-01	3.942836e-01
1.000000e-02	2.000000e-02	6.652248e-01	3.710642e-01	3.710642e-01
2.000000e-02	3.000000e-02	7.342714e-01	3.434801e-01	3.434801e-01
3.000000e-02	4.000000e-02	7.788809e-01	3.197223e-01	3.197223e-01
4.000000e-02	5.000000e-02	8.103820e-01	2.979853e-01	2.979853e-01
5.000000e-02	6.000000e-02	8.345048e-01	2.789211e-01	2.789211e-01
6.000000e-02	7.000000e-02	8.533143e-01	2.621866e-01	2.621866e-01
7.000000e-02	8.000000e-02	8.685278e-01	2.468479e-01	2.468479e-01
8.000000e-02	9.000000e-02	8.810872e-01	2.334179e-01	2.334179e-01
9.000000e-02	1.000000e-01	8.917707e-01	2.207435e-01	2.207435e-01
1.000000e-01	1.100000e-01	9.006907e-01	2.096907e-01	2.096907e-01
1.100000e-01	1.200000e-01	9.083861e-01	1.994981e-01	1.994981e-01
1.200000e-01	1.300000e-01	9.153067e-01	1.898139e-01	1.898139e-01
1.300000e-01	1.400000e-01	9.214456e-01	1.808044e-01	1.808044e-01
1.400000e-01	1.500000e-01	9.267976e-01	1.725096e-01	1.725096e-01
1.500000e-01	1.600000e-01	9.318016e-01	1.642788e-01	1.642788e-01
1.600000e-01	1.700000e-01	9.362759e-01	1.567505e-01	1.567505e-01
1.700000e-01	1.800000e-01	9.403446e-01	1.494686e-01	1.494686e-01
1.800000e-01	1.900000e-01	9.440405e-01	1.425566e-01	1.425566e-01
1.900000e-01	2.000000e-01	9.475334e-01	1.357391e-01	1.357391e-01
2.000000e-01	2.100000e-01	9.506589e-01	1.295777e-01	1.295777e-01
2.100000e-01	2.200000e-01	9.535995e-01	1.236633e-01	1.236633e-01
2.200000e-01	2.300000e-01	9.563061e-01	1.177305e-01	1.177305e-01
2.300000e-01	2.400000e-01	9.588885e-01	1.121518e-01	1.121518e-01
2.400000e-01	2.500000e-01	9.611484e-01	1.069837e-01	1.069837e-01
2.500000e-01	2.600000e-01	9.633347e-01	1.018938e-01	1.018938e-01
2.600000e-01	2.700000e-01	9.653447e-01	9.721172e-02	9.721172e-02
2.700000e-01	2.800000e-01	9.671928e-01	9.273162e-02	9.273162e-02
2.800000e-01	2.900000e-01	9.688770e-01	8.846359e-02	8.846359e-02
2.900000e-01	3.000000e-01	9.705072e-01	8.424832e-02	8.424832e-02
3.000000e-01	3.100000e-01	9.720781e-01	8.010400e-02	8.010400e-02
3.100000e-01	3.200000e-01	9.735788e-01	7.594384e-02	7.594384e-02
3.200000e-01	3.300000e-01	9.749200e-01	7.217793e-02	7.217793e-02
3.300000e-01	3.400000e-01	9.761851e-01	6.857972e-02	6.857972e-02
3.400000e-01	3.500000e-01	9.774639e-01	6.510960e-02	6.510960e-02
3.500000e-01	3.600000e-01	9.786378e-01	6.174119e-02	6.174119e-02
3.600000e-01	3.700000e-01	9.797421e-01	5.859499e-02	5.859499e-02
3.700000e-01	3.800000e-01	9.808480e-01	5.536222e-02	5.536222e-02
3.800000e-01	3.900000e-01	9.817965e-01	5.256993e-02	5.256993e-02
3.900000e-01	4.000000e-01	9.827715e-01	4.986595e-02	4.986595e-02
4.000000e-01	4.100000e-01	9.836896e-01	4.725651e-02	4.725651e-02
4.100000e-01	4.200000e-01	9.845628e-01	4.493014e-02	4.493014e-02
4.200000e-01	4.300000e-01	9.854002e-01	4.269902e-02	4.269902e-02
4.300000e-01	4.400000e-01	9.861635e-01	4.080175e-02	4.080175e-02
4.400000e-01	4.500000e-01	9.869191e-01	3.913080e-02	3.913080e-02
4.500000e-01	4.600000e-01	9.876312e-01	3.758478e-02	3.758478e-02
4.600000e-01	4.700000e-01	9.882868e-01	3.616183e-02	3.616183e-02
4.700000e-01	4.800000e-01	9.889359e-01	3.471961e-02	3.471961e-02
4.800000e-01	4.900000e-01	9.895572e-01	3.328447e-02	3.328447e-02
4.900000e-01	5.000000e-01	9.901768e-01	3.181992e-02	3.181992e-02
5.000000e-01	5.100000e-01	9.907429e-01	3.049641e-02	3.049641e-02
5.100000e-01	5.200000e-01	9.913001e-01	2.911335e-02	2.911335e-02
5.200000e-01	5.300000e-01	9.918306e-01	2.780767e-02	2.780767e-02
5.300000e-01	5.400000e-01	9.923366e-01	2.652018e-02	2.652018e-02
5.400000e-01	5.500000e-01	9.928331e-01	2.525775e-02	2.525775e-02
5.500000e-01	5.600000e-01	9.932798e-01	2.411735e-02	2.411735e-02
5.600000e-01	5.700000e-01	9.936860e-01	2.305100e-02	2.305100e-02
5.700000e-01	5.800000e-01	9.940984e-01	2.194246e-02	2.194246e-02
5.800000e-01	5.900000e-01	9.944954e-01	2.086786e-02	2.086786e-02
5.900000e-01	6.000000e-01	9.948653e-01	1.982615e-02	1.982615e-02
6.000000e-01	6.100000e-01	9.952333e-01	1.879092e-02	1.879092e-02
6.100000e-01	6.200000e-01	9.955903e-01	1.775044e-02	1.775044e-02
6.200000e-01	6.300000e-01	9.959232e-01	1.676223e-02	1.676223e-02
6.300000e-01	6.400000e-01	9.962431e-01	1.578805e-02	1.578805e-02
6.400000e-01	6.500000e-01	9.965374e-01	1.488347e-02	1.488347e-02
6.500000e-01	6.600000e-01	9.968346e-01	1.394521e-02	1.394521e-02
6.600000e-01	6.700000e-01	9.971118e-01	1.300882e-02	1.300882e-02
6.700000e-01	6.800000e-01	9.973589e-01	1.219061e-02	1.219061e-02
6.800000e-01	6.900000e-01	9.975922e-01	1.136971e-02	1.136971e-02
6.900000e-01	7.000000e-01	9.978210e-01	1.056665e-02	1.056665e-02
7.000000e-01	7.100000e-01	9.980271e-01	9.804041e-03	9.804041e-03
7.100000e-01	7.200000e-01	9.982424e-01	8.997251e-03	8.997251e-03
7.200000e-01	7.300000e-01	9.984294e-01	8.250707e-03	8.250707e-03
7.300000e-01	7.400000e-01	9.986037e-01	7.612390e-03	7.612390e-03
7.400000e-01	7.500000e-01	9.987780e-01	6.897630e-03	6.897630e-03
7.500000e-01	7.600000e-01	9.989424e-01	6.177131e-03	6.177131e-03
7.600000e-01	7.700000e-01	9.990821e-01	5.575659e-03	5.575659e-03
7.700000e-01	7.800000e-01	9.992160e-01	4.958824e-03	4.958824e-03
7.800000e-01	7.900000e-01	9.993416e-01	4.343499e-03	4.343499e-03
7.900000e-01	8.000000e-01	9.994569e-01	3.784510e-03	3.784510e-03
8.000000e-01	8.100000e-01	9.995581e-01	3.249408e-03	3.249408e-03
8.100000e-01	8.200000e-01	9.996531e-01	2.717098e-03	2.717098e-03
8.200000e-01	8.300000e-01	9.997352e-01	2.235238e-03	2.235238e-03
8.300000e-01	8.400000e-01	9.998088e-01	1.732555e-03	1.732555e-03
8.400000e-01	8.500000e-01	9.998684e-01	1.343266e-03	1.343266e-03
8.500000e-01	8.600000e-01	9.999143e-01	1.002023e-03	1.002023e-03
8.600000e-01	8.700000e-01	9.999519e-01	6.340916e-04	6.340916e-04
8.700000e-01	8.800000e-01	9.999784e-01	1.834295e-05	1.834295e-05
8.800000e-01	8.900000e-01	9.999941e-01	4.492669e-04	4.492669e-04
8.900000e-01	9.000000e-01	1.000000e+00	0.000000e+00	0.000000e+00
9.000000e-01	9.100000e-01	1.000000e+00	0.000000e+00	0.000000e+00
9.100000e-01	9.200000e-01	1.000000e+00	0.000000e+00	0.000000e+00
9.200000e-01	9.300000e-01	1.000000e+00	0.000000e+00	0.000000e+00
9.300000e-01	9.400000e-01	1.000000e+00	0.000000e+00	0.000000e+00
9.400000e-01	9.500000e-01	1.000000e+00	0.000000e+00	0.000000e+00
9.500000e-01	9.600000e-01	1.000000e+00	0.000000e+00	0.000000e+00
9.600000e-01	9.700000e-01	1.000000e+00	0.000000e+00	0.000000e+00
9.700000e-01	9.800000e-01	1.000000e+00	0.000000e+00	0.000000e+00
9.800000e-01	9.900000e-01	1.000000e+00	0.000000e+00	0.000000e+00
9.900000e-01	1.000000e+00	1.000000e+00	0.000000e+00	0.000000e+00
1.000000e+00	1.010000e+00	1.000000e+00	0.000000e+00	0.000000e+00
1.010000e+00	1.020000e+00	1.000000e+00	0.000000e+00	0.000000e+00
1.020000e+00	1.030000e+00	1.000000e+00	0.000000e+00	0.000000e+00
1.030000e+00	1.040000e+00	1.000000e+00	0.000000e+00	0.000000e+00
1.040000e+00	1.050000e+00	1.000000e+00	0.000000e+00	0.000000e+00
1.050000e+00	1.060000e+00	1.000000e+00	0.000000e+00	0.000000e+00
1.060000e+00	1.070000e+00	1.000000e+00	0.000000e+00	0.000000e+00
1.070000e+00	1.080000e+00	1.000000e+00	0.000000e+00	0.000000e+00
1.080000e+00	1.090000e+00	1.000000e+00	0.000000e+00	0.000000e+00
1.090000e+00	1.100000e+00	1.000000e+00	0.000000e+00	0.000000e+00
1.100000e+00	1.110000e+00	1.000000e+00	0.000000e+00	0.000000e+00
1.110000e+00	1.120000e+00	1.000000e+00	0.000000e+00	0.000000e+00
1.120000e+00	1.130000e+00	1.000000e+00	0.000000e+00	0.000000e+00
1.130000e+00	1.140000e+00	1.000000e+00	0.000000e+00	0.000000e+00
1.140000e+00	1.150000e+00	1.000000e+00	0.000000e+00	0.000000e+00
1.150000e+00	1.160000e+00	1.000000e+00	0.000000e+00	0.000000e+00
1.160000e+00	1.170000e+00	1.000000e+00	0.000000e+00	0.000000e+00
1.170000e+00	1.180000e+00	1.000000e+00	0.000000e+00	0.000000e+00
1.180000e+00	1.190000e+00	1.000000e+00	0.000000e+00	0.000000e+00
1.190000e+00	1.200000e+00	1.000000e+00	0.000000e+00	0.000000e+00
1.200000e+00	1.210000e+00	1.000000e+00	0.000000e+00	0.000000e+00
1.210000e+00	1.220000e+00	1.000000e+00	0.000000e+00	0.000000e+00
1.220000e+00	1.230000e+00	1.000000e+00	0.000000e+00	0.000000e+00
1.230000e+00	1.240000e+00	1.000000e+00	0.000000e+00	0.000000e+00
1.240000e+00	1.250000e+00	1.000000e+00	0.000000e+00	0.000000e+00
1.250000e+00	1.260000e+00	1.000000e+00	0.000000e+00	0.000000e+00
1.260000e+00	1.270000e+00	1.000000e+00	0.000000e+00	0.000000e+00
1.270000e+00	1.280000e+00	1.000000e+00	0.000000e+00	0.000000e+00
1.280000e+00	1.290000e+00	1.000000e+00	0.000000e+00	0.000000e+00
1.290000e+00	1.300000e+00	1.000000e+00	0.000000e+00	0.000000e+00
1.300000e+00	1.310000e+00	1.000000e+00	0.000000e+00	0.000000e+00
1.310000e+00	1.320000e+00	1.000000e+00	0.000000e+00	0.000000e+00
1.320000e+00	1.330000e+00	1.000000e+00	0.000000e+00	0.000000e+00
1.330000e+00	1.340000e+00	1.000000e+00	0.000000e+00	0.000000e+00
1.340000e+00	1.350000e+00	1.000000e+00	0.000000e+00	0.000000e+00
1.350000e+00	1.360000e+00	1.000000e+00	0.000000e+00	0.000000e+00
1.360000e+00	1.370000e+00	1.000000e+00	0.000000e+00	0.000000e+00
1.370000e+00	1.380000e+00	1.000000e+00	0.000000e+00	0.000000e+00
1.380000e+00	1.390000e+00	1.000000e+00	0.000000e+00	0.000000e+00
1.390000e+00	1.400000e+00	1.000000e+00	0.000000e+00	0.000000e+00
1.400000e+00	1.410000e+00	1.000000e+00	0.000000e+00	0.000000e+00
1.410000e+00	1.420000e+00	1.000000e+00	0.000000e+00	0.000000e+00
1.420000e+00	1.430000e+00	1.000000e+00	0.000000e+00	0.000000e+00
1.430000e+00	1.440000e+00	1.000000e+00	0.000000e+00	0.000000e+00
1.440000e+00	1.450000e+00	1.000000e+00	0.000000e+00	0.000000e+00
1.450000e+00	1.460000e+00	1.000000e+00	0.000000e+00	0.000000e+00
1.460000e+00	1.470000e+00	1.000000e+00	0.000000e+00	0.000000e+00
1.470000e+00	1.480000e+00	1.000000e+00	0.000000e+00	0.000000e+00
1.480000e+00	1.490000e+00	1.000000e+00	0.000000e+00	0.000000e+00
1.490000e+00	1.500000e+00	1.000000e+00	0.000000e+00	0.000000e+00
# END HISTO1D

