# BEGIN PLOT
XTwosidedTicks=1
DrawOnly=//nfs/farm/g/theory/qcdsim/shoeche/runs/lhjets/jj/mcnlo/css-2/run.yoda/LH2017_ZHSHAPES/psi_0.5_1600 //nfs/farm/g/theory/qcdsim/shoeche/runs/lhjets/jj/mcnlo/css-1em-2/run.yoda/LH2017_ZHSHAPES/psi_0.5_1600 //nfs/farm/g/theory/qcdsim/shoeche/runs/lhjets/jj/nlo/cs-2/run.yoda/LH2017_ZHSHAPES/psi_0.5_1600
RatioPlotReference=//nfs/farm/g/theory/qcdsim/shoeche/runs/lhjets/jj/nlo/cs-2/run.yoda/LH2017_ZHSHAPES/psi_0.5_1600
XTwosidedTicks=1
YTwosidedTicks=1
TopMargin=0.0
RatioPlot=1
MainPlot=0
RatioPlotYSize=2.5
XMax=0.5
DrawSpecialInRatio=1
LegendXPos=0.35
LegendYPos=0.8
LogY=1
RatioPlotYLabel=
LegendOnly=//nfs/farm/g/theory/qcdsim/shoeche/runs/lhjets/jj/mcnlo/css-2/run.yoda/LH2017_ZHSHAPES/psi_0.5_1600 //nfs/farm/g/theory/qcdsim/shoeche/runs/lhjets/jj/mcnlo/css-1em-2/run.yoda/LH2017_ZHSHAPES/psi_0.5_1600 //nfs/farm/g/theory/qcdsim/shoeche/runs/lhjets/jj/nlo/cs-2/run.yoda/LH2017_ZHSHAPES/psi_0.5_1600
RatioPlotSameStyle=1
YTwosidedTicks=1
Legend=0
# END PLOT
# BEGIN SPECIAL text
\rput[br](0.95,0.2){$k_T>1600GeV$}
# END SPECIAL

# BEGIN HISTO1D //nfs/farm/g/theory/qcdsim/shoeche/runs/lhjets/jj/mcnlo/css-2/run.yoda/LH2017_ZHSHAPES/psi_0.5_1600
LineColor=red
LineStyle=solid
Path=//nfs/farm/g/theory/qcdsim/shoeche/runs/lhjets/jj/mcnlo/css-2/run.yoda/LH2017_ZHSHAPES/psi_0.5_1600
Title=run
XLabel=
YLabel=
# xlow	 xhigh	 val	 errminus	 errplus
0.000000e+00	1.000000e-02	4.123043e-01	2.799738e-03	2.799738e-03
1.000000e-02	2.000000e-02	5.703771e-01	2.730905e-03	2.730905e-03
2.000000e-02	3.000000e-02	6.610045e-01	2.542752e-03	2.542752e-03
3.000000e-02	4.000000e-02	7.236997e-01	2.331849e-03	2.331849e-03
4.000000e-02	5.000000e-02	7.668754e-01	2.151213e-03	2.151213e-03
5.000000e-02	6.000000e-02	7.995237e-01	1.985206e-03	1.985206e-03
6.000000e-02	7.000000e-02	8.256234e-01	1.830431e-03	1.830431e-03
7.000000e-02	8.000000e-02	8.474452e-01	1.685283e-03	1.685283e-03
8.000000e-02	9.000000e-02	8.651258e-01	1.552580e-03	1.552580e-03
9.000000e-02	1.000000e-01	8.799725e-01	1.430654e-03	1.430654e-03
1.000000e-01	1.100000e-01	8.923766e-01	1.322371e-03	1.322371e-03
1.100000e-01	1.200000e-01	9.028963e-01	1.224573e-03	1.224573e-03
1.200000e-01	1.300000e-01	9.123279e-01	1.131839e-03	1.131839e-03
1.300000e-01	1.400000e-01	9.208385e-01	1.037644e-03	1.037644e-03
1.400000e-01	1.500000e-01	9.282206e-01	9.546291e-04	9.546291e-04
1.500000e-01	1.600000e-01	9.348062e-01	8.787733e-04	8.787733e-04
1.600000e-01	1.700000e-01	9.407854e-01	8.057690e-04	8.057690e-04
1.700000e-01	1.800000e-01	9.464184e-01	7.360215e-04	7.360215e-04
1.800000e-01	1.900000e-01	9.508219e-01	6.785092e-04	6.785092e-04
1.900000e-01	2.000000e-01	9.549300e-01	6.216317e-04	6.216317e-04
2.000000e-01	2.100000e-01	9.589332e-01	5.633376e-04	5.633376e-04
2.100000e-01	2.200000e-01	9.624883e-01	5.173442e-04	5.173442e-04
2.200000e-01	2.300000e-01	9.655854e-01	4.809142e-04	4.809142e-04
2.300000e-01	2.400000e-01	9.685866e-01	4.403174e-04	4.403174e-04
2.400000e-01	2.500000e-01	9.714839e-01	4.028037e-04	4.028037e-04
2.500000e-01	2.600000e-01	9.740367e-01	3.724586e-04	3.724586e-04
2.600000e-01	2.700000e-01	9.765070e-01	3.410800e-04	3.410800e-04
2.700000e-01	2.800000e-01	9.785878e-01	3.168918e-04	3.168918e-04
2.800000e-01	2.900000e-01	9.805226e-01	2.924904e-04	2.924904e-04
2.900000e-01	3.000000e-01	9.823172e-01	2.698805e-04	2.698805e-04
3.000000e-01	3.100000e-01	9.840828e-01	2.486555e-04	2.486555e-04
3.100000e-01	3.200000e-01	9.857028e-01	2.273856e-04	2.273856e-04
3.200000e-01	3.300000e-01	9.871270e-01	2.089955e-04	2.089955e-04
3.300000e-01	3.400000e-01	9.886469e-01	1.894135e-04	1.894135e-04
3.400000e-01	3.500000e-01	9.899498e-01	1.712949e-04	1.712949e-04
3.500000e-01	3.600000e-01	9.911570e-01	1.554102e-04	1.554102e-04
3.600000e-01	3.700000e-01	9.921960e-01	1.403212e-04	1.403212e-04
3.700000e-01	3.800000e-01	9.931925e-01	1.249477e-04	1.249477e-04
3.800000e-01	3.900000e-01	9.941579e-01	1.103713e-04	1.103713e-04
3.900000e-01	4.000000e-01	9.950216e-01	9.738101e-05	9.738101e-05
4.000000e-01	4.100000e-01	9.957896e-01	8.561776e-05	8.561776e-05
4.100000e-01	4.200000e-01	9.965322e-01	7.354900e-05	7.354900e-05
4.200000e-01	4.300000e-01	9.971865e-01	6.260583e-05	6.260583e-05
4.300000e-01	4.400000e-01	9.977898e-01	5.169710e-05	5.169710e-05
4.400000e-01	4.500000e-01	9.983663e-01	4.082309e-05	4.082309e-05
4.500000e-01	4.600000e-01	9.988594e-01	3.064463e-05	3.064463e-05
4.600000e-01	4.700000e-01	9.992673e-01	2.207402e-05	2.207402e-05
4.700000e-01	4.800000e-01	9.996070e-01	1.423375e-05	1.423375e-05
4.800000e-01	4.900000e-01	9.998575e-01	7.169384e-06	7.169384e-06
4.900000e-01	5.000000e-01	9.999755e-01	3.610155e-06	3.610155e-06
5.000000e-01	5.100000e-01	9.999818e-01	3.611700e-06	3.611700e-06
5.100000e-01	5.200000e-01	9.999857e-01	3.612405e-06	3.612405e-06
5.200000e-01	5.300000e-01	9.999892e-01	3.612905e-06	3.612905e-06
5.300000e-01	5.400000e-01	9.999917e-01	5.303977e-08	5.303977e-08
5.400000e-01	5.500000e-01	9.999936e-01	3.613341e-06	3.613341e-06
5.500000e-01	5.600000e-01	9.999955e-01	3.613684e-06	3.613684e-06
5.600000e-01	5.700000e-01	9.999962e-01	2.447989e-08	2.447989e-08
5.700000e-01	5.800000e-01	9.999971e-01	1.835992e-08	1.835992e-08
5.800000e-01	5.900000e-01	9.999978e-01	3.613599e-06	3.613599e-06
5.900000e-01	6.000000e-01	9.999987e-01	3.613580e-06	3.613580e-06
6.000000e-01	6.100000e-01	9.999994e-01	4.079982e-09	4.079982e-09
6.100000e-01	6.200000e-01	9.999997e-01	2.039991e-09	2.039991e-09
6.200000e-01	6.300000e-01	1.000000e+00	3.613571e-06	3.613571e-06
6.300000e-01	6.400000e-01	1.000000e+00	0.000000e+00	0.000000e+00
6.400000e-01	6.500000e-01	1.000000e+00	0.000000e+00	0.000000e+00
6.500000e-01	6.600000e-01	1.000000e+00	0.000000e+00	0.000000e+00
6.600000e-01	6.700000e-01	1.000000e+00	0.000000e+00	0.000000e+00
6.700000e-01	6.800000e-01	1.000000e+00	0.000000e+00	0.000000e+00
6.800000e-01	6.900000e-01	1.000000e+00	0.000000e+00	0.000000e+00
6.900000e-01	7.000000e-01	1.000000e+00	0.000000e+00	0.000000e+00
7.000000e-01	7.100000e-01	1.000000e+00	0.000000e+00	0.000000e+00
7.100000e-01	7.200000e-01	1.000000e+00	0.000000e+00	0.000000e+00
7.200000e-01	7.300000e-01	1.000000e+00	0.000000e+00	0.000000e+00
7.300000e-01	7.400000e-01	1.000000e+00	0.000000e+00	0.000000e+00
7.400000e-01	7.500000e-01	1.000000e+00	0.000000e+00	0.000000e+00
7.500000e-01	7.600000e-01	1.000000e+00	0.000000e+00	0.000000e+00
7.600000e-01	7.700000e-01	1.000000e+00	0.000000e+00	0.000000e+00
7.700000e-01	7.800000e-01	1.000000e+00	0.000000e+00	0.000000e+00
7.800000e-01	7.900000e-01	1.000000e+00	0.000000e+00	0.000000e+00
7.900000e-01	8.000000e-01	1.000000e+00	0.000000e+00	0.000000e+00
8.000000e-01	8.100000e-01	1.000000e+00	0.000000e+00	0.000000e+00
8.100000e-01	8.200000e-01	1.000000e+00	0.000000e+00	0.000000e+00
8.200000e-01	8.300000e-01	1.000000e+00	0.000000e+00	0.000000e+00
8.300000e-01	8.400000e-01	1.000000e+00	0.000000e+00	0.000000e+00
8.400000e-01	8.500000e-01	1.000000e+00	0.000000e+00	0.000000e+00
8.500000e-01	8.600000e-01	1.000000e+00	0.000000e+00	0.000000e+00
8.600000e-01	8.700000e-01	1.000000e+00	0.000000e+00	0.000000e+00
8.700000e-01	8.800000e-01	1.000000e+00	0.000000e+00	0.000000e+00
8.800000e-01	8.900000e-01	1.000000e+00	0.000000e+00	0.000000e+00
8.900000e-01	9.000000e-01	1.000000e+00	0.000000e+00	0.000000e+00
9.000000e-01	9.100000e-01	1.000000e+00	0.000000e+00	0.000000e+00
9.100000e-01	9.200000e-01	1.000000e+00	0.000000e+00	0.000000e+00
9.200000e-01	9.300000e-01	1.000000e+00	0.000000e+00	0.000000e+00
9.300000e-01	9.400000e-01	1.000000e+00	0.000000e+00	0.000000e+00
9.400000e-01	9.500000e-01	1.000000e+00	0.000000e+00	0.000000e+00
9.500000e-01	9.600000e-01	1.000000e+00	0.000000e+00	0.000000e+00
9.600000e-01	9.700000e-01	1.000000e+00	0.000000e+00	0.000000e+00
9.700000e-01	9.800000e-01	1.000000e+00	0.000000e+00	0.000000e+00
9.800000e-01	9.900000e-01	1.000000e+00	0.000000e+00	0.000000e+00
9.900000e-01	1.000000e+00	1.000000e+00	0.000000e+00	0.000000e+00
1.000000e+00	1.010000e+00	1.000000e+00	0.000000e+00	0.000000e+00
1.010000e+00	1.020000e+00	1.000000e+00	0.000000e+00	0.000000e+00
1.020000e+00	1.030000e+00	1.000000e+00	0.000000e+00	0.000000e+00
1.030000e+00	1.040000e+00	1.000000e+00	0.000000e+00	0.000000e+00
1.040000e+00	1.050000e+00	1.000000e+00	0.000000e+00	0.000000e+00
1.050000e+00	1.060000e+00	1.000000e+00	0.000000e+00	0.000000e+00
1.060000e+00	1.070000e+00	1.000000e+00	0.000000e+00	0.000000e+00
1.070000e+00	1.080000e+00	1.000000e+00	0.000000e+00	0.000000e+00
1.080000e+00	1.090000e+00	1.000000e+00	0.000000e+00	0.000000e+00
1.090000e+00	1.100000e+00	1.000000e+00	0.000000e+00	0.000000e+00
1.100000e+00	1.110000e+00	1.000000e+00	0.000000e+00	0.000000e+00
1.110000e+00	1.120000e+00	1.000000e+00	0.000000e+00	0.000000e+00
1.120000e+00	1.130000e+00	1.000000e+00	0.000000e+00	0.000000e+00
1.130000e+00	1.140000e+00	1.000000e+00	0.000000e+00	0.000000e+00
1.140000e+00	1.150000e+00	1.000000e+00	0.000000e+00	0.000000e+00
1.150000e+00	1.160000e+00	1.000000e+00	0.000000e+00	0.000000e+00
1.160000e+00	1.170000e+00	1.000000e+00	0.000000e+00	0.000000e+00
1.170000e+00	1.180000e+00	1.000000e+00	0.000000e+00	0.000000e+00
1.180000e+00	1.190000e+00	1.000000e+00	0.000000e+00	0.000000e+00
1.190000e+00	1.200000e+00	1.000000e+00	0.000000e+00	0.000000e+00
1.200000e+00	1.210000e+00	1.000000e+00	0.000000e+00	0.000000e+00
1.210000e+00	1.220000e+00	1.000000e+00	0.000000e+00	0.000000e+00
1.220000e+00	1.230000e+00	1.000000e+00	0.000000e+00	0.000000e+00
1.230000e+00	1.240000e+00	1.000000e+00	0.000000e+00	0.000000e+00
1.240000e+00	1.250000e+00	1.000000e+00	0.000000e+00	0.000000e+00
1.250000e+00	1.260000e+00	1.000000e+00	0.000000e+00	0.000000e+00
1.260000e+00	1.270000e+00	1.000000e+00	0.000000e+00	0.000000e+00
1.270000e+00	1.280000e+00	1.000000e+00	0.000000e+00	0.000000e+00
1.280000e+00	1.290000e+00	1.000000e+00	0.000000e+00	0.000000e+00
1.290000e+00	1.300000e+00	1.000000e+00	0.000000e+00	0.000000e+00
1.300000e+00	1.310000e+00	1.000000e+00	0.000000e+00	0.000000e+00
1.310000e+00	1.320000e+00	1.000000e+00	0.000000e+00	0.000000e+00
1.320000e+00	1.330000e+00	1.000000e+00	0.000000e+00	0.000000e+00
1.330000e+00	1.340000e+00	1.000000e+00	0.000000e+00	0.000000e+00
1.340000e+00	1.350000e+00	1.000000e+00	0.000000e+00	0.000000e+00
1.350000e+00	1.360000e+00	1.000000e+00	0.000000e+00	0.000000e+00
1.360000e+00	1.370000e+00	1.000000e+00	0.000000e+00	0.000000e+00
1.370000e+00	1.380000e+00	1.000000e+00	0.000000e+00	0.000000e+00
1.380000e+00	1.390000e+00	1.000000e+00	0.000000e+00	0.000000e+00
1.390000e+00	1.400000e+00	1.000000e+00	0.000000e+00	0.000000e+00
1.400000e+00	1.410000e+00	1.000000e+00	0.000000e+00	0.000000e+00
1.410000e+00	1.420000e+00	1.000000e+00	0.000000e+00	0.000000e+00
1.420000e+00	1.430000e+00	1.000000e+00	0.000000e+00	0.000000e+00
1.430000e+00	1.440000e+00	1.000000e+00	0.000000e+00	0.000000e+00
1.440000e+00	1.450000e+00	1.000000e+00	0.000000e+00	0.000000e+00
1.450000e+00	1.460000e+00	1.000000e+00	0.000000e+00	0.000000e+00
1.460000e+00	1.470000e+00	1.000000e+00	0.000000e+00	0.000000e+00
1.470000e+00	1.480000e+00	1.000000e+00	0.000000e+00	0.000000e+00
1.480000e+00	1.490000e+00	1.000000e+00	0.000000e+00	0.000000e+00
1.490000e+00	1.500000e+00	1.000000e+00	0.000000e+00	0.000000e+00
# END HISTO1D

# BEGIN HISTO1D //nfs/farm/g/theory/qcdsim/shoeche/runs/lhjets/jj/mcnlo/css-1em-2/run.yoda/LH2017_ZHSHAPES/psi_0.5_1600
LineColor=blue
LineStyle=solid
Path=//nfs/farm/g/theory/qcdsim/shoeche/runs/lhjets/jj/mcnlo/css-1em-2/run.yoda/LH2017_ZHSHAPES/psi_0.5_1600
Title=run
XLabel=
YLabel=
# xlow	 xhigh	 val	 errminus	 errplus
0.000000e+00	1.000000e-02	8.676730e-01	4.503524e-03	4.503524e-03
1.000000e-02	2.000000e-02	8.804969e-01	4.283917e-03	4.283917e-03
2.000000e-02	3.000000e-02	8.948121e-01	4.005872e-03	4.005872e-03
3.000000e-02	4.000000e-02	9.079992e-01	3.713446e-03	3.713446e-03
4.000000e-02	5.000000e-02	9.180595e-01	3.489922e-03	3.489922e-03
5.000000e-02	6.000000e-02	9.277321e-01	3.237198e-03	3.237198e-03
6.000000e-02	7.000000e-02	9.348937e-01	3.041482e-03	3.041482e-03
7.000000e-02	8.000000e-02	9.420940e-01	2.827440e-03	2.827440e-03
8.000000e-02	9.000000e-02	9.484496e-01	2.644442e-03	2.644442e-03
9.000000e-02	1.000000e-01	9.545561e-01	2.422777e-03	2.422777e-03
1.000000e-01	1.100000e-01	9.586196e-01	2.263060e-03	2.263060e-03
1.100000e-01	1.200000e-01	9.637242e-01	2.046932e-03	2.046932e-03
1.200000e-01	1.300000e-01	9.668602e-01	1.921806e-03	1.921806e-03
1.300000e-01	1.400000e-01	9.696952e-01	1.777473e-03	1.777473e-03
1.400000e-01	1.500000e-01	9.725208e-01	1.648770e-03	1.648770e-03
1.500000e-01	1.600000e-01	9.747422e-01	1.550240e-03	1.550240e-03
1.600000e-01	1.700000e-01	9.770815e-01	1.420957e-03	1.420957e-03
1.700000e-01	1.800000e-01	9.796763e-01	1.264785e-03	1.264785e-03
1.800000e-01	1.900000e-01	9.815431e-01	1.164052e-03	1.164052e-03
1.900000e-01	2.000000e-01	9.838972e-01	9.886869e-04	9.886869e-04
2.000000e-01	2.100000e-01	9.858177e-01	8.834612e-04	8.834612e-04
2.100000e-01	2.200000e-01	9.869379e-01	8.238917e-04	8.238917e-04
2.200000e-01	2.300000e-01	9.882302e-01	7.504797e-04	7.504797e-04
2.300000e-01	2.400000e-01	9.894098e-01	6.834958e-04	6.834958e-04
2.400000e-01	2.500000e-01	9.904102e-01	6.411642e-04	6.411642e-04
2.500000e-01	2.600000e-01	9.911318e-01	6.120968e-04	6.120968e-04
2.600000e-01	2.700000e-01	9.922440e-01	5.572670e-04	5.572670e-04
2.700000e-01	2.800000e-01	9.931327e-01	5.186984e-04	5.186984e-04
2.800000e-01	2.900000e-01	9.938602e-01	4.824187e-04	4.824187e-04
2.900000e-01	3.000000e-01	9.948149e-01	4.284493e-04	4.284493e-04
3.000000e-01	3.100000e-01	9.957116e-01	3.764198e-04	3.764198e-04
3.100000e-01	3.200000e-01	9.964287e-01	3.384237e-04	3.384237e-04
3.200000e-01	3.300000e-01	9.971925e-01	2.913807e-04	2.913807e-04
3.300000e-01	3.400000e-01	9.976506e-01	2.615733e-04	2.615733e-04
3.400000e-01	3.500000e-01	9.981088e-01	2.260930e-04	2.260930e-04
3.500000e-01	3.600000e-01	9.984372e-01	1.987462e-04	1.987462e-04
3.600000e-01	3.700000e-01	9.987121e-01	1.762392e-04	1.762392e-04
3.700000e-01	3.800000e-01	9.989488e-01	1.553007e-04	1.553007e-04
3.800000e-01	3.900000e-01	9.992488e-01	1.261553e-04	1.261553e-04
3.900000e-01	4.000000e-01	9.994481e-01	1.044153e-04	1.044153e-04
4.000000e-01	4.100000e-01	9.995497e-01	9.293037e-05	9.293037e-05
4.100000e-01	4.200000e-01	9.997302e-01	6.539475e-05	6.539475e-05
4.200000e-01	4.300000e-01	9.998394e-01	4.725844e-05	4.725844e-05
4.300000e-01	4.400000e-01	9.999189e-01	3.127188e-05	3.127188e-05
4.400000e-01	4.500000e-01	9.999565e-01	2.103780e-05	2.103780e-05
4.500000e-01	4.600000e-01	9.999746e-01	1.526448e-05	1.526448e-05
4.600000e-01	4.700000e-01	9.999842e-01	9.654181e-06	9.654181e-06
4.700000e-01	4.800000e-01	9.999933e-01	4.827408e-06	4.827408e-06
4.800000e-01	4.900000e-01	9.999999e-01	4.828234e-06	4.828234e-06
4.900000e-01	5.000000e-01	1.000000e+00	0.000000e+00	0.000000e+00
5.000000e-01	5.100000e-01	1.000000e+00	0.000000e+00	0.000000e+00
5.100000e-01	5.200000e-01	1.000000e+00	0.000000e+00	0.000000e+00
5.200000e-01	5.300000e-01	1.000000e+00	0.000000e+00	0.000000e+00
5.300000e-01	5.400000e-01	1.000000e+00	0.000000e+00	0.000000e+00
5.400000e-01	5.500000e-01	1.000000e+00	0.000000e+00	0.000000e+00
5.500000e-01	5.600000e-01	1.000000e+00	0.000000e+00	0.000000e+00
5.600000e-01	5.700000e-01	1.000000e+00	0.000000e+00	0.000000e+00
5.700000e-01	5.800000e-01	1.000000e+00	0.000000e+00	0.000000e+00
5.800000e-01	5.900000e-01	1.000000e+00	0.000000e+00	0.000000e+00
5.900000e-01	6.000000e-01	1.000000e+00	0.000000e+00	0.000000e+00
6.000000e-01	6.100000e-01	1.000000e+00	0.000000e+00	0.000000e+00
6.100000e-01	6.200000e-01	1.000000e+00	0.000000e+00	0.000000e+00
6.200000e-01	6.300000e-01	1.000000e+00	0.000000e+00	0.000000e+00
6.300000e-01	6.400000e-01	1.000000e+00	0.000000e+00	0.000000e+00
6.400000e-01	6.500000e-01	1.000000e+00	0.000000e+00	0.000000e+00
6.500000e-01	6.600000e-01	1.000000e+00	0.000000e+00	0.000000e+00
6.600000e-01	6.700000e-01	1.000000e+00	0.000000e+00	0.000000e+00
6.700000e-01	6.800000e-01	1.000000e+00	0.000000e+00	0.000000e+00
6.800000e-01	6.900000e-01	1.000000e+00	0.000000e+00	0.000000e+00
6.900000e-01	7.000000e-01	1.000000e+00	0.000000e+00	0.000000e+00
7.000000e-01	7.100000e-01	1.000000e+00	0.000000e+00	0.000000e+00
7.100000e-01	7.200000e-01	1.000000e+00	0.000000e+00	0.000000e+00
7.200000e-01	7.300000e-01	1.000000e+00	0.000000e+00	0.000000e+00
7.300000e-01	7.400000e-01	1.000000e+00	0.000000e+00	0.000000e+00
7.400000e-01	7.500000e-01	1.000000e+00	0.000000e+00	0.000000e+00
7.500000e-01	7.600000e-01	1.000000e+00	0.000000e+00	0.000000e+00
7.600000e-01	7.700000e-01	1.000000e+00	0.000000e+00	0.000000e+00
7.700000e-01	7.800000e-01	1.000000e+00	0.000000e+00	0.000000e+00
7.800000e-01	7.900000e-01	1.000000e+00	0.000000e+00	0.000000e+00
7.900000e-01	8.000000e-01	1.000000e+00	0.000000e+00	0.000000e+00
8.000000e-01	8.100000e-01	1.000000e+00	0.000000e+00	0.000000e+00
8.100000e-01	8.200000e-01	1.000000e+00	0.000000e+00	0.000000e+00
8.200000e-01	8.300000e-01	1.000000e+00	0.000000e+00	0.000000e+00
8.300000e-01	8.400000e-01	1.000000e+00	0.000000e+00	0.000000e+00
8.400000e-01	8.500000e-01	1.000000e+00	0.000000e+00	0.000000e+00
8.500000e-01	8.600000e-01	1.000000e+00	0.000000e+00	0.000000e+00
8.600000e-01	8.700000e-01	1.000000e+00	0.000000e+00	0.000000e+00
8.700000e-01	8.800000e-01	1.000000e+00	0.000000e+00	0.000000e+00
8.800000e-01	8.900000e-01	1.000000e+00	0.000000e+00	0.000000e+00
8.900000e-01	9.000000e-01	1.000000e+00	0.000000e+00	0.000000e+00
9.000000e-01	9.100000e-01	1.000000e+00	0.000000e+00	0.000000e+00
9.100000e-01	9.200000e-01	1.000000e+00	0.000000e+00	0.000000e+00
9.200000e-01	9.300000e-01	1.000000e+00	0.000000e+00	0.000000e+00
9.300000e-01	9.400000e-01	1.000000e+00	0.000000e+00	0.000000e+00
9.400000e-01	9.500000e-01	1.000000e+00	0.000000e+00	0.000000e+00
9.500000e-01	9.600000e-01	1.000000e+00	0.000000e+00	0.000000e+00
9.600000e-01	9.700000e-01	1.000000e+00	0.000000e+00	0.000000e+00
9.700000e-01	9.800000e-01	1.000000e+00	0.000000e+00	0.000000e+00
9.800000e-01	9.900000e-01	1.000000e+00	0.000000e+00	0.000000e+00
9.900000e-01	1.000000e+00	1.000000e+00	0.000000e+00	0.000000e+00
1.000000e+00	1.010000e+00	1.000000e+00	0.000000e+00	0.000000e+00
1.010000e+00	1.020000e+00	1.000000e+00	0.000000e+00	0.000000e+00
1.020000e+00	1.030000e+00	1.000000e+00	0.000000e+00	0.000000e+00
1.030000e+00	1.040000e+00	1.000000e+00	0.000000e+00	0.000000e+00
1.040000e+00	1.050000e+00	1.000000e+00	0.000000e+00	0.000000e+00
1.050000e+00	1.060000e+00	1.000000e+00	0.000000e+00	0.000000e+00
1.060000e+00	1.070000e+00	1.000000e+00	0.000000e+00	0.000000e+00
1.070000e+00	1.080000e+00	1.000000e+00	0.000000e+00	0.000000e+00
1.080000e+00	1.090000e+00	1.000000e+00	0.000000e+00	0.000000e+00
1.090000e+00	1.100000e+00	1.000000e+00	0.000000e+00	0.000000e+00
1.100000e+00	1.110000e+00	1.000000e+00	0.000000e+00	0.000000e+00
1.110000e+00	1.120000e+00	1.000000e+00	0.000000e+00	0.000000e+00
1.120000e+00	1.130000e+00	1.000000e+00	0.000000e+00	0.000000e+00
1.130000e+00	1.140000e+00	1.000000e+00	0.000000e+00	0.000000e+00
1.140000e+00	1.150000e+00	1.000000e+00	0.000000e+00	0.000000e+00
1.150000e+00	1.160000e+00	1.000000e+00	0.000000e+00	0.000000e+00
1.160000e+00	1.170000e+00	1.000000e+00	0.000000e+00	0.000000e+00
1.170000e+00	1.180000e+00	1.000000e+00	0.000000e+00	0.000000e+00
1.180000e+00	1.190000e+00	1.000000e+00	0.000000e+00	0.000000e+00
1.190000e+00	1.200000e+00	1.000000e+00	0.000000e+00	0.000000e+00
1.200000e+00	1.210000e+00	1.000000e+00	0.000000e+00	0.000000e+00
1.210000e+00	1.220000e+00	1.000000e+00	0.000000e+00	0.000000e+00
1.220000e+00	1.230000e+00	1.000000e+00	0.000000e+00	0.000000e+00
1.230000e+00	1.240000e+00	1.000000e+00	0.000000e+00	0.000000e+00
1.240000e+00	1.250000e+00	1.000000e+00	0.000000e+00	0.000000e+00
1.250000e+00	1.260000e+00	1.000000e+00	0.000000e+00	0.000000e+00
1.260000e+00	1.270000e+00	1.000000e+00	0.000000e+00	0.000000e+00
1.270000e+00	1.280000e+00	1.000000e+00	0.000000e+00	0.000000e+00
1.280000e+00	1.290000e+00	1.000000e+00	0.000000e+00	0.000000e+00
1.290000e+00	1.300000e+00	1.000000e+00	0.000000e+00	0.000000e+00
1.300000e+00	1.310000e+00	1.000000e+00	0.000000e+00	0.000000e+00
1.310000e+00	1.320000e+00	1.000000e+00	0.000000e+00	0.000000e+00
1.320000e+00	1.330000e+00	1.000000e+00	0.000000e+00	0.000000e+00
1.330000e+00	1.340000e+00	1.000000e+00	0.000000e+00	0.000000e+00
1.340000e+00	1.350000e+00	1.000000e+00	0.000000e+00	0.000000e+00
1.350000e+00	1.360000e+00	1.000000e+00	0.000000e+00	0.000000e+00
1.360000e+00	1.370000e+00	1.000000e+00	0.000000e+00	0.000000e+00
1.370000e+00	1.380000e+00	1.000000e+00	0.000000e+00	0.000000e+00
1.380000e+00	1.390000e+00	1.000000e+00	0.000000e+00	0.000000e+00
1.390000e+00	1.400000e+00	1.000000e+00	0.000000e+00	0.000000e+00
1.400000e+00	1.410000e+00	1.000000e+00	0.000000e+00	0.000000e+00
1.410000e+00	1.420000e+00	1.000000e+00	0.000000e+00	0.000000e+00
1.420000e+00	1.430000e+00	1.000000e+00	0.000000e+00	0.000000e+00
1.430000e+00	1.440000e+00	1.000000e+00	0.000000e+00	0.000000e+00
1.440000e+00	1.450000e+00	1.000000e+00	0.000000e+00	0.000000e+00
1.450000e+00	1.460000e+00	1.000000e+00	0.000000e+00	0.000000e+00
1.460000e+00	1.470000e+00	1.000000e+00	0.000000e+00	0.000000e+00
1.470000e+00	1.480000e+00	1.000000e+00	0.000000e+00	0.000000e+00
1.480000e+00	1.490000e+00	1.000000e+00	0.000000e+00	0.000000e+00
1.490000e+00	1.500000e+00	1.000000e+00	0.000000e+00	0.000000e+00
# END HISTO1D

# BEGIN HISTO1D //nfs/farm/g/theory/qcdsim/shoeche/runs/lhjets/jj/nlo/cs-2/run.yoda/LH2017_ZHSHAPES/psi_0.5_1600
LineColor={[HTML]{2da334}}
LineStyle=solid
Path=//nfs/farm/g/theory/qcdsim/shoeche/runs/lhjets/jj/nlo/cs-2/run.yoda/LH2017_ZHSHAPES/psi_0.5_1600
Title=run
XLabel=
YLabel=
# xlow	 xhigh	 val	 errminus	 errplus
0.000000e+00	1.000000e-02	6.345211e-01	4.448446e-01	4.448446e-01
1.000000e-02	2.000000e-02	7.588679e-01	3.892493e-01	3.892493e-01
2.000000e-02	3.000000e-02	8.167734e-01	3.446102e-01	3.446102e-01
3.000000e-02	4.000000e-02	8.530727e-01	3.097921e-01	3.097921e-01
4.000000e-02	5.000000e-02	8.779021e-01	2.796296e-01	2.796296e-01
5.000000e-02	6.000000e-02	8.968465e-01	2.535558e-01	2.535558e-01
6.000000e-02	7.000000e-02	9.114221e-01	2.310287e-01	2.310287e-01
7.000000e-02	8.000000e-02	9.230118e-01	2.105246e-01	2.105246e-01
8.000000e-02	9.000000e-02	9.324235e-01	1.929795e-01	1.929795e-01
9.000000e-02	1.000000e-01	9.402500e-01	1.765760e-01	1.765760e-01
1.000000e-01	1.100000e-01	9.467434e-01	1.624212e-01	1.624212e-01
1.100000e-01	1.200000e-01	9.522513e-01	1.495365e-01	1.495365e-01
1.200000e-01	1.300000e-01	9.572480e-01	1.369857e-01	1.369857e-01
1.300000e-01	1.400000e-01	9.615306e-01	1.258204e-01	1.258204e-01
1.400000e-01	1.500000e-01	9.652735e-01	1.153436e-01	1.153436e-01
1.500000e-01	1.600000e-01	9.686320e-01	1.054812e-01	1.054812e-01
1.600000e-01	1.700000e-01	9.716470e-01	9.650659e-02	9.650659e-02
1.700000e-01	1.800000e-01	9.742628e-01	8.838641e-02	8.838641e-02
1.800000e-01	1.900000e-01	9.766442e-01	8.060005e-02	8.060005e-02
1.900000e-01	2.000000e-01	9.788698e-01	7.309224e-02	7.309224e-02
2.000000e-01	2.100000e-01	9.808788e-01	6.646705e-02	6.646705e-02
2.100000e-01	2.200000e-01	9.827603e-01	6.046996e-02	6.046996e-02
2.200000e-01	2.300000e-01	9.843959e-01	5.502656e-02	5.502656e-02
2.300000e-01	2.400000e-01	9.860310e-01	4.989671e-02	4.989671e-02
2.400000e-01	2.500000e-01	9.873860e-01	4.613638e-02	4.613638e-02
2.500000e-01	2.600000e-01	9.886973e-01	4.270317e-02	4.270317e-02
2.600000e-01	2.700000e-01	9.899082e-01	3.934217e-02	3.934217e-02
2.700000e-01	2.800000e-01	9.909792e-01	3.633518e-02	3.633518e-02
2.800000e-01	2.900000e-01	9.919178e-01	3.361719e-02	3.361719e-02
2.900000e-01	3.000000e-01	9.928019e-01	3.093488e-02	3.093488e-02
3.000000e-01	3.100000e-01	9.936280e-01	2.840127e-02	2.840127e-02
3.100000e-01	3.200000e-01	9.943867e-01	2.599174e-02	2.599174e-02
3.200000e-01	3.300000e-01	9.950499e-01	2.368584e-02	2.368584e-02
3.300000e-01	3.400000e-01	9.956681e-01	2.156492e-02	2.156492e-02
3.400000e-01	3.500000e-01	9.962931e-01	1.931338e-02	1.931338e-02
3.500000e-01	3.600000e-01	9.968146e-01	1.729368e-02	1.729368e-02
3.600000e-01	3.700000e-01	9.972939e-01	1.533681e-02	1.533681e-02
3.700000e-01	3.800000e-01	9.977609e-01	1.335258e-02	1.335258e-02
3.800000e-01	3.900000e-01	9.981213e-01	1.174334e-02	1.174334e-02
3.900000e-01	4.000000e-01	9.984685e-01	1.013916e-02	1.013916e-02
4.000000e-01	4.100000e-01	9.987713e-01	8.612393e-03	8.612393e-03
4.100000e-01	4.200000e-01	9.990463e-01	7.112010e-03	7.112010e-03
4.200000e-01	4.300000e-01	9.992761e-01	5.715408e-03	5.715408e-03
4.300000e-01	4.400000e-01	9.994508e-01	4.693836e-03	4.693836e-03
4.400000e-01	4.500000e-01	9.996297e-01	3.546968e-03	3.546968e-03
4.500000e-01	4.600000e-01	9.997656e-01	2.541514e-03	2.541514e-03
4.600000e-01	4.700000e-01	9.998725e-01	1.666016e-03	1.666016e-03
4.700000e-01	4.800000e-01	9.999427e-01	7.855797e-04	7.855797e-04
4.800000e-01	4.900000e-01	9.999852e-01	5.567769e-04	5.567769e-04
4.900000e-01	5.000000e-01	1.000000e+00	0.000000e+00	0.000000e+00
5.000000e-01	5.100000e-01	1.000000e+00	0.000000e+00	0.000000e+00
5.100000e-01	5.200000e-01	1.000000e+00	0.000000e+00	0.000000e+00
5.200000e-01	5.300000e-01	1.000000e+00	0.000000e+00	0.000000e+00
5.300000e-01	5.400000e-01	1.000000e+00	0.000000e+00	0.000000e+00
5.400000e-01	5.500000e-01	1.000000e+00	0.000000e+00	0.000000e+00
5.500000e-01	5.600000e-01	1.000000e+00	0.000000e+00	0.000000e+00
5.600000e-01	5.700000e-01	1.000000e+00	0.000000e+00	0.000000e+00
5.700000e-01	5.800000e-01	1.000000e+00	0.000000e+00	0.000000e+00
5.800000e-01	5.900000e-01	1.000000e+00	0.000000e+00	0.000000e+00
5.900000e-01	6.000000e-01	1.000000e+00	0.000000e+00	0.000000e+00
6.000000e-01	6.100000e-01	1.000000e+00	0.000000e+00	0.000000e+00
6.100000e-01	6.200000e-01	1.000000e+00	0.000000e+00	0.000000e+00
6.200000e-01	6.300000e-01	1.000000e+00	0.000000e+00	0.000000e+00
6.300000e-01	6.400000e-01	1.000000e+00	0.000000e+00	0.000000e+00
6.400000e-01	6.500000e-01	1.000000e+00	0.000000e+00	0.000000e+00
6.500000e-01	6.600000e-01	1.000000e+00	0.000000e+00	0.000000e+00
6.600000e-01	6.700000e-01	1.000000e+00	0.000000e+00	0.000000e+00
6.700000e-01	6.800000e-01	1.000000e+00	0.000000e+00	0.000000e+00
6.800000e-01	6.900000e-01	1.000000e+00	0.000000e+00	0.000000e+00
6.900000e-01	7.000000e-01	1.000000e+00	0.000000e+00	0.000000e+00
7.000000e-01	7.100000e-01	1.000000e+00	0.000000e+00	0.000000e+00
7.100000e-01	7.200000e-01	1.000000e+00	0.000000e+00	0.000000e+00
7.200000e-01	7.300000e-01	1.000000e+00	0.000000e+00	0.000000e+00
7.300000e-01	7.400000e-01	1.000000e+00	0.000000e+00	0.000000e+00
7.400000e-01	7.500000e-01	1.000000e+00	0.000000e+00	0.000000e+00
7.500000e-01	7.600000e-01	1.000000e+00	0.000000e+00	0.000000e+00
7.600000e-01	7.700000e-01	1.000000e+00	0.000000e+00	0.000000e+00
7.700000e-01	7.800000e-01	1.000000e+00	0.000000e+00	0.000000e+00
7.800000e-01	7.900000e-01	1.000000e+00	0.000000e+00	0.000000e+00
7.900000e-01	8.000000e-01	1.000000e+00	0.000000e+00	0.000000e+00
8.000000e-01	8.100000e-01	1.000000e+00	0.000000e+00	0.000000e+00
8.100000e-01	8.200000e-01	1.000000e+00	0.000000e+00	0.000000e+00
8.200000e-01	8.300000e-01	1.000000e+00	0.000000e+00	0.000000e+00
8.300000e-01	8.400000e-01	1.000000e+00	0.000000e+00	0.000000e+00
8.400000e-01	8.500000e-01	1.000000e+00	0.000000e+00	0.000000e+00
8.500000e-01	8.600000e-01	1.000000e+00	0.000000e+00	0.000000e+00
8.600000e-01	8.700000e-01	1.000000e+00	0.000000e+00	0.000000e+00
8.700000e-01	8.800000e-01	1.000000e+00	0.000000e+00	0.000000e+00
8.800000e-01	8.900000e-01	1.000000e+00	0.000000e+00	0.000000e+00
8.900000e-01	9.000000e-01	1.000000e+00	0.000000e+00	0.000000e+00
9.000000e-01	9.100000e-01	1.000000e+00	0.000000e+00	0.000000e+00
9.100000e-01	9.200000e-01	1.000000e+00	0.000000e+00	0.000000e+00
9.200000e-01	9.300000e-01	1.000000e+00	0.000000e+00	0.000000e+00
9.300000e-01	9.400000e-01	1.000000e+00	0.000000e+00	0.000000e+00
9.400000e-01	9.500000e-01	1.000000e+00	0.000000e+00	0.000000e+00
9.500000e-01	9.600000e-01	1.000000e+00	0.000000e+00	0.000000e+00
9.600000e-01	9.700000e-01	1.000000e+00	0.000000e+00	0.000000e+00
9.700000e-01	9.800000e-01	1.000000e+00	0.000000e+00	0.000000e+00
9.800000e-01	9.900000e-01	1.000000e+00	0.000000e+00	0.000000e+00
9.900000e-01	1.000000e+00	1.000000e+00	0.000000e+00	0.000000e+00
1.000000e+00	1.010000e+00	1.000000e+00	0.000000e+00	0.000000e+00
1.010000e+00	1.020000e+00	1.000000e+00	0.000000e+00	0.000000e+00
1.020000e+00	1.030000e+00	1.000000e+00	0.000000e+00	0.000000e+00
1.030000e+00	1.040000e+00	1.000000e+00	0.000000e+00	0.000000e+00
1.040000e+00	1.050000e+00	1.000000e+00	0.000000e+00	0.000000e+00
1.050000e+00	1.060000e+00	1.000000e+00	0.000000e+00	0.000000e+00
1.060000e+00	1.070000e+00	1.000000e+00	0.000000e+00	0.000000e+00
1.070000e+00	1.080000e+00	1.000000e+00	0.000000e+00	0.000000e+00
1.080000e+00	1.090000e+00	1.000000e+00	0.000000e+00	0.000000e+00
1.090000e+00	1.100000e+00	1.000000e+00	0.000000e+00	0.000000e+00
1.100000e+00	1.110000e+00	1.000000e+00	0.000000e+00	0.000000e+00
1.110000e+00	1.120000e+00	1.000000e+00	0.000000e+00	0.000000e+00
1.120000e+00	1.130000e+00	1.000000e+00	0.000000e+00	0.000000e+00
1.130000e+00	1.140000e+00	1.000000e+00	0.000000e+00	0.000000e+00
1.140000e+00	1.150000e+00	1.000000e+00	0.000000e+00	0.000000e+00
1.150000e+00	1.160000e+00	1.000000e+00	0.000000e+00	0.000000e+00
1.160000e+00	1.170000e+00	1.000000e+00	0.000000e+00	0.000000e+00
1.170000e+00	1.180000e+00	1.000000e+00	0.000000e+00	0.000000e+00
1.180000e+00	1.190000e+00	1.000000e+00	0.000000e+00	0.000000e+00
1.190000e+00	1.200000e+00	1.000000e+00	0.000000e+00	0.000000e+00
1.200000e+00	1.210000e+00	1.000000e+00	0.000000e+00	0.000000e+00
1.210000e+00	1.220000e+00	1.000000e+00	0.000000e+00	0.000000e+00
1.220000e+00	1.230000e+00	1.000000e+00	0.000000e+00	0.000000e+00
1.230000e+00	1.240000e+00	1.000000e+00	0.000000e+00	0.000000e+00
1.240000e+00	1.250000e+00	1.000000e+00	0.000000e+00	0.000000e+00
1.250000e+00	1.260000e+00	1.000000e+00	0.000000e+00	0.000000e+00
1.260000e+00	1.270000e+00	1.000000e+00	0.000000e+00	0.000000e+00
1.270000e+00	1.280000e+00	1.000000e+00	0.000000e+00	0.000000e+00
1.280000e+00	1.290000e+00	1.000000e+00	0.000000e+00	0.000000e+00
1.290000e+00	1.300000e+00	1.000000e+00	0.000000e+00	0.000000e+00
1.300000e+00	1.310000e+00	1.000000e+00	0.000000e+00	0.000000e+00
1.310000e+00	1.320000e+00	1.000000e+00	0.000000e+00	0.000000e+00
1.320000e+00	1.330000e+00	1.000000e+00	0.000000e+00	0.000000e+00
1.330000e+00	1.340000e+00	1.000000e+00	0.000000e+00	0.000000e+00
1.340000e+00	1.350000e+00	1.000000e+00	0.000000e+00	0.000000e+00
1.350000e+00	1.360000e+00	1.000000e+00	0.000000e+00	0.000000e+00
1.360000e+00	1.370000e+00	1.000000e+00	0.000000e+00	0.000000e+00
1.370000e+00	1.380000e+00	1.000000e+00	0.000000e+00	0.000000e+00
1.380000e+00	1.390000e+00	1.000000e+00	0.000000e+00	0.000000e+00
1.390000e+00	1.400000e+00	1.000000e+00	0.000000e+00	0.000000e+00
1.400000e+00	1.410000e+00	1.000000e+00	0.000000e+00	0.000000e+00
1.410000e+00	1.420000e+00	1.000000e+00	0.000000e+00	0.000000e+00
1.420000e+00	1.430000e+00	1.000000e+00	0.000000e+00	0.000000e+00
1.430000e+00	1.440000e+00	1.000000e+00	0.000000e+00	0.000000e+00
1.440000e+00	1.450000e+00	1.000000e+00	0.000000e+00	0.000000e+00
1.450000e+00	1.460000e+00	1.000000e+00	0.000000e+00	0.000000e+00
1.460000e+00	1.470000e+00	1.000000e+00	0.000000e+00	0.000000e+00
1.470000e+00	1.480000e+00	1.000000e+00	0.000000e+00	0.000000e+00
1.480000e+00	1.490000e+00	1.000000e+00	0.000000e+00	0.000000e+00
1.490000e+00	1.500000e+00	1.000000e+00	0.000000e+00	0.000000e+00
# END HISTO1D

