# BEGIN PLOT
XTwosidedTicks=1
DrawOnly=//nfs/farm/g/theory/qcdsim/shoeche/runs/lhjets/zj/mcnlo/css/run.yoda/LH2017_ZHSHAPES/psi_0.7_1600 //nfs/farm/g/theory/qcdsim/shoeche/runs/lhjets/zj/mcnlo/css-1em/run.yoda/LH2017_ZHSHAPES/psi_0.7_1600 //nfs/farm/g/theory/qcdsim/shoeche/runs/lhjets/zj/nlo/cs/run.yoda/LH2017_ZHSHAPES/psi_0.7_1600
RatioPlotReference=//nfs/farm/g/theory/qcdsim/shoeche/runs/lhjets/zj/nlo/cs/run.yoda/LH2017_ZHSHAPES/psi_0.7_1600
XTwosidedTicks=1
YTwosidedTicks=1
TopMargin=0.0
RatioPlot=1
MainPlot=0
RatioPlotYSize=2.5
XMax=0.7
DrawSpecialInRatio=1
LegendXPos=0.35
LegendYPos=0.8
LogY=1
RatioPlotYLabel=
LegendOnly=//nfs/farm/g/theory/qcdsim/shoeche/runs/lhjets/zj/mcnlo/css/run.yoda/LH2017_ZHSHAPES/psi_0.7_1600 //nfs/farm/g/theory/qcdsim/shoeche/runs/lhjets/zj/mcnlo/css-1em/run.yoda/LH2017_ZHSHAPES/psi_0.7_1600 //nfs/farm/g/theory/qcdsim/shoeche/runs/lhjets/zj/mcnlo/herwig.yoda/LH2017_ZHSHAPES/psi_0.7_1600 //nfs/farm/g/theory/qcdsim/shoeche/runs/lhjets/zj/nlo/cs/run.yoda/LH2017_ZHSHAPES/psi_0.7_1600
RatioPlotSameStyle=1
YTwosidedTicks=1
Legend=0
# END PLOT
# BEGIN SPECIAL text
\rput[br](0.95,0.2){$k_T>1600GeV$}
# END SPECIAL

# BEGIN HISTO1D //nfs/farm/g/theory/qcdsim/shoeche/runs/lhjets/zj/mcnlo/css/run.yoda/LH2017_ZHSHAPES/psi_0.7_1600
ErrorBars=1
LineColor=red
LineStyle=solid
Path=//nfs/farm/g/theory/qcdsim/shoeche/runs/lhjets/zj/mcnlo/css/run.yoda/LH2017_ZHSHAPES/psi_0.7_1600
Title=MC@NLO
XLabel=
YLabel=
# xlow	 xhigh	 val	 errminus	 errplus
0.000000e+00	1.000000e-02	3.738885e-01	3.189873e-03	3.189873e-03
1.000000e-02	2.000000e-02	5.319579e-01	3.218271e-03	3.218271e-03
2.000000e-02	3.000000e-02	6.187284e-01	3.076210e-03	3.076210e-03
3.000000e-02	4.000000e-02	6.789274e-01	2.902467e-03	2.902467e-03
4.000000e-02	5.000000e-02	7.240750e-01	2.732011e-03	2.732011e-03
5.000000e-02	6.000000e-02	7.588861e-01	2.563379e-03	2.563379e-03
6.000000e-02	7.000000e-02	7.865851e-01	2.406760e-03	2.406760e-03
7.000000e-02	8.000000e-02	8.093019e-01	2.257176e-03	2.257176e-03
8.000000e-02	9.000000e-02	8.281202e-01	2.125933e-03	2.125933e-03
9.000000e-02	1.000000e-01	8.440501e-01	2.003053e-03	2.003053e-03
1.000000e-01	1.100000e-01	8.575662e-01	1.887524e-03	1.887524e-03
1.100000e-01	1.200000e-01	8.693854e-01	1.784184e-03	1.784184e-03
1.200000e-01	1.300000e-01	8.800809e-01	1.683761e-03	1.683761e-03
1.300000e-01	1.400000e-01	8.892191e-01	1.594133e-03	1.594133e-03
1.400000e-01	1.500000e-01	8.974974e-01	1.507440e-03	1.507440e-03
1.500000e-01	1.600000e-01	9.047567e-01	1.423630e-03	1.423630e-03
1.600000e-01	1.700000e-01	9.115366e-01	1.346050e-03	1.346050e-03
1.700000e-01	1.800000e-01	9.176193e-01	1.269438e-03	1.269438e-03
1.800000e-01	1.900000e-01	9.232086e-01	1.199347e-03	1.199347e-03
1.900000e-01	2.000000e-01	9.281751e-01	1.135837e-03	1.135837e-03
2.000000e-01	2.100000e-01	9.330005e-01	1.067486e-03	1.067486e-03
2.100000e-01	2.200000e-01	9.372603e-01	1.003408e-03	1.003408e-03
2.200000e-01	2.300000e-01	9.411843e-01	9.451772e-04	9.451772e-04
2.300000e-01	2.400000e-01	9.447237e-01	8.909575e-04	8.909575e-04
2.400000e-01	2.500000e-01	9.481610e-01	8.377989e-04	8.377989e-04
2.500000e-01	2.600000e-01	9.513687e-01	7.844415e-04	7.844415e-04
2.600000e-01	2.700000e-01	9.543288e-01	7.382284e-04	7.382284e-04
2.700000e-01	2.800000e-01	9.571228e-01	6.944209e-04	6.944209e-04
2.800000e-01	2.900000e-01	9.599626e-01	6.433016e-04	6.433016e-04
2.900000e-01	3.000000e-01	9.624021e-01	6.049803e-04	6.049803e-04
3.000000e-01	3.100000e-01	9.645288e-01	5.682834e-04	5.682834e-04
3.100000e-01	3.200000e-01	9.666648e-01	5.362714e-04	5.362714e-04
3.200000e-01	3.300000e-01	9.686821e-01	5.055346e-04	5.055346e-04
3.300000e-01	3.400000e-01	9.704246e-01	4.792842e-04	4.792842e-04
3.400000e-01	3.500000e-01	9.723009e-01	4.537675e-04	4.537675e-04
3.500000e-01	3.600000e-01	9.738265e-01	4.328453e-04	4.328453e-04
3.600000e-01	3.700000e-01	9.754943e-01	4.073674e-04	4.073674e-04
3.700000e-01	3.800000e-01	9.770354e-01	3.860736e-04	3.860736e-04
3.800000e-01	3.900000e-01	9.784963e-01	3.652401e-04	3.652401e-04
3.900000e-01	4.000000e-01	9.797605e-01	3.472658e-04	3.472658e-04
4.000000e-01	4.100000e-01	9.810948e-01	3.284145e-04	3.284145e-04
4.100000e-01	4.200000e-01	9.824189e-01	3.099550e-04	3.099550e-04
4.200000e-01	4.300000e-01	9.836644e-01	2.904253e-04	2.904253e-04
4.300000e-01	4.400000e-01	9.847732e-01	2.732371e-04	2.732371e-04
4.400000e-01	4.500000e-01	9.858881e-01	2.557918e-04	2.557918e-04
4.500000e-01	4.600000e-01	9.869517e-01	2.388734e-04	2.388734e-04
4.600000e-01	4.700000e-01	9.879206e-01	2.245185e-04	2.245185e-04
4.700000e-01	4.800000e-01	9.888588e-01	2.105807e-04	2.105807e-04
4.800000e-01	4.900000e-01	9.897331e-01	1.968518e-04	1.968518e-04
4.900000e-01	5.000000e-01	9.905076e-01	1.844002e-04	1.844002e-04
5.000000e-01	5.100000e-01	9.914296e-01	1.690459e-04	1.690459e-04
5.100000e-01	5.200000e-01	9.921519e-01	1.570791e-04	1.570791e-04
5.200000e-01	5.300000e-01	9.929398e-01	1.431970e-04	1.431970e-04
5.300000e-01	5.400000e-01	9.936255e-01	1.319117e-04	1.319117e-04
5.400000e-01	5.500000e-01	9.942985e-01	1.205165e-04	1.205165e-04
5.500000e-01	5.600000e-01	9.948640e-01	1.113152e-04	1.113152e-04
5.600000e-01	5.700000e-01	9.954322e-01	1.010735e-04	1.010735e-04
5.700000e-01	5.800000e-01	9.960297e-01	9.024314e-05	9.024314e-05
5.800000e-01	5.900000e-01	9.965556e-01	8.161454e-05	8.161454e-05
5.900000e-01	6.000000e-01	9.970065e-01	7.349857e-05	7.349857e-05
6.000000e-01	6.100000e-01	9.974517e-01	6.418502e-05	6.418502e-05
6.100000e-01	6.200000e-01	9.978704e-01	5.668393e-05	5.668393e-05
6.200000e-01	6.300000e-01	9.982493e-01	4.858750e-05	4.858750e-05
6.300000e-01	6.400000e-01	9.986514e-01	4.082306e-05	4.082306e-05
6.400000e-01	6.500000e-01	9.989986e-01	3.250563e-05	3.250563e-05
6.500000e-01	6.600000e-01	9.993055e-01	2.469697e-05	2.469697e-05
6.600000e-01	6.700000e-01	9.995551e-01	1.815735e-05	1.815735e-05
6.700000e-01	6.800000e-01	9.997705e-01	1.185185e-05	1.185185e-05
6.800000e-01	6.900000e-01	9.999173e-01	7.305451e-06	7.305451e-06
6.900000e-01	7.000000e-01	9.999742e-01	5.982424e-06	5.982424e-06
7.000000e-01	7.100000e-01	9.999790e-01	5.181239e-06	5.181239e-06
7.100000e-01	7.200000e-01	9.999827e-01	4.230423e-06	4.230423e-06
7.200000e-01	7.300000e-01	9.999850e-01	4.230902e-06	4.230902e-06
7.300000e-01	7.400000e-01	9.999884e-01	2.991487e-06	2.991487e-06
7.400000e-01	7.500000e-01	9.999903e-01	2.991870e-06	2.991870e-06
7.500000e-01	7.600000e-01	9.999918e-01	2.992110e-06	2.992110e-06
7.600000e-01	7.700000e-01	9.999927e-01	2.992226e-06	2.992226e-06
7.700000e-01	7.800000e-01	9.999935e-01	2.992329e-06	2.992329e-06
7.800000e-01	7.900000e-01	9.999947e-01	2.992453e-06	2.992453e-06
7.900000e-01	8.000000e-01	9.999953e-01	3.418507e-08	3.418507e-08
8.000000e-01	8.100000e-01	9.999962e-01	2.992576e-06	2.992576e-06
8.100000e-01	8.200000e-01	9.999973e-01	1.953428e-08	1.953428e-08
8.200000e-01	8.300000e-01	9.999980e-01	1.465104e-08	1.465104e-08
8.300000e-01	8.400000e-01	9.999982e-01	1.342995e-08	1.342995e-08
8.400000e-01	8.500000e-01	9.999985e-01	1.098761e-08	1.098761e-08
8.500000e-01	8.600000e-01	9.999985e-01	2.992688e-06	2.992688e-06
8.600000e-01	8.700000e-01	9.999988e-01	2.992720e-06	2.992720e-06
8.700000e-01	8.800000e-01	9.999993e-01	2.992704e-06	2.992704e-06
8.800000e-01	8.900000e-01	9.999995e-01	2.992710e-06	2.992710e-06
8.900000e-01	9.000000e-01	9.999997e-01	2.442978e-09	2.442978e-09
9.000000e-01	9.100000e-01	9.999998e-01	2.992708e-06	2.992708e-06
9.100000e-01	9.200000e-01	9.999998e-01	1.221489e-09	1.221489e-09
9.200000e-01	9.300000e-01	1.000000e+00	0.000000e+00	0.000000e+00
9.300000e-01	9.400000e-01	1.000000e+00	0.000000e+00	0.000000e+00
9.400000e-01	9.500000e-01	1.000000e+00	0.000000e+00	0.000000e+00
9.500000e-01	9.600000e-01	1.000000e+00	0.000000e+00	0.000000e+00
9.600000e-01	9.700000e-01	1.000000e+00	0.000000e+00	0.000000e+00
9.700000e-01	9.800000e-01	1.000000e+00	0.000000e+00	0.000000e+00
9.800000e-01	9.900000e-01	1.000000e+00	0.000000e+00	0.000000e+00
9.900000e-01	1.000000e+00	1.000000e+00	0.000000e+00	0.000000e+00
1.000000e+00	1.010000e+00	1.000000e+00	0.000000e+00	0.000000e+00
1.010000e+00	1.020000e+00	1.000000e+00	0.000000e+00	0.000000e+00
1.020000e+00	1.030000e+00	1.000000e+00	0.000000e+00	0.000000e+00
1.030000e+00	1.040000e+00	1.000000e+00	0.000000e+00	0.000000e+00
1.040000e+00	1.050000e+00	1.000000e+00	0.000000e+00	0.000000e+00
1.050000e+00	1.060000e+00	1.000000e+00	0.000000e+00	0.000000e+00
1.060000e+00	1.070000e+00	1.000000e+00	0.000000e+00	0.000000e+00
1.070000e+00	1.080000e+00	1.000000e+00	0.000000e+00	0.000000e+00
1.080000e+00	1.090000e+00	1.000000e+00	0.000000e+00	0.000000e+00
1.090000e+00	1.100000e+00	1.000000e+00	0.000000e+00	0.000000e+00
1.100000e+00	1.110000e+00	1.000000e+00	0.000000e+00	0.000000e+00
1.110000e+00	1.120000e+00	1.000000e+00	0.000000e+00	0.000000e+00
1.120000e+00	1.130000e+00	1.000000e+00	0.000000e+00	0.000000e+00
1.130000e+00	1.140000e+00	1.000000e+00	0.000000e+00	0.000000e+00
1.140000e+00	1.150000e+00	1.000000e+00	0.000000e+00	0.000000e+00
1.150000e+00	1.160000e+00	1.000000e+00	0.000000e+00	0.000000e+00
1.160000e+00	1.170000e+00	1.000000e+00	0.000000e+00	0.000000e+00
1.170000e+00	1.180000e+00	1.000000e+00	0.000000e+00	0.000000e+00
1.180000e+00	1.190000e+00	1.000000e+00	0.000000e+00	0.000000e+00
1.190000e+00	1.200000e+00	1.000000e+00	0.000000e+00	0.000000e+00
1.200000e+00	1.210000e+00	1.000000e+00	0.000000e+00	0.000000e+00
1.210000e+00	1.220000e+00	1.000000e+00	0.000000e+00	0.000000e+00
1.220000e+00	1.230000e+00	1.000000e+00	0.000000e+00	0.000000e+00
1.230000e+00	1.240000e+00	1.000000e+00	0.000000e+00	0.000000e+00
1.240000e+00	1.250000e+00	1.000000e+00	0.000000e+00	0.000000e+00
1.250000e+00	1.260000e+00	1.000000e+00	0.000000e+00	0.000000e+00
1.260000e+00	1.270000e+00	1.000000e+00	0.000000e+00	0.000000e+00
1.270000e+00	1.280000e+00	1.000000e+00	0.000000e+00	0.000000e+00
1.280000e+00	1.290000e+00	1.000000e+00	0.000000e+00	0.000000e+00
1.290000e+00	1.300000e+00	1.000000e+00	0.000000e+00	0.000000e+00
1.300000e+00	1.310000e+00	1.000000e+00	0.000000e+00	0.000000e+00
1.310000e+00	1.320000e+00	1.000000e+00	0.000000e+00	0.000000e+00
1.320000e+00	1.330000e+00	1.000000e+00	0.000000e+00	0.000000e+00
1.330000e+00	1.340000e+00	1.000000e+00	0.000000e+00	0.000000e+00
1.340000e+00	1.350000e+00	1.000000e+00	0.000000e+00	0.000000e+00
1.350000e+00	1.360000e+00	1.000000e+00	0.000000e+00	0.000000e+00
1.360000e+00	1.370000e+00	1.000000e+00	0.000000e+00	0.000000e+00
1.370000e+00	1.380000e+00	1.000000e+00	0.000000e+00	0.000000e+00
1.380000e+00	1.390000e+00	1.000000e+00	0.000000e+00	0.000000e+00
1.390000e+00	1.400000e+00	1.000000e+00	0.000000e+00	0.000000e+00
1.400000e+00	1.410000e+00	1.000000e+00	0.000000e+00	0.000000e+00
1.410000e+00	1.420000e+00	1.000000e+00	0.000000e+00	0.000000e+00
1.420000e+00	1.430000e+00	1.000000e+00	0.000000e+00	0.000000e+00
1.430000e+00	1.440000e+00	1.000000e+00	0.000000e+00	0.000000e+00
1.440000e+00	1.450000e+00	1.000000e+00	0.000000e+00	0.000000e+00
1.450000e+00	1.460000e+00	1.000000e+00	0.000000e+00	0.000000e+00
1.460000e+00	1.470000e+00	1.000000e+00	0.000000e+00	0.000000e+00
1.470000e+00	1.480000e+00	1.000000e+00	0.000000e+00	0.000000e+00
1.480000e+00	1.490000e+00	1.000000e+00	0.000000e+00	0.000000e+00
1.490000e+00	1.500000e+00	1.000000e+00	0.000000e+00	0.000000e+00
# END HISTO1D

# BEGIN HISTO1D //nfs/farm/g/theory/qcdsim/shoeche/runs/lhjets/zj/mcnlo/css-1em/run.yoda/LH2017_ZHSHAPES/psi_0.7_1600
ErrorBars=1
LineColor=blue
LineStyle=solid
Path=//nfs/farm/g/theory/qcdsim/shoeche/runs/lhjets/zj/mcnlo/css-1em/run.yoda/LH2017_ZHSHAPES/psi_0.7_1600
Title=MC@NLO~1em
XLabel=
YLabel=
# xlow	 xhigh	 val	 errminus	 errplus
0.000000e+00	1.000000e-02	9.692572e-01	2.707164e-03	2.707164e-03
1.000000e-02	2.000000e-02	9.723102e-01	2.564922e-03	2.564922e-03
2.000000e-02	3.000000e-02	9.751332e-01	2.418268e-03	2.418268e-03
3.000000e-02	4.000000e-02	9.777107e-01	2.270684e-03	2.270684e-03
4.000000e-02	5.000000e-02	9.799421e-01	2.137703e-03	2.137703e-03
5.000000e-02	6.000000e-02	9.814319e-01	2.041414e-03	2.041414e-03
6.000000e-02	7.000000e-02	9.831568e-01	1.924736e-03	1.924736e-03
7.000000e-02	8.000000e-02	9.844452e-01	1.831266e-03	1.831266e-03
8.000000e-02	9.000000e-02	9.858953e-01	1.718849e-03	1.718849e-03
9.000000e-02	1.000000e-01	9.874196e-01	1.592785e-03	1.592785e-03
1.000000e-01	1.100000e-01	9.883611e-01	1.518204e-03	1.518204e-03
1.100000e-01	1.200000e-01	9.894716e-01	1.413045e-03	1.413045e-03
1.200000e-01	1.300000e-01	9.904881e-01	1.318090e-03	1.318090e-03
1.300000e-01	1.400000e-01	9.912863e-01	1.233479e-03	1.233479e-03
1.400000e-01	1.500000e-01	9.919492e-01	1.164304e-03	1.164304e-03
1.500000e-01	1.600000e-01	9.925482e-01	1.098180e-03	1.098180e-03
1.600000e-01	1.700000e-01	9.930414e-01	1.040203e-03	1.040203e-03
1.700000e-01	1.800000e-01	9.934647e-01	9.919917e-04	9.919917e-04
1.800000e-01	1.900000e-01	9.938667e-01	9.452777e-04	9.452777e-04
1.900000e-01	2.000000e-01	9.942585e-01	8.899671e-04	8.899671e-04
2.000000e-01	2.100000e-01	9.947597e-01	8.245253e-04	8.245253e-04
2.100000e-01	2.200000e-01	9.950728e-01	7.829674e-04	7.829674e-04
2.200000e-01	2.300000e-01	9.953367e-01	7.488590e-04	7.488590e-04
2.300000e-01	2.400000e-01	9.958372e-01	6.635714e-04	6.635714e-04
2.400000e-01	2.500000e-01	9.961260e-01	6.239384e-04	6.239384e-04
2.500000e-01	2.600000e-01	9.963891e-01	5.849629e-04	5.849629e-04
2.600000e-01	2.700000e-01	9.966214e-01	5.489424e-04	5.489424e-04
2.700000e-01	2.800000e-01	9.969536e-01	4.868263e-04	4.868263e-04
2.800000e-01	2.900000e-01	9.972042e-01	4.455095e-04	4.455095e-04
2.900000e-01	3.000000e-01	9.973953e-01	4.134421e-04	4.134421e-04
3.000000e-01	3.100000e-01	9.975776e-01	3.943792e-04	3.943792e-04
3.100000e-01	3.200000e-01	9.977833e-01	3.682427e-04	3.682427e-04
3.200000e-01	3.300000e-01	9.979443e-01	3.502721e-04	3.502721e-04
3.300000e-01	3.400000e-01	9.980781e-01	3.337292e-04	3.337292e-04
3.400000e-01	3.500000e-01	9.982243e-01	3.131507e-04	3.131507e-04
3.500000e-01	3.600000e-01	9.983787e-01	2.957582e-04	2.957582e-04
3.600000e-01	3.700000e-01	9.984830e-01	2.839884e-04	2.839884e-04
3.700000e-01	3.800000e-01	9.986286e-01	2.663488e-04	2.663488e-04
3.800000e-01	3.900000e-01	9.987513e-01	2.495992e-04	2.495992e-04
3.900000e-01	4.000000e-01	9.988358e-01	2.381546e-04	2.381546e-04
4.000000e-01	4.100000e-01	9.989409e-01	2.225029e-04	2.225029e-04
4.100000e-01	4.200000e-01	9.990004e-01	2.150983e-04	2.150983e-04
4.200000e-01	4.300000e-01	9.990776e-01	2.039114e-04	2.039114e-04
4.300000e-01	4.400000e-01	9.991636e-01	1.916023e-04	1.916023e-04
4.400000e-01	4.500000e-01	9.992231e-01	1.824361e-04	1.824361e-04
4.500000e-01	4.600000e-01	9.993033e-01	1.680019e-04	1.680019e-04
4.600000e-01	4.700000e-01	9.993937e-01	1.539849e-04	1.539849e-04
4.700000e-01	4.800000e-01	9.994672e-01	1.430437e-04	1.430437e-04
4.800000e-01	4.900000e-01	9.995120e-01	1.359197e-04	1.359197e-04
4.900000e-01	5.000000e-01	9.996053e-01	1.173474e-04	1.173474e-04
5.000000e-01	5.100000e-01	9.996751e-01	1.016396e-04	1.016396e-04
5.100000e-01	5.200000e-01	9.997156e-01	9.328144e-05	9.328144e-05
5.200000e-01	5.300000e-01	9.997420e-01	8.829775e-05	8.829775e-05
5.300000e-01	5.400000e-01	9.997957e-01	7.736705e-05	7.736705e-05
5.400000e-01	5.500000e-01	9.998361e-01	6.734812e-05	6.734812e-05
5.500000e-01	5.600000e-01	9.998802e-01	5.217181e-05	5.217181e-05
5.600000e-01	5.700000e-01	9.998986e-01	4.857479e-05	4.857479e-05
5.700000e-01	5.800000e-01	9.999214e-01	4.260792e-05	4.260792e-05
5.800000e-01	5.900000e-01	9.999331e-01	3.564785e-05	3.564785e-05
5.900000e-01	6.000000e-01	9.999500e-01	3.013079e-05	3.013079e-05
6.000000e-01	6.100000e-01	9.999780e-01	1.347502e-05	1.347502e-05
6.100000e-01	6.200000e-01	9.999838e-01	2.542311e-07	2.542311e-07
6.200000e-01	6.300000e-01	9.999897e-01	1.347851e-05	1.347851e-05
6.300000e-01	6.400000e-01	9.999904e-01	1.348032e-05	1.348032e-05
6.400000e-01	6.500000e-01	9.999941e-01	9.244739e-08	9.244739e-08
6.500000e-01	6.600000e-01	9.999978e-01	1.347953e-05	1.347953e-05
6.600000e-01	6.700000e-01	1.000000e+00	1.347948e-05	1.347948e-05
6.700000e-01	6.800000e-01	1.000000e+00	0.000000e+00	0.000000e+00
6.800000e-01	6.900000e-01	1.000000e+00	0.000000e+00	0.000000e+00
6.900000e-01	7.000000e-01	1.000000e+00	0.000000e+00	0.000000e+00
7.000000e-01	7.100000e-01	1.000000e+00	0.000000e+00	0.000000e+00
7.100000e-01	7.200000e-01	1.000000e+00	0.000000e+00	0.000000e+00
7.200000e-01	7.300000e-01	1.000000e+00	0.000000e+00	0.000000e+00
7.300000e-01	7.400000e-01	1.000000e+00	0.000000e+00	0.000000e+00
7.400000e-01	7.500000e-01	1.000000e+00	0.000000e+00	0.000000e+00
7.500000e-01	7.600000e-01	1.000000e+00	0.000000e+00	0.000000e+00
7.600000e-01	7.700000e-01	1.000000e+00	0.000000e+00	0.000000e+00
7.700000e-01	7.800000e-01	1.000000e+00	0.000000e+00	0.000000e+00
7.800000e-01	7.900000e-01	1.000000e+00	0.000000e+00	0.000000e+00
7.900000e-01	8.000000e-01	1.000000e+00	0.000000e+00	0.000000e+00
8.000000e-01	8.100000e-01	1.000000e+00	0.000000e+00	0.000000e+00
8.100000e-01	8.200000e-01	1.000000e+00	0.000000e+00	0.000000e+00
8.200000e-01	8.300000e-01	1.000000e+00	0.000000e+00	0.000000e+00
8.300000e-01	8.400000e-01	1.000000e+00	0.000000e+00	0.000000e+00
8.400000e-01	8.500000e-01	1.000000e+00	0.000000e+00	0.000000e+00
8.500000e-01	8.600000e-01	1.000000e+00	0.000000e+00	0.000000e+00
8.600000e-01	8.700000e-01	1.000000e+00	0.000000e+00	0.000000e+00
8.700000e-01	8.800000e-01	1.000000e+00	0.000000e+00	0.000000e+00
8.800000e-01	8.900000e-01	1.000000e+00	0.000000e+00	0.000000e+00
8.900000e-01	9.000000e-01	1.000000e+00	0.000000e+00	0.000000e+00
9.000000e-01	9.100000e-01	1.000000e+00	0.000000e+00	0.000000e+00
9.100000e-01	9.200000e-01	1.000000e+00	0.000000e+00	0.000000e+00
9.200000e-01	9.300000e-01	1.000000e+00	0.000000e+00	0.000000e+00
9.300000e-01	9.400000e-01	1.000000e+00	0.000000e+00	0.000000e+00
9.400000e-01	9.500000e-01	1.000000e+00	0.000000e+00	0.000000e+00
9.500000e-01	9.600000e-01	1.000000e+00	0.000000e+00	0.000000e+00
9.600000e-01	9.700000e-01	1.000000e+00	0.000000e+00	0.000000e+00
9.700000e-01	9.800000e-01	1.000000e+00	0.000000e+00	0.000000e+00
9.800000e-01	9.900000e-01	1.000000e+00	0.000000e+00	0.000000e+00
9.900000e-01	1.000000e+00	1.000000e+00	0.000000e+00	0.000000e+00
1.000000e+00	1.010000e+00	1.000000e+00	0.000000e+00	0.000000e+00
1.010000e+00	1.020000e+00	1.000000e+00	0.000000e+00	0.000000e+00
1.020000e+00	1.030000e+00	1.000000e+00	0.000000e+00	0.000000e+00
1.030000e+00	1.040000e+00	1.000000e+00	0.000000e+00	0.000000e+00
1.040000e+00	1.050000e+00	1.000000e+00	0.000000e+00	0.000000e+00
1.050000e+00	1.060000e+00	1.000000e+00	0.000000e+00	0.000000e+00
1.060000e+00	1.070000e+00	1.000000e+00	0.000000e+00	0.000000e+00
1.070000e+00	1.080000e+00	1.000000e+00	0.000000e+00	0.000000e+00
1.080000e+00	1.090000e+00	1.000000e+00	0.000000e+00	0.000000e+00
1.090000e+00	1.100000e+00	1.000000e+00	0.000000e+00	0.000000e+00
1.100000e+00	1.110000e+00	1.000000e+00	0.000000e+00	0.000000e+00
1.110000e+00	1.120000e+00	1.000000e+00	0.000000e+00	0.000000e+00
1.120000e+00	1.130000e+00	1.000000e+00	0.000000e+00	0.000000e+00
1.130000e+00	1.140000e+00	1.000000e+00	0.000000e+00	0.000000e+00
1.140000e+00	1.150000e+00	1.000000e+00	0.000000e+00	0.000000e+00
1.150000e+00	1.160000e+00	1.000000e+00	0.000000e+00	0.000000e+00
1.160000e+00	1.170000e+00	1.000000e+00	0.000000e+00	0.000000e+00
1.170000e+00	1.180000e+00	1.000000e+00	0.000000e+00	0.000000e+00
1.180000e+00	1.190000e+00	1.000000e+00	0.000000e+00	0.000000e+00
1.190000e+00	1.200000e+00	1.000000e+00	0.000000e+00	0.000000e+00
1.200000e+00	1.210000e+00	1.000000e+00	0.000000e+00	0.000000e+00
1.210000e+00	1.220000e+00	1.000000e+00	0.000000e+00	0.000000e+00
1.220000e+00	1.230000e+00	1.000000e+00	0.000000e+00	0.000000e+00
1.230000e+00	1.240000e+00	1.000000e+00	0.000000e+00	0.000000e+00
1.240000e+00	1.250000e+00	1.000000e+00	0.000000e+00	0.000000e+00
1.250000e+00	1.260000e+00	1.000000e+00	0.000000e+00	0.000000e+00
1.260000e+00	1.270000e+00	1.000000e+00	0.000000e+00	0.000000e+00
1.270000e+00	1.280000e+00	1.000000e+00	0.000000e+00	0.000000e+00
1.280000e+00	1.290000e+00	1.000000e+00	0.000000e+00	0.000000e+00
1.290000e+00	1.300000e+00	1.000000e+00	0.000000e+00	0.000000e+00
1.300000e+00	1.310000e+00	1.000000e+00	0.000000e+00	0.000000e+00
1.310000e+00	1.320000e+00	1.000000e+00	0.000000e+00	0.000000e+00
1.320000e+00	1.330000e+00	1.000000e+00	0.000000e+00	0.000000e+00
1.330000e+00	1.340000e+00	1.000000e+00	0.000000e+00	0.000000e+00
1.340000e+00	1.350000e+00	1.000000e+00	0.000000e+00	0.000000e+00
1.350000e+00	1.360000e+00	1.000000e+00	0.000000e+00	0.000000e+00
1.360000e+00	1.370000e+00	1.000000e+00	0.000000e+00	0.000000e+00
1.370000e+00	1.380000e+00	1.000000e+00	0.000000e+00	0.000000e+00
1.380000e+00	1.390000e+00	1.000000e+00	0.000000e+00	0.000000e+00
1.390000e+00	1.400000e+00	1.000000e+00	0.000000e+00	0.000000e+00
1.400000e+00	1.410000e+00	1.000000e+00	0.000000e+00	0.000000e+00
1.410000e+00	1.420000e+00	1.000000e+00	0.000000e+00	0.000000e+00
1.420000e+00	1.430000e+00	1.000000e+00	0.000000e+00	0.000000e+00
1.430000e+00	1.440000e+00	1.000000e+00	0.000000e+00	0.000000e+00
1.440000e+00	1.450000e+00	1.000000e+00	0.000000e+00	0.000000e+00
1.450000e+00	1.460000e+00	1.000000e+00	0.000000e+00	0.000000e+00
1.460000e+00	1.470000e+00	1.000000e+00	0.000000e+00	0.000000e+00
1.470000e+00	1.480000e+00	1.000000e+00	0.000000e+00	0.000000e+00
1.480000e+00	1.490000e+00	1.000000e+00	0.000000e+00	0.000000e+00
1.490000e+00	1.500000e+00	1.000000e+00	0.000000e+00	0.000000e+00
# END HISTO1D

# BEGIN HISTO1D //nfs/farm/g/theory/qcdsim/shoeche/runs/lhjets/zj/mcnlo/herwig.yoda/LH2017_ZHSHAPES/psi_0.7_1600
ErrorBars=1
LineColor={[HTML]{2da334}}
LineStyle=solid
Path=//nfs/farm/g/theory/qcdsim/shoeche/runs/lhjets/zj/mcnlo/herwig.yoda/LH2017_ZHSHAPES/psi_0.7_1600
Title=Herwig~MCNLO
XLabel=~
YLabel=~
# xlow	 xhigh	 val	 errminus	 errplus
0.000000e+00	1.000000e-02	3.402505e-01	2.367697e-03	2.367697e-03
1.000000e-02	2.000000e-02	4.919771e-01	2.474941e-03	2.474941e-03
2.000000e-02	3.000000e-02	5.854909e-01	2.407476e-03	2.407476e-03
3.000000e-02	4.000000e-02	6.485519e-01	2.299636e-03	2.299636e-03
4.000000e-02	5.000000e-02	6.963934e-01	2.181354e-03	2.181354e-03
5.000000e-02	6.000000e-02	7.320058e-01	2.071589e-03	2.071589e-03
6.000000e-02	7.000000e-02	7.620776e-01	1.959854e-03	1.959854e-03
7.000000e-02	8.000000e-02	7.854561e-01	1.863216e-03	1.863216e-03
8.000000e-02	9.000000e-02	8.055590e-01	1.765912e-03	1.765912e-03
9.000000e-02	1.000000e-01	8.230015e-01	1.674093e-03	1.674093e-03
1.000000e-01	1.100000e-01	8.384085e-01	1.585152e-03	1.585152e-03
1.100000e-01	1.200000e-01	8.516116e-01	1.503442e-03	1.503442e-03
1.200000e-01	1.300000e-01	8.637450e-01	1.424888e-03	1.424888e-03
1.300000e-01	1.400000e-01	8.744190e-01	1.346923e-03	1.346923e-03
1.400000e-01	1.500000e-01	8.839172e-01	1.275771e-03	1.275771e-03
1.500000e-01	1.600000e-01	8.921798e-01	1.207311e-03	1.207311e-03
1.600000e-01	1.700000e-01	8.998637e-01	1.143349e-03	1.143349e-03
1.700000e-01	1.800000e-01	9.069408e-01	1.079133e-03	1.079133e-03
1.800000e-01	1.900000e-01	9.136172e-01	1.015282e-03	1.015282e-03
1.900000e-01	2.000000e-01	9.195024e-01	9.579685e-04	9.579685e-04
2.000000e-01	2.100000e-01	9.248737e-01	9.069554e-04	9.069554e-04
2.100000e-01	2.200000e-01	9.299387e-01	8.559594e-04	8.559594e-04
2.200000e-01	2.300000e-01	9.345391e-01	8.089529e-04	8.089529e-04
2.300000e-01	2.400000e-01	9.393174e-01	7.570003e-04	7.570003e-04
2.400000e-01	2.500000e-01	9.430622e-01	7.177612e-04	7.177612e-04
2.500000e-01	2.600000e-01	9.466835e-01	6.779678e-04	6.779678e-04
2.600000e-01	2.700000e-01	9.500459e-01	6.390011e-04	6.390011e-04
2.700000e-01	2.800000e-01	9.532288e-01	6.006856e-04	6.006856e-04
2.800000e-01	2.900000e-01	9.561075e-01	5.679599e-04	5.679599e-04
2.900000e-01	3.000000e-01	9.589026e-01	5.324341e-04	5.324341e-04
3.000000e-01	3.100000e-01	9.612801e-01	5.042896e-04	5.042896e-04
3.100000e-01	3.200000e-01	9.636319e-01	4.736927e-04	4.736927e-04
3.200000e-01	3.300000e-01	9.658750e-01	4.453126e-04	4.453126e-04
3.300000e-01	3.400000e-01	9.679941e-01	4.195760e-04	4.195760e-04
3.400000e-01	3.500000e-01	9.701996e-01	3.953655e-04	3.953655e-04
3.500000e-01	3.600000e-01	9.721014e-01	3.728921e-04	3.728921e-04
3.600000e-01	3.700000e-01	9.741376e-01	3.472341e-04	3.472341e-04
3.700000e-01	3.800000e-01	9.759160e-01	3.275109e-04	3.275109e-04
3.800000e-01	3.900000e-01	9.776344e-01	3.071698e-04	3.071698e-04
3.900000e-01	4.000000e-01	9.792436e-01	2.898692e-04	2.898692e-04
4.000000e-01	4.100000e-01	9.808593e-01	2.706517e-04	2.706517e-04
4.100000e-01	4.200000e-01	9.823030e-01	2.550173e-04	2.550173e-04
4.200000e-01	4.300000e-01	9.836621e-01	2.386680e-04	2.386680e-04
4.300000e-01	4.400000e-01	9.849567e-01	2.218595e-04	2.218595e-04
4.400000e-01	4.500000e-01	9.861127e-01	2.081292e-04	2.081292e-04
4.500000e-01	4.600000e-01	9.872217e-01	1.944715e-04	1.944715e-04
4.600000e-01	4.700000e-01	9.882821e-01	1.804869e-04	1.804869e-04
4.700000e-01	4.800000e-01	9.893130e-01	1.663758e-04	1.663758e-04
4.800000e-01	4.900000e-01	9.902418e-01	1.544541e-04	1.544541e-04
4.900000e-01	5.000000e-01	9.911471e-01	1.433374e-04	1.433374e-04
5.000000e-01	5.100000e-01	9.919531e-01	1.334271e-04	1.334271e-04
5.100000e-01	5.200000e-01	9.927115e-01	1.229607e-04	1.229607e-04
5.200000e-01	5.300000e-01	9.934290e-01	1.119840e-04	1.119840e-04
5.300000e-01	5.400000e-01	9.940542e-01	1.038140e-04	1.038140e-04
5.400000e-01	5.500000e-01	9.946560e-01	9.504689e-05	9.504689e-05
5.500000e-01	5.600000e-01	9.952479e-01	8.615797e-05	8.615797e-05
5.600000e-01	5.700000e-01	9.958157e-01	7.777290e-05	7.777290e-05
5.700000e-01	5.800000e-01	9.963569e-01	6.919813e-05	6.919813e-05
5.800000e-01	5.900000e-01	9.968576e-01	6.137046e-05	6.137046e-05
5.900000e-01	6.000000e-01	9.973151e-01	5.366377e-05	5.366377e-05
6.000000e-01	6.100000e-01	9.977487e-01	4.601881e-05	4.601881e-05
6.100000e-01	6.200000e-01	9.981113e-01	3.978204e-05	3.978204e-05
6.200000e-01	6.300000e-01	9.984700e-01	3.383386e-05	3.383386e-05
6.300000e-01	6.400000e-01	9.987709e-01	2.859783e-05	2.859783e-05
6.400000e-01	6.500000e-01	9.990510e-01	2.317073e-05	2.317073e-05
6.500000e-01	6.600000e-01	9.993125e-01	1.933534e-05	1.933534e-05
6.600000e-01	6.700000e-01	9.995593e-01	1.372197e-05	1.372197e-05
6.700000e-01	6.800000e-01	9.997603e-01	1.021149e-05	1.021149e-05
6.800000e-01	6.900000e-01	9.999121e-01	5.926916e-06	5.926916e-06
6.900000e-01	7.000000e-01	9.999722e-01	4.202883e-06	4.202883e-06
7.000000e-01	7.100000e-01	9.999765e-01	1.336395e-07	1.336395e-07
7.100000e-01	7.200000e-01	9.999809e-01	4.204464e-06	4.204464e-06
7.200000e-01	7.300000e-01	9.999820e-01	4.204620e-06	4.204620e-06
7.300000e-01	7.400000e-01	9.999831e-01	4.204767e-06	4.204767e-06
7.400000e-01	7.500000e-01	9.999863e-01	4.205153e-06	4.205153e-06
7.500000e-01	7.600000e-01	9.999885e-01	4.205364e-06	4.205364e-06
7.600000e-01	7.700000e-01	9.999907e-01	4.206203e-06	4.206203e-06
7.700000e-01	7.800000e-01	9.999924e-01	4.206096e-06	4.206096e-06
7.800000e-01	7.900000e-01	9.999945e-01	3.107888e-08	3.107888e-08
7.900000e-01	8.000000e-01	9.999945e-01	4.205756e-06	4.205756e-06
8.000000e-01	8.100000e-01	9.999956e-01	4.205944e-06	4.205944e-06
8.100000e-01	8.200000e-01	9.999967e-01	1.864728e-08	1.864728e-08
8.200000e-01	8.300000e-01	9.999973e-01	1.553948e-08	1.553948e-08
8.300000e-01	8.400000e-01	9.999978e-01	4.205852e-06	4.205852e-06
8.400000e-01	8.500000e-01	9.999978e-01	4.205852e-06	4.205852e-06
8.500000e-01	8.600000e-01	9.999984e-01	4.205860e-06	4.205860e-06
8.600000e-01	8.700000e-01	9.999989e-01	6.215376e-09	6.215376e-09
8.700000e-01	8.800000e-01	9.999989e-01	6.215376e-09	6.215376e-09
8.800000e-01	8.900000e-01	9.999995e-01	4.205872e-06	4.205872e-06
8.900000e-01	9.000000e-01	1.000000e+00	4.205871e-06	4.205871e-06
9.000000e-01	9.100000e-01	1.000000e+00	4.205871e-06	4.205871e-06
9.100000e-01	9.200000e-01	1.000000e+00	4.205871e-06	4.205871e-06
9.200000e-01	9.300000e-01	1.000000e+00	4.205871e-06	4.205871e-06
9.300000e-01	9.400000e-01	1.000000e+00	0.000000e+00	0.000000e+00
9.400000e-01	9.500000e-01	1.000000e+00	0.000000e+00	0.000000e+00
9.500000e-01	9.600000e-01	1.000000e+00	0.000000e+00	0.000000e+00
9.600000e-01	9.700000e-01	1.000000e+00	0.000000e+00	0.000000e+00
9.700000e-01	9.800000e-01	1.000000e+00	0.000000e+00	0.000000e+00
9.800000e-01	9.900000e-01	1.000000e+00	0.000000e+00	0.000000e+00
9.900000e-01	1.000000e+00	1.000000e+00	0.000000e+00	0.000000e+00
1.000000e+00	1.010000e+00	1.000000e+00	0.000000e+00	0.000000e+00
1.010000e+00	1.020000e+00	1.000000e+00	0.000000e+00	0.000000e+00
1.020000e+00	1.030000e+00	1.000000e+00	0.000000e+00	0.000000e+00
1.030000e+00	1.040000e+00	1.000000e+00	0.000000e+00	0.000000e+00
1.040000e+00	1.050000e+00	1.000000e+00	0.000000e+00	0.000000e+00
1.050000e+00	1.060000e+00	1.000000e+00	0.000000e+00	0.000000e+00
1.060000e+00	1.070000e+00	1.000000e+00	0.000000e+00	0.000000e+00
1.070000e+00	1.080000e+00	1.000000e+00	0.000000e+00	0.000000e+00
1.080000e+00	1.090000e+00	1.000000e+00	0.000000e+00	0.000000e+00
1.090000e+00	1.100000e+00	1.000000e+00	0.000000e+00	0.000000e+00
1.100000e+00	1.110000e+00	1.000000e+00	0.000000e+00	0.000000e+00
1.110000e+00	1.120000e+00	1.000000e+00	0.000000e+00	0.000000e+00
1.120000e+00	1.130000e+00	1.000000e+00	0.000000e+00	0.000000e+00
1.130000e+00	1.140000e+00	1.000000e+00	0.000000e+00	0.000000e+00
1.140000e+00	1.150000e+00	1.000000e+00	0.000000e+00	0.000000e+00
1.150000e+00	1.160000e+00	1.000000e+00	0.000000e+00	0.000000e+00
1.160000e+00	1.170000e+00	1.000000e+00	0.000000e+00	0.000000e+00
1.170000e+00	1.180000e+00	1.000000e+00	0.000000e+00	0.000000e+00
1.180000e+00	1.190000e+00	1.000000e+00	0.000000e+00	0.000000e+00
1.190000e+00	1.200000e+00	1.000000e+00	0.000000e+00	0.000000e+00
1.200000e+00	1.210000e+00	1.000000e+00	0.000000e+00	0.000000e+00
1.210000e+00	1.220000e+00	1.000000e+00	0.000000e+00	0.000000e+00
1.220000e+00	1.230000e+00	1.000000e+00	0.000000e+00	0.000000e+00
1.230000e+00	1.240000e+00	1.000000e+00	0.000000e+00	0.000000e+00
1.240000e+00	1.250000e+00	1.000000e+00	0.000000e+00	0.000000e+00
1.250000e+00	1.260000e+00	1.000000e+00	0.000000e+00	0.000000e+00
1.260000e+00	1.270000e+00	1.000000e+00	0.000000e+00	0.000000e+00
1.270000e+00	1.280000e+00	1.000000e+00	0.000000e+00	0.000000e+00
1.280000e+00	1.290000e+00	1.000000e+00	0.000000e+00	0.000000e+00
1.290000e+00	1.300000e+00	1.000000e+00	0.000000e+00	0.000000e+00
1.300000e+00	1.310000e+00	1.000000e+00	0.000000e+00	0.000000e+00
1.310000e+00	1.320000e+00	1.000000e+00	0.000000e+00	0.000000e+00
1.320000e+00	1.330000e+00	1.000000e+00	0.000000e+00	0.000000e+00
1.330000e+00	1.340000e+00	1.000000e+00	0.000000e+00	0.000000e+00
1.340000e+00	1.350000e+00	1.000000e+00	0.000000e+00	0.000000e+00
1.350000e+00	1.360000e+00	1.000000e+00	0.000000e+00	0.000000e+00
1.360000e+00	1.370000e+00	1.000000e+00	0.000000e+00	0.000000e+00
1.370000e+00	1.380000e+00	1.000000e+00	0.000000e+00	0.000000e+00
1.380000e+00	1.390000e+00	1.000000e+00	0.000000e+00	0.000000e+00
1.390000e+00	1.400000e+00	1.000000e+00	0.000000e+00	0.000000e+00
1.400000e+00	1.410000e+00	1.000000e+00	0.000000e+00	0.000000e+00
1.410000e+00	1.420000e+00	1.000000e+00	0.000000e+00	0.000000e+00
1.420000e+00	1.430000e+00	1.000000e+00	0.000000e+00	0.000000e+00
1.430000e+00	1.440000e+00	1.000000e+00	0.000000e+00	0.000000e+00
1.440000e+00	1.450000e+00	1.000000e+00	0.000000e+00	0.000000e+00
1.450000e+00	1.460000e+00	1.000000e+00	0.000000e+00	0.000000e+00
1.460000e+00	1.470000e+00	1.000000e+00	0.000000e+00	0.000000e+00
1.470000e+00	1.480000e+00	1.000000e+00	0.000000e+00	0.000000e+00
1.480000e+00	1.490000e+00	1.000000e+00	0.000000e+00	0.000000e+00
1.490000e+00	1.500000e+00	1.000000e+00	0.000000e+00	0.000000e+00
# END HISTO1D

# BEGIN HISTO1D //nfs/farm/g/theory/qcdsim/shoeche/runs/lhjets/zj/nlo/cs/run.yoda/LH2017_ZHSHAPES/psi_0.7_1600
ErrorBars=0
LineColor={[HTML]{2da334}}
LineStyle=solid
Path=//nfs/farm/g/theory/qcdsim/shoeche/runs/lhjets/zj/nlo/cs/run.yoda/LH2017_ZHSHAPES/psi_0.7_1600
Title=NLO
XLabel=
YLabel=
# xlow	 xhigh	 val	 errminus	 errplus
0.000000e+00	1.000000e-02	9.320204e-01	5.696843e-02	5.696843e-02
1.000000e-02	2.000000e-02	9.530064e-01	4.696910e-02	4.696910e-02
2.000000e-02	3.000000e-02	9.635761e-01	4.108336e-02	4.108336e-02
3.000000e-02	4.000000e-02	9.699783e-01	3.689480e-02	3.689480e-02
4.000000e-02	5.000000e-02	9.745131e-01	3.360834e-02	3.360834e-02
5.000000e-02	6.000000e-02	9.777970e-01	3.087730e-02	3.087730e-02
6.000000e-02	7.000000e-02	9.803704e-01	2.861054e-02	2.861054e-02
7.000000e-02	8.000000e-02	9.825228e-01	2.661661e-02	2.661661e-02
8.000000e-02	9.000000e-02	9.843232e-01	2.483004e-02	2.483004e-02
9.000000e-02	1.000000e-01	9.858234e-01	2.321544e-02	2.321544e-02
1.000000e-01	1.100000e-01	9.871029e-01	2.178290e-02	2.178290e-02
1.100000e-01	1.200000e-01	9.882061e-01	2.045110e-02	2.045110e-02
1.200000e-01	1.300000e-01	9.891769e-01	1.925699e-02	1.925699e-02
1.300000e-01	1.400000e-01	9.900344e-01	1.813073e-02	1.813073e-02
1.400000e-01	1.500000e-01	9.908235e-01	1.705248e-02	1.705248e-02
1.500000e-01	1.600000e-01	9.915513e-01	1.604581e-02	1.604581e-02
1.600000e-01	1.700000e-01	9.921630e-01	1.512553e-02	1.512553e-02
1.700000e-01	1.800000e-01	9.927318e-01	1.422204e-02	1.422204e-02
1.800000e-01	1.900000e-01	9.932444e-01	1.338810e-02	1.338810e-02
1.900000e-01	2.000000e-01	9.937303e-01	1.258519e-02	1.258519e-02
2.000000e-01	2.100000e-01	9.941744e-01	1.183075e-02	1.183075e-02
2.100000e-01	2.200000e-01	9.945805e-01	1.110404e-02	1.110404e-02
2.200000e-01	2.300000e-01	9.949371e-01	1.044291e-02	1.044291e-02
2.300000e-01	2.400000e-01	9.952724e-01	9.804715e-03	9.804715e-03
2.400000e-01	2.500000e-01	9.955897e-01	9.181436e-03	9.181436e-03
2.500000e-01	2.600000e-01	9.958804e-01	8.613491e-03	8.613491e-03
2.600000e-01	2.700000e-01	9.961577e-01	8.049686e-03	8.049686e-03
2.700000e-01	2.800000e-01	9.964199e-01	7.508856e-03	7.508856e-03
2.800000e-01	2.900000e-01	9.966616e-01	6.999702e-03	6.999702e-03
2.900000e-01	3.000000e-01	9.968887e-01	6.537235e-03	6.537235e-03
3.000000e-01	3.100000e-01	9.971057e-01	6.080544e-03	6.080544e-03
3.100000e-01	3.200000e-01	9.973091e-01	5.667417e-03	5.667417e-03
3.200000e-01	3.300000e-01	9.974881e-01	5.311434e-03	5.311434e-03
3.300000e-01	3.400000e-01	9.976692e-01	4.971055e-03	4.971055e-03
3.400000e-01	3.500000e-01	9.978326e-01	4.696260e-03	4.696260e-03
3.500000e-01	3.600000e-01	9.979877e-01	4.447036e-03	4.447036e-03
3.600000e-01	3.700000e-01	9.981377e-01	4.204212e-03	4.204212e-03
3.700000e-01	3.800000e-01	9.982756e-01	3.974846e-03	3.974846e-03
3.800000e-01	3.900000e-01	9.984069e-01	3.748872e-03	3.748872e-03
3.900000e-01	4.000000e-01	9.985359e-01	3.525724e-03	3.525724e-03
4.000000e-01	4.100000e-01	9.986499e-01	3.320141e-03	3.320141e-03
4.100000e-01	4.200000e-01	9.987597e-01	3.126743e-03	3.126743e-03
4.200000e-01	4.300000e-01	9.988590e-01	2.938070e-03	2.938070e-03
4.300000e-01	4.400000e-01	9.989487e-01	2.767301e-03	2.767301e-03
4.400000e-01	4.500000e-01	9.990405e-01	2.585145e-03	2.585145e-03
4.500000e-01	4.600000e-01	9.991298e-01	2.408831e-03	2.408831e-03
4.600000e-01	4.700000e-01	9.992087e-01	2.248130e-03	2.248130e-03
4.700000e-01	4.800000e-01	9.992851e-01	2.081707e-03	2.081707e-03
4.800000e-01	4.900000e-01	9.993560e-01	1.925496e-03	1.925496e-03
4.900000e-01	5.000000e-01	9.994222e-01	1.779551e-03	1.779551e-03
5.000000e-01	5.100000e-01	9.994835e-01	1.634968e-03	1.634968e-03
5.100000e-01	5.200000e-01	9.995387e-01	1.501743e-03	1.501743e-03
5.200000e-01	5.300000e-01	9.995897e-01	1.376304e-03	1.376304e-03
5.300000e-01	5.400000e-01	9.996392e-01	1.257247e-03	1.257247e-03
5.400000e-01	5.500000e-01	9.996868e-01	1.129758e-03	1.129758e-03
5.500000e-01	5.600000e-01	9.997272e-01	1.023764e-03	1.023764e-03
5.600000e-01	5.700000e-01	9.997651e-01	9.053093e-04	9.053093e-04
5.700000e-01	5.800000e-01	9.998031e-01	8.051805e-04	8.051805e-04
5.800000e-01	5.900000e-01	9.998342e-01	6.973712e-04	6.973712e-04
5.900000e-01	6.000000e-01	9.998632e-01	6.099384e-04	6.099384e-04
6.000000e-01	6.100000e-01	9.998909e-01	5.168954e-04	5.168954e-04
6.100000e-01	6.200000e-01	9.999140e-01	4.258398e-04	4.258398e-04
6.200000e-01	6.300000e-01	9.999348e-01	3.523054e-04	3.523054e-04
6.300000e-01	6.400000e-01	9.999524e-01	2.585243e-04	2.585243e-04
6.400000e-01	6.500000e-01	9.999658e-01	2.185499e-04	2.185499e-04
6.500000e-01	6.600000e-01	9.999784e-01	1.693273e-04	1.693273e-04
6.600000e-01	6.700000e-01	9.999875e-01	2.954547e-06	2.954547e-06
6.700000e-01	6.800000e-01	9.999938e-01	9.781633e-05	9.781633e-05
6.800000e-01	6.900000e-01	9.999983e-01	9.780464e-05	9.780464e-05
6.900000e-01	7.000000e-01	1.000000e+00	0.000000e+00	0.000000e+00
7.000000e-01	7.100000e-01	1.000000e+00	0.000000e+00	0.000000e+00
7.100000e-01	7.200000e-01	1.000000e+00	0.000000e+00	0.000000e+00
7.200000e-01	7.300000e-01	1.000000e+00	0.000000e+00	0.000000e+00
7.300000e-01	7.400000e-01	1.000000e+00	0.000000e+00	0.000000e+00
7.400000e-01	7.500000e-01	1.000000e+00	0.000000e+00	0.000000e+00
7.500000e-01	7.600000e-01	1.000000e+00	0.000000e+00	0.000000e+00
7.600000e-01	7.700000e-01	1.000000e+00	0.000000e+00	0.000000e+00
7.700000e-01	7.800000e-01	1.000000e+00	0.000000e+00	0.000000e+00
7.800000e-01	7.900000e-01	1.000000e+00	0.000000e+00	0.000000e+00
7.900000e-01	8.000000e-01	1.000000e+00	0.000000e+00	0.000000e+00
8.000000e-01	8.100000e-01	1.000000e+00	0.000000e+00	0.000000e+00
8.100000e-01	8.200000e-01	1.000000e+00	0.000000e+00	0.000000e+00
8.200000e-01	8.300000e-01	1.000000e+00	0.000000e+00	0.000000e+00
8.300000e-01	8.400000e-01	1.000000e+00	0.000000e+00	0.000000e+00
8.400000e-01	8.500000e-01	1.000000e+00	0.000000e+00	0.000000e+00
8.500000e-01	8.600000e-01	1.000000e+00	0.000000e+00	0.000000e+00
8.600000e-01	8.700000e-01	1.000000e+00	0.000000e+00	0.000000e+00
8.700000e-01	8.800000e-01	1.000000e+00	0.000000e+00	0.000000e+00
8.800000e-01	8.900000e-01	1.000000e+00	0.000000e+00	0.000000e+00
8.900000e-01	9.000000e-01	1.000000e+00	0.000000e+00	0.000000e+00
9.000000e-01	9.100000e-01	1.000000e+00	0.000000e+00	0.000000e+00
9.100000e-01	9.200000e-01	1.000000e+00	0.000000e+00	0.000000e+00
9.200000e-01	9.300000e-01	1.000000e+00	0.000000e+00	0.000000e+00
9.300000e-01	9.400000e-01	1.000000e+00	0.000000e+00	0.000000e+00
9.400000e-01	9.500000e-01	1.000000e+00	0.000000e+00	0.000000e+00
9.500000e-01	9.600000e-01	1.000000e+00	0.000000e+00	0.000000e+00
9.600000e-01	9.700000e-01	1.000000e+00	0.000000e+00	0.000000e+00
9.700000e-01	9.800000e-01	1.000000e+00	0.000000e+00	0.000000e+00
9.800000e-01	9.900000e-01	1.000000e+00	0.000000e+00	0.000000e+00
9.900000e-01	1.000000e+00	1.000000e+00	0.000000e+00	0.000000e+00
1.000000e+00	1.010000e+00	1.000000e+00	0.000000e+00	0.000000e+00
1.010000e+00	1.020000e+00	1.000000e+00	0.000000e+00	0.000000e+00
1.020000e+00	1.030000e+00	1.000000e+00	0.000000e+00	0.000000e+00
1.030000e+00	1.040000e+00	1.000000e+00	0.000000e+00	0.000000e+00
1.040000e+00	1.050000e+00	1.000000e+00	0.000000e+00	0.000000e+00
1.050000e+00	1.060000e+00	1.000000e+00	0.000000e+00	0.000000e+00
1.060000e+00	1.070000e+00	1.000000e+00	0.000000e+00	0.000000e+00
1.070000e+00	1.080000e+00	1.000000e+00	0.000000e+00	0.000000e+00
1.080000e+00	1.090000e+00	1.000000e+00	0.000000e+00	0.000000e+00
1.090000e+00	1.100000e+00	1.000000e+00	0.000000e+00	0.000000e+00
1.100000e+00	1.110000e+00	1.000000e+00	0.000000e+00	0.000000e+00
1.110000e+00	1.120000e+00	1.000000e+00	0.000000e+00	0.000000e+00
1.120000e+00	1.130000e+00	1.000000e+00	0.000000e+00	0.000000e+00
1.130000e+00	1.140000e+00	1.000000e+00	0.000000e+00	0.000000e+00
1.140000e+00	1.150000e+00	1.000000e+00	0.000000e+00	0.000000e+00
1.150000e+00	1.160000e+00	1.000000e+00	0.000000e+00	0.000000e+00
1.160000e+00	1.170000e+00	1.000000e+00	0.000000e+00	0.000000e+00
1.170000e+00	1.180000e+00	1.000000e+00	0.000000e+00	0.000000e+00
1.180000e+00	1.190000e+00	1.000000e+00	0.000000e+00	0.000000e+00
1.190000e+00	1.200000e+00	1.000000e+00	0.000000e+00	0.000000e+00
1.200000e+00	1.210000e+00	1.000000e+00	0.000000e+00	0.000000e+00
1.210000e+00	1.220000e+00	1.000000e+00	0.000000e+00	0.000000e+00
1.220000e+00	1.230000e+00	1.000000e+00	0.000000e+00	0.000000e+00
1.230000e+00	1.240000e+00	1.000000e+00	0.000000e+00	0.000000e+00
1.240000e+00	1.250000e+00	1.000000e+00	0.000000e+00	0.000000e+00
1.250000e+00	1.260000e+00	1.000000e+00	0.000000e+00	0.000000e+00
1.260000e+00	1.270000e+00	1.000000e+00	0.000000e+00	0.000000e+00
1.270000e+00	1.280000e+00	1.000000e+00	0.000000e+00	0.000000e+00
1.280000e+00	1.290000e+00	1.000000e+00	0.000000e+00	0.000000e+00
1.290000e+00	1.300000e+00	1.000000e+00	0.000000e+00	0.000000e+00
1.300000e+00	1.310000e+00	1.000000e+00	0.000000e+00	0.000000e+00
1.310000e+00	1.320000e+00	1.000000e+00	0.000000e+00	0.000000e+00
1.320000e+00	1.330000e+00	1.000000e+00	0.000000e+00	0.000000e+00
1.330000e+00	1.340000e+00	1.000000e+00	0.000000e+00	0.000000e+00
1.340000e+00	1.350000e+00	1.000000e+00	0.000000e+00	0.000000e+00
1.350000e+00	1.360000e+00	1.000000e+00	0.000000e+00	0.000000e+00
1.360000e+00	1.370000e+00	1.000000e+00	0.000000e+00	0.000000e+00
1.370000e+00	1.380000e+00	1.000000e+00	0.000000e+00	0.000000e+00
1.380000e+00	1.390000e+00	1.000000e+00	0.000000e+00	0.000000e+00
1.390000e+00	1.400000e+00	1.000000e+00	0.000000e+00	0.000000e+00
1.400000e+00	1.410000e+00	1.000000e+00	0.000000e+00	0.000000e+00
1.410000e+00	1.420000e+00	1.000000e+00	0.000000e+00	0.000000e+00
1.420000e+00	1.430000e+00	1.000000e+00	0.000000e+00	0.000000e+00
1.430000e+00	1.440000e+00	1.000000e+00	0.000000e+00	0.000000e+00
1.440000e+00	1.450000e+00	1.000000e+00	0.000000e+00	0.000000e+00
1.450000e+00	1.460000e+00	1.000000e+00	0.000000e+00	0.000000e+00
1.460000e+00	1.470000e+00	1.000000e+00	0.000000e+00	0.000000e+00
1.470000e+00	1.480000e+00	1.000000e+00	0.000000e+00	0.000000e+00
1.480000e+00	1.490000e+00	1.000000e+00	0.000000e+00	0.000000e+00
1.490000e+00	1.500000e+00	1.000000e+00	0.000000e+00	0.000000e+00
# END HISTO1D

