# BEGIN PLOT
XTwosidedTicks=1
DrawOnly=//nfs/farm/g/theory/qcdsim/shoeche/runs/lhjets/zj/mcnlo/css/run.yoda/LH2017_ZHSHAPES/psi_0.9_1600 //nfs/farm/g/theory/qcdsim/shoeche/runs/lhjets/zj/mcnlo/css-1em/run.yoda/LH2017_ZHSHAPES/psi_0.9_1600 //nfs/farm/g/theory/qcdsim/shoeche/runs/lhjets/zj/nlo/cs/run.yoda/LH2017_ZHSHAPES/psi_0.9_1600
RatioPlotReference=//nfs/farm/g/theory/qcdsim/shoeche/runs/lhjets/zj/nlo/cs/run.yoda/LH2017_ZHSHAPES/psi_0.9_1600
XTwosidedTicks=1
YTwosidedTicks=1
TopMargin=0.0
RatioPlot=1
MainPlot=0
RatioPlotYSize=2.5
XMax=0.9
DrawSpecialInRatio=1
LegendXPos=0.35
LegendYPos=0.8
LogY=1
RatioPlotYLabel=
LegendOnly=//nfs/farm/g/theory/qcdsim/shoeche/runs/lhjets/zj/mcnlo/css/run.yoda/LH2017_ZHSHAPES/psi_0.9_1600 //nfs/farm/g/theory/qcdsim/shoeche/runs/lhjets/zj/mcnlo/css-1em/run.yoda/LH2017_ZHSHAPES/psi_0.9_1600 //nfs/farm/g/theory/qcdsim/shoeche/runs/lhjets/zj/mcnlo/herwig.yoda/LH2017_ZHSHAPES/psi_0.9_1600 //nfs/farm/g/theory/qcdsim/shoeche/runs/lhjets/zj/nlo/cs/run.yoda/LH2017_ZHSHAPES/psi_0.9_1600
RatioPlotSameStyle=1
YTwosidedTicks=1
Legend=0
# END PLOT
# BEGIN SPECIAL text
\rput[br](0.95,0.2){$k_T>1600GeV$}
# END SPECIAL

# BEGIN HISTO1D //nfs/farm/g/theory/qcdsim/shoeche/runs/lhjets/zj/mcnlo/css/run.yoda/LH2017_ZHSHAPES/psi_0.9_1600
ErrorBars=1
LineColor=red
LineStyle=solid
Path=//nfs/farm/g/theory/qcdsim/shoeche/runs/lhjets/zj/mcnlo/css/run.yoda/LH2017_ZHSHAPES/psi_0.9_1600
Title=MC@NLO
XLabel=
YLabel=
# xlow	 xhigh	 val	 errminus	 errplus
0.000000e+00	1.000000e-02	3.210863e-01	2.994613e-03	2.994613e-03
1.000000e-02	2.000000e-02	4.728463e-01	3.146599e-03	3.146599e-03
2.000000e-02	3.000000e-02	5.617924e-01	3.082366e-03	3.082366e-03
3.000000e-02	4.000000e-02	6.234849e-01	2.966538e-03	2.966538e-03
4.000000e-02	5.000000e-02	6.714550e-01	2.838237e-03	2.838237e-03
5.000000e-02	6.000000e-02	7.078501e-01	2.708296e-03	2.708296e-03
6.000000e-02	7.000000e-02	7.370988e-01	2.585303e-03	2.585303e-03
7.000000e-02	8.000000e-02	7.633724e-01	2.451535e-03	2.451535e-03
8.000000e-02	9.000000e-02	7.846065e-01	2.334800e-03	2.334800e-03
9.000000e-02	1.000000e-01	8.021873e-01	2.227405e-03	2.227405e-03
1.000000e-01	1.100000e-01	8.177114e-01	2.124081e-03	2.124081e-03
1.100000e-01	1.200000e-01	8.307975e-01	2.033814e-03	2.033814e-03
1.200000e-01	1.300000e-01	8.427520e-01	1.945396e-03	1.945396e-03
1.300000e-01	1.400000e-01	8.537518e-01	1.856342e-03	1.856342e-03
1.400000e-01	1.500000e-01	8.633372e-01	1.776081e-03	1.776081e-03
1.500000e-01	1.600000e-01	8.717978e-01	1.698828e-03	1.698828e-03
1.600000e-01	1.700000e-01	8.796432e-01	1.625963e-03	1.625963e-03
1.700000e-01	1.800000e-01	8.870094e-01	1.550973e-03	1.550973e-03
1.800000e-01	1.900000e-01	8.933814e-01	1.488559e-03	1.488559e-03
1.900000e-01	2.000000e-01	8.993992e-01	1.425016e-03	1.425016e-03
2.000000e-01	2.100000e-01	9.051355e-01	1.359697e-03	1.359697e-03
2.100000e-01	2.200000e-01	9.102980e-01	1.297222e-03	1.297222e-03
2.200000e-01	2.300000e-01	9.150482e-01	1.238673e-03	1.238673e-03
2.300000e-01	2.400000e-01	9.196263e-01	1.179505e-03	1.179505e-03
2.400000e-01	2.500000e-01	9.237089e-01	1.127962e-03	1.127962e-03
2.500000e-01	2.600000e-01	9.275589e-01	1.077528e-03	1.077528e-03
2.600000e-01	2.700000e-01	9.310989e-01	1.030949e-03	1.030949e-03
2.700000e-01	2.800000e-01	9.346393e-01	9.824119e-04	9.824119e-04
2.800000e-01	2.900000e-01	9.379749e-01	9.351487e-04	9.351487e-04
2.900000e-01	3.000000e-01	9.407809e-01	8.981499e-04	8.981499e-04
3.000000e-01	3.100000e-01	9.435853e-01	8.557465e-04	8.557465e-04
3.100000e-01	3.200000e-01	9.461023e-01	8.194046e-04	8.194046e-04
3.200000e-01	3.300000e-01	9.489441e-01	7.710236e-04	7.710236e-04
3.300000e-01	3.400000e-01	9.512445e-01	7.351077e-04	7.351077e-04
3.400000e-01	3.500000e-01	9.535150e-01	7.020524e-04	7.020524e-04
3.500000e-01	3.600000e-01	9.556076e-01	6.647261e-04	6.647261e-04
3.600000e-01	3.700000e-01	9.576461e-01	6.346978e-04	6.346978e-04
3.700000e-01	3.800000e-01	9.597470e-01	6.005505e-04	6.005505e-04
3.800000e-01	3.900000e-01	9.615341e-01	5.742765e-04	5.742765e-04
3.900000e-01	4.000000e-01	9.632075e-01	5.494304e-04	5.494304e-04
4.000000e-01	4.100000e-01	9.648998e-01	5.250271e-04	5.250271e-04
4.100000e-01	4.200000e-01	9.664981e-01	5.031767e-04	5.031767e-04
4.200000e-01	4.300000e-01	9.680594e-01	4.803563e-04	4.803563e-04
4.300000e-01	4.400000e-01	9.694948e-01	4.607150e-04	4.607150e-04
4.400000e-01	4.500000e-01	9.710045e-01	4.402978e-04	4.402978e-04
4.500000e-01	4.600000e-01	9.723996e-01	4.221138e-04	4.221138e-04
4.600000e-01	4.700000e-01	9.737582e-01	4.047531e-04	4.047531e-04
4.700000e-01	4.800000e-01	9.750854e-01	3.869361e-04	3.869361e-04
4.800000e-01	4.900000e-01	9.761904e-01	3.728179e-04	3.728179e-04
4.900000e-01	5.000000e-01	9.772957e-01	3.587875e-04	3.587875e-04
5.000000e-01	5.100000e-01	9.784854e-01	3.442730e-04	3.442730e-04
5.100000e-01	5.200000e-01	9.795110e-01	3.300811e-04	3.300811e-04
5.200000e-01	5.300000e-01	9.806528e-01	3.156522e-04	3.156522e-04
5.300000e-01	5.400000e-01	9.816208e-01	3.033547e-04	3.033547e-04
5.400000e-01	5.500000e-01	9.825621e-01	2.913115e-04	2.913115e-04
5.500000e-01	5.600000e-01	9.834952e-01	2.773327e-04	2.773327e-04
5.600000e-01	5.700000e-01	9.843892e-01	2.642635e-04	2.642635e-04
5.700000e-01	5.800000e-01	9.852940e-01	2.531813e-04	2.531813e-04
5.800000e-01	5.900000e-01	9.862054e-01	2.387016e-04	2.387016e-04
5.900000e-01	6.000000e-01	9.869192e-01	2.292370e-04	2.292370e-04
6.000000e-01	6.100000e-01	9.876409e-01	2.188973e-04	2.188973e-04
6.100000e-01	6.200000e-01	9.884395e-01	2.066142e-04	2.066142e-04
6.200000e-01	6.300000e-01	9.891345e-01	1.967097e-04	1.967097e-04
6.300000e-01	6.400000e-01	9.898544e-01	1.872378e-04	1.872378e-04
6.400000e-01	6.500000e-01	9.905544e-01	1.757374e-04	1.757374e-04
6.500000e-01	6.600000e-01	9.911905e-01	1.662487e-04	1.662487e-04
6.600000e-01	6.700000e-01	9.918307e-01	1.540578e-04	1.540578e-04
6.700000e-01	6.800000e-01	9.924179e-01	1.446462e-04	1.446462e-04
6.800000e-01	6.900000e-01	9.929898e-01	1.351884e-04	1.351884e-04
6.900000e-01	7.000000e-01	9.934752e-01	1.274990e-04	1.274990e-04
7.000000e-01	7.100000e-01	9.940166e-01	1.177498e-04	1.177498e-04
7.100000e-01	7.200000e-01	9.945152e-01	1.094590e-04	1.094590e-04
7.200000e-01	7.300000e-01	9.949587e-01	1.029810e-04	1.029810e-04
7.300000e-01	7.400000e-01	9.954209e-01	9.470330e-05	9.470330e-05
7.400000e-01	7.500000e-01	9.959202e-01	8.640756e-05	8.640756e-05
7.500000e-01	7.600000e-01	9.963199e-01	7.951486e-05	7.951486e-05
7.600000e-01	7.700000e-01	9.967043e-01	7.262654e-05	7.262654e-05
7.700000e-01	7.800000e-01	9.970705e-01	6.639808e-05	6.639808e-05
7.800000e-01	7.900000e-01	9.974087e-01	6.045116e-05	6.045116e-05
7.900000e-01	8.000000e-01	9.977839e-01	5.257888e-05	5.257888e-05
8.000000e-01	8.100000e-01	9.980876e-01	4.728814e-05	4.728814e-05
8.100000e-01	8.200000e-01	9.984138e-01	4.059156e-05	4.059156e-05
8.200000e-01	8.300000e-01	9.986809e-01	3.481384e-05	3.481384e-05
8.300000e-01	8.400000e-01	9.989584e-01	2.938790e-05	2.938790e-05
8.400000e-01	8.500000e-01	9.992175e-01	2.432516e-05	2.432516e-05
8.500000e-01	8.600000e-01	9.994463e-01	1.871622e-05	1.871622e-05
8.600000e-01	8.700000e-01	9.996405e-01	1.371226e-05	1.371226e-05
8.700000e-01	8.800000e-01	9.998060e-01	9.564397e-06	9.564397e-06
8.800000e-01	8.900000e-01	9.999298e-01	6.217379e-06	6.217379e-06
8.900000e-01	9.000000e-01	9.999750e-01	5.575960e-06	5.575960e-06
9.000000e-01	9.100000e-01	9.999775e-01	5.576490e-06	5.576490e-06
9.100000e-01	9.200000e-01	9.999799e-01	3.942197e-06	3.942197e-06
9.200000e-01	9.300000e-01	9.999816e-01	3.942616e-06	3.942616e-06
9.300000e-01	9.400000e-01	9.999848e-01	3.943313e-06	3.943313e-06
9.400000e-01	9.500000e-01	9.999861e-01	3.943543e-06	3.943543e-06
9.500000e-01	9.600000e-01	9.999876e-01	3.943802e-06	3.943802e-06
9.600000e-01	9.700000e-01	9.999890e-01	3.944010e-06	3.944010e-06
9.700000e-01	9.800000e-01	9.999921e-01	2.788819e-06	2.788819e-06
9.800000e-01	9.900000e-01	9.999927e-01	2.788904e-06	2.788904e-06
9.900000e-01	1.000000e+00	9.999940e-01	2.789710e-06	2.789710e-06
1.000000e+00	1.010000e+00	9.999950e-01	2.789602e-06	2.789602e-06
1.010000e+00	1.020000e+00	9.999955e-01	3.184443e-08	3.184443e-08
1.020000e+00	1.030000e+00	9.999963e-01	2.789257e-06	2.789257e-06
1.030000e+00	1.040000e+00	9.999963e-01	2.789257e-06	2.789257e-06
1.040000e+00	1.050000e+00	9.999966e-01	2.415764e-08	2.415764e-08
1.050000e+00	1.060000e+00	9.999967e-01	2.306004e-08	2.306004e-08
1.060000e+00	1.070000e+00	9.999971e-01	2.086358e-08	2.086358e-08
1.070000e+00	1.080000e+00	9.999974e-01	1.866730e-08	1.866730e-08
1.080000e+00	1.090000e+00	9.999975e-01	1.756957e-08	1.756957e-08
1.090000e+00	1.100000e+00	9.999977e-01	1.647128e-08	1.647128e-08
1.100000e+00	1.110000e+00	9.999994e-01	2.789378e-06	2.789378e-06
1.110000e+00	1.120000e+00	9.999995e-01	2.789383e-06	2.789383e-06
1.120000e+00	1.130000e+00	9.999995e-01	3.292513e-09	3.292513e-09
1.130000e+00	1.140000e+00	9.999997e-01	2.789382e-06	2.789382e-06
1.140000e+00	1.150000e+00	9.999997e-01	2.193891e-09	2.193891e-09
1.150000e+00	1.160000e+00	9.999997e-01	2.789380e-06	2.789380e-06
1.160000e+00	1.170000e+00	1.000000e+00	2.789381e-06	2.789381e-06
1.170000e+00	1.180000e+00	1.000000e+00	0.000000e+00	0.000000e+00
1.180000e+00	1.190000e+00	1.000000e+00	0.000000e+00	0.000000e+00
1.190000e+00	1.200000e+00	1.000000e+00	0.000000e+00	0.000000e+00
1.200000e+00	1.210000e+00	1.000000e+00	0.000000e+00	0.000000e+00
1.210000e+00	1.220000e+00	1.000000e+00	0.000000e+00	0.000000e+00
1.220000e+00	1.230000e+00	1.000000e+00	0.000000e+00	0.000000e+00
1.230000e+00	1.240000e+00	1.000000e+00	0.000000e+00	0.000000e+00
1.240000e+00	1.250000e+00	1.000000e+00	0.000000e+00	0.000000e+00
1.250000e+00	1.260000e+00	1.000000e+00	0.000000e+00	0.000000e+00
1.260000e+00	1.270000e+00	1.000000e+00	0.000000e+00	0.000000e+00
1.270000e+00	1.280000e+00	1.000000e+00	0.000000e+00	0.000000e+00
1.280000e+00	1.290000e+00	1.000000e+00	0.000000e+00	0.000000e+00
1.290000e+00	1.300000e+00	1.000000e+00	0.000000e+00	0.000000e+00
1.300000e+00	1.310000e+00	1.000000e+00	0.000000e+00	0.000000e+00
1.310000e+00	1.320000e+00	1.000000e+00	0.000000e+00	0.000000e+00
1.320000e+00	1.330000e+00	1.000000e+00	0.000000e+00	0.000000e+00
1.330000e+00	1.340000e+00	1.000000e+00	0.000000e+00	0.000000e+00
1.340000e+00	1.350000e+00	1.000000e+00	0.000000e+00	0.000000e+00
1.350000e+00	1.360000e+00	1.000000e+00	0.000000e+00	0.000000e+00
1.360000e+00	1.370000e+00	1.000000e+00	0.000000e+00	0.000000e+00
1.370000e+00	1.380000e+00	1.000000e+00	0.000000e+00	0.000000e+00
1.380000e+00	1.390000e+00	1.000000e+00	0.000000e+00	0.000000e+00
1.390000e+00	1.400000e+00	1.000000e+00	0.000000e+00	0.000000e+00
1.400000e+00	1.410000e+00	1.000000e+00	0.000000e+00	0.000000e+00
1.410000e+00	1.420000e+00	1.000000e+00	0.000000e+00	0.000000e+00
1.420000e+00	1.430000e+00	1.000000e+00	0.000000e+00	0.000000e+00
1.430000e+00	1.440000e+00	1.000000e+00	0.000000e+00	0.000000e+00
1.440000e+00	1.450000e+00	1.000000e+00	0.000000e+00	0.000000e+00
1.450000e+00	1.460000e+00	1.000000e+00	0.000000e+00	0.000000e+00
1.460000e+00	1.470000e+00	1.000000e+00	0.000000e+00	0.000000e+00
1.470000e+00	1.480000e+00	1.000000e+00	0.000000e+00	0.000000e+00
1.480000e+00	1.490000e+00	1.000000e+00	0.000000e+00	0.000000e+00
1.490000e+00	1.500000e+00	1.000000e+00	0.000000e+00	0.000000e+00
# END HISTO1D

# BEGIN HISTO1D //nfs/farm/g/theory/qcdsim/shoeche/runs/lhjets/zj/mcnlo/css-1em/run.yoda/LH2017_ZHSHAPES/psi_0.9_1600
ErrorBars=1
LineColor=blue
LineStyle=solid
Path=//nfs/farm/g/theory/qcdsim/shoeche/runs/lhjets/zj/mcnlo/css-1em/run.yoda/LH2017_ZHSHAPES/psi_0.9_1600
Title=MC@NLO~1em
XLabel=
YLabel=
# xlow	 xhigh	 val	 errminus	 errplus
0.000000e+00	1.000000e-02	9.594269e-01	3.076511e-03	3.076511e-03
1.000000e-02	2.000000e-02	9.630501e-01	2.933977e-03	2.933977e-03
2.000000e-02	3.000000e-02	9.662835e-01	2.793396e-03	2.793396e-03
3.000000e-02	4.000000e-02	9.692250e-01	2.654091e-03	2.654091e-03
4.000000e-02	5.000000e-02	9.719694e-01	2.519825e-03	2.519825e-03
5.000000e-02	6.000000e-02	9.737729e-01	2.424953e-03	2.424953e-03
6.000000e-02	7.000000e-02	9.759451e-01	2.305966e-03	2.305966e-03
7.000000e-02	8.000000e-02	9.775304e-01	2.213640e-03	2.213640e-03
8.000000e-02	9.000000e-02	9.793879e-01	2.098892e-03	2.098892e-03
9.000000e-02	1.000000e-01	9.814959e-01	1.960545e-03	1.960545e-03
1.000000e-01	1.100000e-01	9.827060e-01	1.882817e-03	1.882817e-03
1.100000e-01	1.200000e-01	9.840505e-01	1.783295e-03	1.783295e-03
1.200000e-01	1.300000e-01	9.852986e-01	1.691954e-03	1.691954e-03
1.300000e-01	1.400000e-01	9.863007e-01	1.610762e-03	1.610762e-03
1.400000e-01	1.500000e-01	9.872569e-01	1.532866e-03	1.532866e-03
1.500000e-01	1.600000e-01	9.880079e-01	1.469635e-03	1.469635e-03
1.600000e-01	1.700000e-01	9.887422e-01	1.403299e-03	1.403299e-03
1.700000e-01	1.800000e-01	9.894006e-01	1.343341e-03	1.343341e-03
1.800000e-01	1.900000e-01	9.899932e-01	1.288209e-03	1.288209e-03
1.900000e-01	2.000000e-01	9.906231e-01	1.220214e-03	1.220214e-03
2.000000e-01	2.100000e-01	9.912056e-01	1.163672e-03	1.163672e-03
2.100000e-01	2.200000e-01	9.916939e-01	1.111391e-03	1.111391e-03
2.200000e-01	2.300000e-01	9.920398e-01	1.076182e-03	1.076182e-03
2.300000e-01	2.400000e-01	9.925544e-01	1.017274e-03	1.017274e-03
2.400000e-01	2.500000e-01	9.929456e-01	9.756814e-04	9.756814e-04
2.500000e-01	2.600000e-01	9.933040e-01	9.355719e-04	9.355719e-04
2.600000e-01	2.700000e-01	9.939229e-01	8.428840e-04	8.428840e-04
2.700000e-01	2.800000e-01	9.943032e-01	7.946987e-04	7.946987e-04
2.800000e-01	2.900000e-01	9.946842e-01	7.419109e-04	7.419109e-04
2.900000e-01	3.000000e-01	9.949244e-01	7.120617e-04	7.120617e-04
3.000000e-01	3.100000e-01	9.951762e-01	6.842980e-04	6.842980e-04
3.100000e-01	3.200000e-01	9.954521e-01	6.516960e-04	6.516960e-04
3.200000e-01	3.300000e-01	9.956287e-01	6.376223e-04	6.376223e-04
3.300000e-01	3.400000e-01	9.958031e-01	6.173263e-04	6.173263e-04
3.400000e-01	3.500000e-01	9.959944e-01	5.936600e-04	5.936600e-04
3.500000e-01	3.600000e-01	9.963090e-01	5.402864e-04	5.402864e-04
3.600000e-01	3.700000e-01	9.964965e-01	5.123316e-04	5.123316e-04
3.700000e-01	3.800000e-01	9.966746e-01	4.967342e-04	4.967342e-04
3.800000e-01	3.900000e-01	9.968352e-01	4.779844e-04	4.779844e-04
3.900000e-01	4.000000e-01	9.969688e-01	4.591881e-04	4.591881e-04
4.000000e-01	4.100000e-01	9.970921e-01	4.458010e-04	4.458010e-04
4.100000e-01	4.200000e-01	9.972337e-01	4.226378e-04	4.226378e-04
4.200000e-01	4.300000e-01	9.973396e-01	4.038361e-04	4.038361e-04
4.300000e-01	4.400000e-01	9.975096e-01	3.743457e-04	3.743457e-04
4.400000e-01	4.500000e-01	9.976483e-01	3.572790e-04	3.572790e-04
4.500000e-01	4.600000e-01	9.977877e-01	3.406524e-04	3.406524e-04
4.600000e-01	4.700000e-01	9.980038e-01	3.157464e-04	3.157464e-04
4.700000e-01	4.800000e-01	9.981242e-01	3.026774e-04	3.026774e-04
4.800000e-01	4.900000e-01	9.982256e-01	2.914333e-04	2.914333e-04
4.900000e-01	5.000000e-01	9.983563e-01	2.768902e-04	2.768902e-04
5.000000e-01	5.100000e-01	9.984643e-01	2.652126e-04	2.652126e-04
5.100000e-01	5.200000e-01	9.985366e-01	2.571273e-04	2.571273e-04
5.200000e-01	5.300000e-01	9.986161e-01	2.466263e-04	2.466263e-04
5.300000e-01	5.400000e-01	9.987088e-01	2.375515e-04	2.375515e-04
5.400000e-01	5.500000e-01	9.987942e-01	2.269226e-04	2.269226e-04
5.500000e-01	5.600000e-01	9.989081e-01	2.116296e-04	2.116296e-04
5.600000e-01	5.700000e-01	9.989526e-01	2.061409e-04	2.061409e-04
5.700000e-01	5.800000e-01	9.990044e-01	2.000637e-04	2.000637e-04
5.800000e-01	5.900000e-01	9.990716e-01	1.896286e-04	1.896286e-04
5.900000e-01	6.000000e-01	9.991365e-01	1.815446e-04	1.815446e-04
6.000000e-01	6.100000e-01	9.992869e-01	1.564095e-04	1.564095e-04
6.100000e-01	6.200000e-01	9.993168e-01	1.529872e-04	1.529872e-04
6.200000e-01	6.300000e-01	9.993592e-01	1.464884e-04	1.464884e-04
6.300000e-01	6.400000e-01	9.993978e-01	1.403170e-04	1.403170e-04
6.400000e-01	6.500000e-01	9.994402e-01	1.345262e-04	1.345262e-04
6.500000e-01	6.600000e-01	9.994796e-01	1.263708e-04	1.263708e-04
6.600000e-01	6.700000e-01	9.995124e-01	1.228283e-04	1.228283e-04
6.700000e-01	6.800000e-01	9.995803e-01	1.114864e-04	1.114864e-04
6.800000e-01	6.900000e-01	9.996409e-01	9.792825e-05	9.792825e-05
6.900000e-01	7.000000e-01	9.996978e-01	8.841599e-05	8.841599e-05
7.000000e-01	7.100000e-01	9.997380e-01	7.886283e-05	7.886283e-05
7.100000e-01	7.200000e-01	9.997730e-01	7.179472e-05	7.179472e-05
7.200000e-01	7.300000e-01	9.997942e-01	6.798672e-05	6.798672e-05
7.300000e-01	7.400000e-01	9.998204e-01	6.110478e-05	6.110478e-05
7.400000e-01	7.500000e-01	9.998460e-01	5.333856e-05	5.333856e-05
7.500000e-01	7.600000e-01	9.998664e-01	5.165522e-05	5.165522e-05
7.600000e-01	7.700000e-01	9.998876e-01	4.423613e-05	4.423613e-05
7.700000e-01	7.800000e-01	9.999183e-01	3.773280e-05	3.773280e-05
7.800000e-01	7.900000e-01	9.999307e-01	2.982782e-05	2.982782e-05
7.900000e-01	8.000000e-01	9.999387e-01	2.983211e-05	2.983211e-05
8.000000e-01	8.100000e-01	9.999555e-01	2.310930e-05	2.310930e-05
8.100000e-01	8.200000e-01	9.999730e-01	1.334153e-05	1.334153e-05
8.200000e-01	8.300000e-01	9.999839e-01	1.334584e-05	1.334584e-05
8.300000e-01	8.400000e-01	9.999891e-01	1.710576e-07	1.710576e-07
8.400000e-01	8.500000e-01	9.999927e-01	1.334869e-05	1.334869e-05
8.500000e-01	8.600000e-01	9.999971e-01	1.334828e-05	1.334828e-05
8.600000e-01	8.700000e-01	9.999993e-01	1.334820e-05	1.334820e-05
8.700000e-01	8.800000e-01	1.000000e+00	0.000000e+00	0.000000e+00
8.800000e-01	8.900000e-01	1.000000e+00	0.000000e+00	0.000000e+00
8.900000e-01	9.000000e-01	1.000000e+00	0.000000e+00	0.000000e+00
9.000000e-01	9.100000e-01	1.000000e+00	0.000000e+00	0.000000e+00
9.100000e-01	9.200000e-01	1.000000e+00	0.000000e+00	0.000000e+00
9.200000e-01	9.300000e-01	1.000000e+00	0.000000e+00	0.000000e+00
9.300000e-01	9.400000e-01	1.000000e+00	0.000000e+00	0.000000e+00
9.400000e-01	9.500000e-01	1.000000e+00	0.000000e+00	0.000000e+00
9.500000e-01	9.600000e-01	1.000000e+00	0.000000e+00	0.000000e+00
9.600000e-01	9.700000e-01	1.000000e+00	0.000000e+00	0.000000e+00
9.700000e-01	9.800000e-01	1.000000e+00	0.000000e+00	0.000000e+00
9.800000e-01	9.900000e-01	1.000000e+00	0.000000e+00	0.000000e+00
9.900000e-01	1.000000e+00	1.000000e+00	0.000000e+00	0.000000e+00
1.000000e+00	1.010000e+00	1.000000e+00	0.000000e+00	0.000000e+00
1.010000e+00	1.020000e+00	1.000000e+00	0.000000e+00	0.000000e+00
1.020000e+00	1.030000e+00	1.000000e+00	0.000000e+00	0.000000e+00
1.030000e+00	1.040000e+00	1.000000e+00	0.000000e+00	0.000000e+00
1.040000e+00	1.050000e+00	1.000000e+00	0.000000e+00	0.000000e+00
1.050000e+00	1.060000e+00	1.000000e+00	0.000000e+00	0.000000e+00
1.060000e+00	1.070000e+00	1.000000e+00	0.000000e+00	0.000000e+00
1.070000e+00	1.080000e+00	1.000000e+00	0.000000e+00	0.000000e+00
1.080000e+00	1.090000e+00	1.000000e+00	0.000000e+00	0.000000e+00
1.090000e+00	1.100000e+00	1.000000e+00	0.000000e+00	0.000000e+00
1.100000e+00	1.110000e+00	1.000000e+00	0.000000e+00	0.000000e+00
1.110000e+00	1.120000e+00	1.000000e+00	0.000000e+00	0.000000e+00
1.120000e+00	1.130000e+00	1.000000e+00	0.000000e+00	0.000000e+00
1.130000e+00	1.140000e+00	1.000000e+00	0.000000e+00	0.000000e+00
1.140000e+00	1.150000e+00	1.000000e+00	0.000000e+00	0.000000e+00
1.150000e+00	1.160000e+00	1.000000e+00	0.000000e+00	0.000000e+00
1.160000e+00	1.170000e+00	1.000000e+00	0.000000e+00	0.000000e+00
1.170000e+00	1.180000e+00	1.000000e+00	0.000000e+00	0.000000e+00
1.180000e+00	1.190000e+00	1.000000e+00	0.000000e+00	0.000000e+00
1.190000e+00	1.200000e+00	1.000000e+00	0.000000e+00	0.000000e+00
1.200000e+00	1.210000e+00	1.000000e+00	0.000000e+00	0.000000e+00
1.210000e+00	1.220000e+00	1.000000e+00	0.000000e+00	0.000000e+00
1.220000e+00	1.230000e+00	1.000000e+00	0.000000e+00	0.000000e+00
1.230000e+00	1.240000e+00	1.000000e+00	0.000000e+00	0.000000e+00
1.240000e+00	1.250000e+00	1.000000e+00	0.000000e+00	0.000000e+00
1.250000e+00	1.260000e+00	1.000000e+00	0.000000e+00	0.000000e+00
1.260000e+00	1.270000e+00	1.000000e+00	0.000000e+00	0.000000e+00
1.270000e+00	1.280000e+00	1.000000e+00	0.000000e+00	0.000000e+00
1.280000e+00	1.290000e+00	1.000000e+00	0.000000e+00	0.000000e+00
1.290000e+00	1.300000e+00	1.000000e+00	0.000000e+00	0.000000e+00
1.300000e+00	1.310000e+00	1.000000e+00	0.000000e+00	0.000000e+00
1.310000e+00	1.320000e+00	1.000000e+00	0.000000e+00	0.000000e+00
1.320000e+00	1.330000e+00	1.000000e+00	0.000000e+00	0.000000e+00
1.330000e+00	1.340000e+00	1.000000e+00	0.000000e+00	0.000000e+00
1.340000e+00	1.350000e+00	1.000000e+00	0.000000e+00	0.000000e+00
1.350000e+00	1.360000e+00	1.000000e+00	0.000000e+00	0.000000e+00
1.360000e+00	1.370000e+00	1.000000e+00	0.000000e+00	0.000000e+00
1.370000e+00	1.380000e+00	1.000000e+00	0.000000e+00	0.000000e+00
1.380000e+00	1.390000e+00	1.000000e+00	0.000000e+00	0.000000e+00
1.390000e+00	1.400000e+00	1.000000e+00	0.000000e+00	0.000000e+00
1.400000e+00	1.410000e+00	1.000000e+00	0.000000e+00	0.000000e+00
1.410000e+00	1.420000e+00	1.000000e+00	0.000000e+00	0.000000e+00
1.420000e+00	1.430000e+00	1.000000e+00	0.000000e+00	0.000000e+00
1.430000e+00	1.440000e+00	1.000000e+00	0.000000e+00	0.000000e+00
1.440000e+00	1.450000e+00	1.000000e+00	0.000000e+00	0.000000e+00
1.450000e+00	1.460000e+00	1.000000e+00	0.000000e+00	0.000000e+00
1.460000e+00	1.470000e+00	1.000000e+00	0.000000e+00	0.000000e+00
1.470000e+00	1.480000e+00	1.000000e+00	0.000000e+00	0.000000e+00
1.480000e+00	1.490000e+00	1.000000e+00	0.000000e+00	0.000000e+00
1.490000e+00	1.500000e+00	1.000000e+00	0.000000e+00	0.000000e+00
# END HISTO1D

# BEGIN HISTO1D //nfs/farm/g/theory/qcdsim/shoeche/runs/lhjets/zj/mcnlo/herwig.yoda/LH2017_ZHSHAPES/psi_0.9_1600
ErrorBars=1
LineColor={[HTML]{2da334}}
LineStyle=solid
Path=//nfs/farm/g/theory/qcdsim/shoeche/runs/lhjets/zj/mcnlo/herwig.yoda/LH2017_ZHSHAPES/psi_0.9_1600
Title=Herwig~MCNLO
XLabel=~
YLabel=~
# xlow	 xhigh	 val	 errminus	 errplus
0.000000e+00	1.000000e-02	2.901503e-01	2.212524e-03	2.212524e-03
1.000000e-02	2.000000e-02	4.342612e-01	2.406017e-03	2.406017e-03
2.000000e-02	3.000000e-02	5.251633e-01	2.403579e-03	2.403579e-03
3.000000e-02	4.000000e-02	5.893558e-01	2.344721e-03	2.344721e-03
4.000000e-02	5.000000e-02	6.383874e-01	2.264038e-03	2.264038e-03
5.000000e-02	6.000000e-02	6.765826e-01	2.181766e-03	2.181766e-03
6.000000e-02	7.000000e-02	7.081290e-01	2.096163e-03	2.096163e-03
7.000000e-02	8.000000e-02	7.335351e-01	2.017031e-03	2.017031e-03
8.000000e-02	9.000000e-02	7.556633e-01	1.936388e-03	1.936388e-03
9.000000e-02	1.000000e-01	7.743504e-01	1.860388e-03	1.860388e-03
1.000000e-01	1.100000e-01	7.914239e-01	1.783963e-03	1.783963e-03
1.100000e-01	1.200000e-01	8.070031e-01	1.708867e-03	1.708867e-03
1.200000e-01	1.300000e-01	8.206632e-01	1.640233e-03	1.640233e-03
1.300000e-01	1.400000e-01	8.327324e-01	1.571775e-03	1.571775e-03
1.400000e-01	1.500000e-01	8.435234e-01	1.509648e-03	1.509648e-03
1.500000e-01	1.600000e-01	8.531024e-01	1.448021e-03	1.448021e-03
1.600000e-01	1.700000e-01	8.619510e-01	1.390145e-03	1.390145e-03
1.700000e-01	1.800000e-01	8.703023e-01	1.330837e-03	1.330837e-03
1.800000e-01	1.900000e-01	8.778549e-01	1.277427e-03	1.277427e-03
1.900000e-01	2.000000e-01	8.847191e-01	1.224820e-03	1.224820e-03
2.000000e-01	2.100000e-01	8.913961e-01	1.172610e-03	1.172610e-03
2.100000e-01	2.200000e-01	8.973392e-01	1.126788e-03	1.126788e-03
2.200000e-01	2.300000e-01	9.027618e-01	1.083049e-03	1.083049e-03
2.300000e-01	2.400000e-01	9.084580e-01	1.033581e-03	1.033581e-03
2.400000e-01	2.500000e-01	9.131961e-01	9.907504e-04	9.907504e-04
2.500000e-01	2.600000e-01	9.176566e-01	9.497957e-04	9.497957e-04
2.600000e-01	2.700000e-01	9.220442e-01	9.064233e-04	9.064233e-04
2.700000e-01	2.800000e-01	9.260029e-01	8.667553e-04	8.667553e-04
2.800000e-01	2.900000e-01	9.296555e-01	8.290138e-04	8.290138e-04
2.900000e-01	3.000000e-01	9.331852e-01	7.909703e-04	7.909703e-04
3.000000e-01	3.100000e-01	9.362243e-01	7.584521e-04	7.584521e-04
3.100000e-01	3.200000e-01	9.390934e-01	7.288841e-04	7.288841e-04
3.200000e-01	3.300000e-01	9.419943e-01	6.967249e-04	6.967249e-04
3.300000e-01	3.400000e-01	9.446803e-01	6.652104e-04	6.652104e-04
3.400000e-01	3.500000e-01	9.473259e-01	6.374699e-04	6.374699e-04
3.500000e-01	3.600000e-01	9.497761e-01	6.089804e-04	6.089804e-04
3.600000e-01	3.700000e-01	9.525188e-01	5.763068e-04	5.763068e-04
3.700000e-01	3.800000e-01	9.549827e-01	5.473676e-04	5.473676e-04
3.800000e-01	3.900000e-01	9.572731e-01	5.189499e-04	5.189499e-04
3.900000e-01	4.000000e-01	9.592798e-01	4.966218e-04	4.966218e-04
4.000000e-01	4.100000e-01	9.614548e-01	4.722438e-04	4.722438e-04
4.100000e-01	4.200000e-01	9.635035e-01	4.496858e-04	4.496858e-04
4.200000e-01	4.300000e-01	9.653887e-01	4.258281e-04	4.258281e-04
4.300000e-01	4.400000e-01	9.671758e-01	4.051481e-04	4.051481e-04
4.400000e-01	4.500000e-01	9.688041e-01	3.886624e-04	3.886624e-04
4.500000e-01	4.600000e-01	9.703955e-01	3.711384e-04	3.711384e-04
4.600000e-01	4.700000e-01	9.720491e-01	3.523047e-04	3.523047e-04
4.700000e-01	4.800000e-01	9.735114e-01	3.367651e-04	3.367651e-04
4.800000e-01	4.900000e-01	9.749455e-01	3.213553e-04	3.213553e-04
4.900000e-01	5.000000e-01	9.763638e-01	3.065645e-04	3.065645e-04
5.000000e-01	5.100000e-01	9.775874e-01	2.934196e-04	2.934196e-04
5.100000e-01	5.200000e-01	9.788844e-01	2.789459e-04	2.789459e-04
5.200000e-01	5.300000e-01	9.800342e-01	2.656527e-04	2.656527e-04
5.300000e-01	5.400000e-01	9.812664e-01	2.502421e-04	2.502421e-04
5.400000e-01	5.500000e-01	9.822942e-01	2.383488e-04	2.383488e-04
5.500000e-01	5.600000e-01	9.833074e-01	2.272201e-04	2.272201e-04
5.600000e-01	5.700000e-01	9.842943e-01	2.164564e-04	2.164564e-04
5.700000e-01	5.800000e-01	9.852493e-01	2.060020e-04	2.060020e-04
5.800000e-01	5.900000e-01	9.861720e-01	1.959589e-04	1.959589e-04
5.900000e-01	6.000000e-01	9.871204e-01	1.848708e-04	1.848708e-04
6.000000e-01	6.100000e-01	9.879181e-01	1.757382e-04	1.757382e-04
6.100000e-01	6.200000e-01	9.886941e-01	1.651508e-04	1.651508e-04
6.200000e-01	6.300000e-01	9.894862e-01	1.551978e-04	1.551978e-04
6.300000e-01	6.400000e-01	9.901499e-01	1.471270e-04	1.471270e-04
6.400000e-01	6.500000e-01	9.908454e-01	1.385543e-04	1.385543e-04
6.500000e-01	6.600000e-01	9.914686e-01	1.306396e-04	1.306396e-04
6.600000e-01	6.700000e-01	9.921054e-01	1.223326e-04	1.223326e-04
6.700000e-01	6.800000e-01	9.926957e-01	1.144374e-04	1.144374e-04
6.800000e-01	6.900000e-01	9.932780e-01	1.065654e-04	1.065654e-04
6.900000e-01	7.000000e-01	9.938303e-01	9.961800e-05	9.961800e-05
7.000000e-01	7.100000e-01	9.943599e-01	9.225582e-05	9.225582e-05
7.100000e-01	7.200000e-01	9.948405e-01	8.578445e-05	8.578445e-05
7.200000e-01	7.300000e-01	9.952907e-01	7.970959e-05	7.970959e-05
7.300000e-01	7.400000e-01	9.957687e-01	7.299107e-05	7.299107e-05
7.400000e-01	7.500000e-01	9.962002e-01	6.691440e-05	6.691440e-05
7.500000e-01	7.600000e-01	9.966069e-01	6.123449e-05	6.123449e-05
7.600000e-01	7.700000e-01	9.969786e-01	5.538031e-05	5.538031e-05
7.700000e-01	7.800000e-01	9.973277e-01	4.948997e-05	4.948997e-05
7.800000e-01	7.900000e-01	9.976332e-01	4.509667e-05	4.509667e-05
7.900000e-01	8.000000e-01	9.979969e-01	3.868272e-05	3.868272e-05
8.000000e-01	8.100000e-01	9.982453e-01	3.575119e-05	3.575119e-05
8.100000e-01	8.200000e-01	9.985134e-01	3.107230e-05	3.107230e-05
8.200000e-01	8.300000e-01	9.987567e-01	2.746811e-05	2.746811e-05
8.300000e-01	8.400000e-01	9.990081e-01	2.291231e-05	2.291231e-05
8.400000e-01	8.500000e-01	9.992504e-01	1.794480e-05	1.794480e-05
8.500000e-01	8.600000e-01	9.994466e-01	1.489634e-05	1.489634e-05
8.600000e-01	8.700000e-01	9.996479e-01	1.020449e-05	1.020449e-05
8.700000e-01	8.800000e-01	9.998088e-01	6.718074e-06	6.718074e-06
8.800000e-01	8.900000e-01	9.999221e-01	6.786881e-06	6.786881e-06
8.900000e-01	9.000000e-01	9.999691e-01	1.703390e-07	1.703390e-07
9.000000e-01	9.100000e-01	9.999717e-01	3.923150e-06	3.923150e-06
9.100000e-01	9.200000e-01	9.999737e-01	3.923580e-06	3.923580e-06
9.200000e-01	9.300000e-01	9.999782e-01	3.924429e-06	3.924429e-06
9.300000e-01	9.400000e-01	9.999803e-01	3.924755e-06	3.924755e-06
9.400000e-01	9.500000e-01	9.999818e-01	5.551668e-06	5.551668e-06
9.500000e-01	9.600000e-01	9.999838e-01	8.935816e-08	8.935816e-08
9.600000e-01	9.700000e-01	9.999848e-01	3.925372e-06	3.925372e-06
9.700000e-01	9.800000e-01	9.999863e-01	7.539595e-08	7.539595e-08
9.800000e-01	9.900000e-01	9.999874e-01	5.552139e-06	5.552139e-06
9.900000e-01	1.000000e+00	9.999884e-01	3.925740e-06	3.925740e-06
1.000000e+00	1.010000e+00	9.999889e-01	3.925785e-06	3.925785e-06
1.010000e+00	1.020000e+00	9.999904e-01	3.925907e-06	3.925907e-06
1.020000e+00	1.030000e+00	9.999914e-01	4.747156e-08	4.747156e-08
1.030000e+00	1.040000e+00	9.999929e-01	3.909421e-08	3.909421e-08
1.040000e+00	1.050000e+00	9.999934e-01	3.926433e-06	3.926433e-06
1.050000e+00	1.060000e+00	9.999934e-01	3.926098e-06	3.926098e-06
1.060000e+00	1.070000e+00	9.999939e-01	3.926123e-06	3.926123e-06
1.070000e+00	1.080000e+00	9.999949e-01	2.792437e-08	2.792437e-08
1.080000e+00	1.090000e+00	9.999965e-01	3.926217e-06	3.926217e-06
1.090000e+00	1.100000e+00	9.999975e-01	3.926241e-06	3.926241e-06
1.100000e+00	1.110000e+00	9.999980e-01	1.116965e-08	1.116965e-08
1.110000e+00	1.120000e+00	9.999990e-01	5.584823e-09	5.584823e-09
1.120000e+00	1.130000e+00	9.999995e-01	2.793187e-09	2.793187e-09
1.130000e+00	1.140000e+00	9.999995e-01	3.926265e-06	3.926265e-06
1.140000e+00	1.150000e+00	9.999995e-01	3.926265e-06	3.926265e-06
1.150000e+00	1.160000e+00	1.000000e+00	3.926266e-06	3.926266e-06
1.160000e+00	1.170000e+00	1.000000e+00	0.000000e+00	0.000000e+00
1.170000e+00	1.180000e+00	1.000000e+00	0.000000e+00	0.000000e+00
1.180000e+00	1.190000e+00	1.000000e+00	0.000000e+00	0.000000e+00
1.190000e+00	1.200000e+00	1.000000e+00	3.926266e-06	3.926266e-06
1.200000e+00	1.210000e+00	1.000000e+00	3.926266e-06	3.926266e-06
1.210000e+00	1.220000e+00	1.000000e+00	3.926266e-06	3.926266e-06
1.220000e+00	1.230000e+00	1.000000e+00	0.000000e+00	0.000000e+00
1.230000e+00	1.240000e+00	1.000000e+00	0.000000e+00	0.000000e+00
1.240000e+00	1.250000e+00	1.000000e+00	0.000000e+00	0.000000e+00
1.250000e+00	1.260000e+00	1.000000e+00	0.000000e+00	0.000000e+00
1.260000e+00	1.270000e+00	1.000000e+00	0.000000e+00	0.000000e+00
1.270000e+00	1.280000e+00	1.000000e+00	0.000000e+00	0.000000e+00
1.280000e+00	1.290000e+00	1.000000e+00	0.000000e+00	0.000000e+00
1.290000e+00	1.300000e+00	1.000000e+00	0.000000e+00	0.000000e+00
1.300000e+00	1.310000e+00	1.000000e+00	0.000000e+00	0.000000e+00
1.310000e+00	1.320000e+00	1.000000e+00	0.000000e+00	0.000000e+00
1.320000e+00	1.330000e+00	1.000000e+00	0.000000e+00	0.000000e+00
1.330000e+00	1.340000e+00	1.000000e+00	0.000000e+00	0.000000e+00
1.340000e+00	1.350000e+00	1.000000e+00	0.000000e+00	0.000000e+00
1.350000e+00	1.360000e+00	1.000000e+00	0.000000e+00	0.000000e+00
1.360000e+00	1.370000e+00	1.000000e+00	0.000000e+00	0.000000e+00
1.370000e+00	1.380000e+00	1.000000e+00	0.000000e+00	0.000000e+00
1.380000e+00	1.390000e+00	1.000000e+00	0.000000e+00	0.000000e+00
1.390000e+00	1.400000e+00	1.000000e+00	0.000000e+00	0.000000e+00
1.400000e+00	1.410000e+00	1.000000e+00	0.000000e+00	0.000000e+00
1.410000e+00	1.420000e+00	1.000000e+00	0.000000e+00	0.000000e+00
1.420000e+00	1.430000e+00	1.000000e+00	0.000000e+00	0.000000e+00
1.430000e+00	1.440000e+00	1.000000e+00	0.000000e+00	0.000000e+00
1.440000e+00	1.450000e+00	1.000000e+00	0.000000e+00	0.000000e+00
1.450000e+00	1.460000e+00	1.000000e+00	0.000000e+00	0.000000e+00
1.460000e+00	1.470000e+00	1.000000e+00	0.000000e+00	0.000000e+00
1.470000e+00	1.480000e+00	1.000000e+00	0.000000e+00	0.000000e+00
1.480000e+00	1.490000e+00	1.000000e+00	0.000000e+00	0.000000e+00
1.490000e+00	1.500000e+00	1.000000e+00	0.000000e+00	0.000000e+00
# END HISTO1D

# BEGIN HISTO1D //nfs/farm/g/theory/qcdsim/shoeche/runs/lhjets/zj/nlo/cs/run.yoda/LH2017_ZHSHAPES/psi_0.9_1600
ErrorBars=0
LineColor={[HTML]{2da334}}
LineStyle=solid
Path=//nfs/farm/g/theory/qcdsim/shoeche/runs/lhjets/zj/nlo/cs/run.yoda/LH2017_ZHSHAPES/psi_0.9_1600
Title=NLO
XLabel=
YLabel=
# xlow	 xhigh	 val	 errminus	 errplus
0.000000e+00	1.000000e-02	9.200227e-01	6.133311e-02	6.133311e-02
1.000000e-02	2.000000e-02	9.431976e-01	5.153690e-02	5.153690e-02
2.000000e-02	3.000000e-02	9.549602e-01	4.576666e-02	4.576666e-02
3.000000e-02	4.000000e-02	9.622674e-01	4.159747e-02	4.159747e-02
4.000000e-02	5.000000e-02	9.674400e-01	3.835173e-02	3.835173e-02
5.000000e-02	6.000000e-02	9.712530e-01	3.564098e-02	3.564098e-02
6.000000e-02	7.000000e-02	9.742819e-01	3.336597e-02	3.336597e-02
7.000000e-02	8.000000e-02	9.768122e-01	3.137290e-02	3.137290e-02
8.000000e-02	9.000000e-02	9.789326e-01	2.959597e-02	2.959597e-02
9.000000e-02	1.000000e-01	9.807271e-01	2.797743e-02	2.797743e-02
1.000000e-01	1.100000e-01	9.822684e-01	2.653336e-02	2.653336e-02
1.100000e-01	1.200000e-01	9.836065e-01	2.519320e-02	2.519320e-02
1.200000e-01	1.300000e-01	9.848025e-01	2.396647e-02	2.396647e-02
1.300000e-01	1.400000e-01	9.858492e-01	2.283266e-02	2.283266e-02
1.400000e-01	1.500000e-01	9.868140e-01	2.174907e-02	2.174907e-02
1.500000e-01	1.600000e-01	9.877156e-01	2.071735e-02	2.071735e-02
1.600000e-01	1.700000e-01	9.884817e-01	1.977484e-02	1.977484e-02
1.700000e-01	1.800000e-01	9.891851e-01	1.887245e-02	1.887245e-02
1.800000e-01	1.900000e-01	9.898265e-01	1.802752e-02	1.802752e-02
1.900000e-01	2.000000e-01	9.904324e-01	1.721792e-02	1.721792e-02
2.000000e-01	2.100000e-01	9.909924e-01	1.644534e-02	1.644534e-02
2.100000e-01	2.200000e-01	9.915083e-01	1.570095e-02	1.570095e-02
2.200000e-01	2.300000e-01	9.919726e-01	1.499962e-02	1.499962e-02
2.300000e-01	2.400000e-01	9.924043e-01	1.433510e-02	1.433510e-02
2.400000e-01	2.500000e-01	9.928166e-01	1.367875e-02	1.367875e-02
2.500000e-01	2.600000e-01	9.931959e-01	1.306812e-02	1.306812e-02
2.600000e-01	2.700000e-01	9.935593e-01	1.246069e-02	1.246069e-02
2.700000e-01	2.800000e-01	9.939037e-01	1.187074e-02	1.187074e-02
2.800000e-01	2.900000e-01	9.942260e-01	1.129895e-02	1.129895e-02
2.900000e-01	3.000000e-01	9.945291e-01	1.076061e-02	1.076061e-02
3.000000e-01	3.100000e-01	9.948186e-01	1.022740e-02	1.022740e-02
3.100000e-01	3.200000e-01	9.950930e-01	9.715148e-03	9.715148e-03
3.200000e-01	3.300000e-01	9.953413e-01	9.227622e-03	9.227622e-03
3.300000e-01	3.400000e-01	9.955889e-01	8.746783e-03	8.746783e-03
3.400000e-01	3.500000e-01	9.958158e-01	8.299240e-03	8.299240e-03
3.500000e-01	3.600000e-01	9.960298e-01	7.880879e-03	7.880879e-03
3.600000e-01	3.700000e-01	9.962424e-01	7.453116e-03	7.453116e-03
3.700000e-01	3.800000e-01	9.964388e-01	7.058418e-03	7.058418e-03
3.800000e-01	3.900000e-01	9.966293e-01	6.671476e-03	6.671476e-03
3.900000e-01	4.000000e-01	9.968115e-01	6.325598e-03	6.325598e-03
4.000000e-01	4.100000e-01	9.969795e-01	5.998927e-03	5.998927e-03
4.100000e-01	4.200000e-01	9.971438e-01	5.687717e-03	5.687717e-03
4.200000e-01	4.300000e-01	9.972942e-01	5.406525e-03	5.406525e-03
4.300000e-01	4.400000e-01	9.974314e-01	5.172132e-03	5.172132e-03
4.400000e-01	4.500000e-01	9.975734e-01	4.951172e-03	4.951172e-03
4.500000e-01	4.600000e-01	9.977109e-01	4.747222e-03	4.747222e-03
4.600000e-01	4.700000e-01	9.978379e-01	4.549075e-03	4.549075e-03
4.700000e-01	4.800000e-01	9.979616e-01	4.354526e-03	4.354526e-03
4.800000e-01	4.900000e-01	9.980789e-01	4.169643e-03	4.169643e-03
4.900000e-01	5.000000e-01	9.981920e-01	3.986461e-03	3.986461e-03
5.000000e-01	5.100000e-01	9.982971e-01	3.811304e-03	3.811304e-03
5.100000e-01	5.200000e-01	9.983978e-01	3.640312e-03	3.640312e-03
5.200000e-01	5.300000e-01	9.984934e-01	3.474104e-03	3.474104e-03
5.300000e-01	5.400000e-01	9.985861e-01	3.314890e-03	3.314890e-03
5.400000e-01	5.500000e-01	9.986774e-01	3.157849e-03	3.157849e-03
5.500000e-01	5.600000e-01	9.987610e-01	3.004742e-03	3.004742e-03
5.600000e-01	5.700000e-01	9.988400e-01	2.859591e-03	2.859591e-03
5.700000e-01	5.800000e-01	9.989188e-01	2.716893e-03	2.716893e-03
5.800000e-01	5.900000e-01	9.989902e-01	2.582356e-03	2.582356e-03
5.900000e-01	6.000000e-01	9.990594e-01	2.447915e-03	2.447915e-03
6.000000e-01	6.100000e-01	9.991278e-01	2.317670e-03	2.317670e-03
6.100000e-01	6.200000e-01	9.991931e-01	2.188055e-03	2.188055e-03
6.200000e-01	6.300000e-01	9.992559e-01	2.059213e-03	2.059213e-03
6.300000e-01	6.400000e-01	9.993137e-01	1.940941e-03	1.940941e-03
6.400000e-01	6.500000e-01	9.993670e-01	1.822514e-03	1.822514e-03
6.500000e-01	6.600000e-01	9.994207e-01	1.709506e-03	1.709506e-03
6.600000e-01	6.700000e-01	9.994717e-01	1.594215e-03	1.594215e-03
6.700000e-01	6.800000e-01	9.995195e-01	1.485599e-03	1.485599e-03
6.800000e-01	6.900000e-01	9.995658e-01	1.381892e-03	1.381892e-03
6.900000e-01	7.000000e-01	9.996083e-01	1.284256e-03	1.284256e-03
7.000000e-01	7.100000e-01	9.996493e-01	1.182417e-03	1.182417e-03
7.100000e-01	7.200000e-01	9.996879e-01	1.088166e-03	1.088166e-03
7.200000e-01	7.300000e-01	9.997241e-01	9.942805e-04	9.942805e-04
7.300000e-01	7.400000e-01	9.997559e-01	9.008620e-04	9.008620e-04
7.400000e-01	7.500000e-01	9.997884e-01	8.196823e-04	8.196823e-04
7.500000e-01	7.600000e-01	9.998173e-01	7.229471e-04	7.229471e-04
7.600000e-01	7.700000e-01	9.998428e-01	6.553404e-04	6.553404e-04
7.700000e-01	7.800000e-01	9.998678e-01	5.798365e-04	5.798365e-04
7.800000e-01	7.900000e-01	9.998901e-01	5.022094e-04	5.022094e-04
7.900000e-01	8.000000e-01	9.999092e-01	4.429780e-04	4.429780e-04
8.000000e-01	8.100000e-01	9.999269e-01	3.617015e-04	3.617015e-04
8.100000e-01	8.200000e-01	9.999413e-01	3.057275e-04	3.057275e-04
8.200000e-01	8.300000e-01	9.999553e-01	2.558341e-04	2.558341e-04
8.300000e-01	8.400000e-01	9.999662e-01	1.933921e-04	1.933921e-04
8.400000e-01	8.500000e-01	9.999762e-01	1.675305e-04	1.675305e-04
8.500000e-01	8.600000e-01	9.999850e-01	1.368190e-04	1.368190e-04
8.600000e-01	8.700000e-01	9.999915e-01	1.368496e-04	1.368496e-04
8.700000e-01	8.800000e-01	9.999959e-01	9.677280e-05	9.677280e-05
8.800000e-01	8.900000e-01	9.999990e-01	9.677784e-05	9.677784e-05
8.900000e-01	9.000000e-01	1.000000e+00	0.000000e+00	0.000000e+00
9.000000e-01	9.100000e-01	1.000000e+00	0.000000e+00	0.000000e+00
9.100000e-01	9.200000e-01	1.000000e+00	0.000000e+00	0.000000e+00
9.200000e-01	9.300000e-01	1.000000e+00	0.000000e+00	0.000000e+00
9.300000e-01	9.400000e-01	1.000000e+00	0.000000e+00	0.000000e+00
9.400000e-01	9.500000e-01	1.000000e+00	0.000000e+00	0.000000e+00
9.500000e-01	9.600000e-01	1.000000e+00	0.000000e+00	0.000000e+00
9.600000e-01	9.700000e-01	1.000000e+00	0.000000e+00	0.000000e+00
9.700000e-01	9.800000e-01	1.000000e+00	0.000000e+00	0.000000e+00
9.800000e-01	9.900000e-01	1.000000e+00	0.000000e+00	0.000000e+00
9.900000e-01	1.000000e+00	1.000000e+00	0.000000e+00	0.000000e+00
1.000000e+00	1.010000e+00	1.000000e+00	0.000000e+00	0.000000e+00
1.010000e+00	1.020000e+00	1.000000e+00	0.000000e+00	0.000000e+00
1.020000e+00	1.030000e+00	1.000000e+00	0.000000e+00	0.000000e+00
1.030000e+00	1.040000e+00	1.000000e+00	0.000000e+00	0.000000e+00
1.040000e+00	1.050000e+00	1.000000e+00	0.000000e+00	0.000000e+00
1.050000e+00	1.060000e+00	1.000000e+00	0.000000e+00	0.000000e+00
1.060000e+00	1.070000e+00	1.000000e+00	0.000000e+00	0.000000e+00
1.070000e+00	1.080000e+00	1.000000e+00	0.000000e+00	0.000000e+00
1.080000e+00	1.090000e+00	1.000000e+00	0.000000e+00	0.000000e+00
1.090000e+00	1.100000e+00	1.000000e+00	0.000000e+00	0.000000e+00
1.100000e+00	1.110000e+00	1.000000e+00	0.000000e+00	0.000000e+00
1.110000e+00	1.120000e+00	1.000000e+00	0.000000e+00	0.000000e+00
1.120000e+00	1.130000e+00	1.000000e+00	0.000000e+00	0.000000e+00
1.130000e+00	1.140000e+00	1.000000e+00	0.000000e+00	0.000000e+00
1.140000e+00	1.150000e+00	1.000000e+00	0.000000e+00	0.000000e+00
1.150000e+00	1.160000e+00	1.000000e+00	0.000000e+00	0.000000e+00
1.160000e+00	1.170000e+00	1.000000e+00	0.000000e+00	0.000000e+00
1.170000e+00	1.180000e+00	1.000000e+00	0.000000e+00	0.000000e+00
1.180000e+00	1.190000e+00	1.000000e+00	0.000000e+00	0.000000e+00
1.190000e+00	1.200000e+00	1.000000e+00	0.000000e+00	0.000000e+00
1.200000e+00	1.210000e+00	1.000000e+00	0.000000e+00	0.000000e+00
1.210000e+00	1.220000e+00	1.000000e+00	0.000000e+00	0.000000e+00
1.220000e+00	1.230000e+00	1.000000e+00	0.000000e+00	0.000000e+00
1.230000e+00	1.240000e+00	1.000000e+00	0.000000e+00	0.000000e+00
1.240000e+00	1.250000e+00	1.000000e+00	0.000000e+00	0.000000e+00
1.250000e+00	1.260000e+00	1.000000e+00	0.000000e+00	0.000000e+00
1.260000e+00	1.270000e+00	1.000000e+00	0.000000e+00	0.000000e+00
1.270000e+00	1.280000e+00	1.000000e+00	0.000000e+00	0.000000e+00
1.280000e+00	1.290000e+00	1.000000e+00	0.000000e+00	0.000000e+00
1.290000e+00	1.300000e+00	1.000000e+00	0.000000e+00	0.000000e+00
1.300000e+00	1.310000e+00	1.000000e+00	0.000000e+00	0.000000e+00
1.310000e+00	1.320000e+00	1.000000e+00	0.000000e+00	0.000000e+00
1.320000e+00	1.330000e+00	1.000000e+00	0.000000e+00	0.000000e+00
1.330000e+00	1.340000e+00	1.000000e+00	0.000000e+00	0.000000e+00
1.340000e+00	1.350000e+00	1.000000e+00	0.000000e+00	0.000000e+00
1.350000e+00	1.360000e+00	1.000000e+00	0.000000e+00	0.000000e+00
1.360000e+00	1.370000e+00	1.000000e+00	0.000000e+00	0.000000e+00
1.370000e+00	1.380000e+00	1.000000e+00	0.000000e+00	0.000000e+00
1.380000e+00	1.390000e+00	1.000000e+00	0.000000e+00	0.000000e+00
1.390000e+00	1.400000e+00	1.000000e+00	0.000000e+00	0.000000e+00
1.400000e+00	1.410000e+00	1.000000e+00	0.000000e+00	0.000000e+00
1.410000e+00	1.420000e+00	1.000000e+00	0.000000e+00	0.000000e+00
1.420000e+00	1.430000e+00	1.000000e+00	0.000000e+00	0.000000e+00
1.430000e+00	1.440000e+00	1.000000e+00	0.000000e+00	0.000000e+00
1.440000e+00	1.450000e+00	1.000000e+00	0.000000e+00	0.000000e+00
1.450000e+00	1.460000e+00	1.000000e+00	0.000000e+00	0.000000e+00
1.460000e+00	1.470000e+00	1.000000e+00	0.000000e+00	0.000000e+00
1.470000e+00	1.480000e+00	1.000000e+00	0.000000e+00	0.000000e+00
1.480000e+00	1.490000e+00	1.000000e+00	0.000000e+00	0.000000e+00
1.490000e+00	1.500000e+00	1.000000e+00	0.000000e+00	0.000000e+00
# END HISTO1D

