# BEGIN PLOT
XTwosidedTicks=1
DrawOnly=//nfs/farm/g/theory/qcdsim/shoeche/runs/lhjets/zj/mcnlo/css/run.yoda/LH2017_ZHSHAPES/psi_0.7_100 //nfs/farm/g/theory/qcdsim/shoeche/runs/lhjets/zj/mcnlo/css-1em/run.yoda/LH2017_ZHSHAPES/psi_0.7_100 //nfs/farm/g/theory/qcdsim/shoeche/runs/lhjets/zj/nlo/cs/run.yoda/LH2017_ZHSHAPES/psi_0.7_100
RatioPlotReference=//nfs/farm/g/theory/qcdsim/shoeche/runs/lhjets/zj/nlo/cs/run.yoda/LH2017_ZHSHAPES/psi_0.7_100
XTwosidedTicks=1
YTwosidedTicks=1
TopMargin=0.0
RatioPlot=1
BottomMargin=0.0
MainPlot=0
RatioPlotYSize=2.5
XMax=0.7
DrawSpecialInRatio=1
LegendXPos=0.35
LegendYPos=0.8
LogY=1
RatioPlotYLabel=
LegendOnly=//nfs/farm/g/theory/qcdsim/shoeche/runs/lhjets/zj/mcnlo/css/run.yoda/LH2017_ZHSHAPES/psi_0.7_100 //nfs/farm/g/theory/qcdsim/shoeche/runs/lhjets/zj/mcnlo/css-1em/run.yoda/LH2017_ZHSHAPES/psi_0.7_100 //nfs/farm/g/theory/qcdsim/shoeche/runs/lhjets/zj/mcnlo/herwig.yoda/LH2017_ZHSHAPES/psi_0.7_100 //nfs/farm/g/theory/qcdsim/shoeche/runs/lhjets/zj/nlo/cs/run.yoda/LH2017_ZHSHAPES/psi_0.7_100
RatioPlotSameStyle=1
YTwosidedTicks=1
Legend=0
# END PLOT
# BEGIN SPECIAL text
\rput[br](0.95,0.2){$k_T>100GeV$}
# END SPECIAL

# BEGIN HISTO1D //nfs/farm/g/theory/qcdsim/shoeche/runs/lhjets/zj/mcnlo/css/run.yoda/LH2017_ZHSHAPES/psi_0.7_100
ErrorBars=1
LineColor=red
LineStyle=solid
Path=//nfs/farm/g/theory/qcdsim/shoeche/runs/lhjets/zj/mcnlo/css/run.yoda/LH2017_ZHSHAPES/psi_0.7_100
Title=MC@NLO
XLabel=
YLabel=
# xlow	 xhigh	 val	 errminus	 errplus
0.000000e+00	1.000000e-02	1.853926e-01	1.196004e-04	1.196004e-04
1.000000e-02	2.000000e-02	3.067295e-01	1.359853e-04	1.359853e-04
2.000000e-02	3.000000e-02	4.095507e-01	1.400974e-04	1.400974e-04
3.000000e-02	4.000000e-02	4.868612e-01	1.384466e-04	1.384466e-04
4.000000e-02	5.000000e-02	5.477140e-01	1.344630e-04	1.344630e-04
5.000000e-02	6.000000e-02	5.967769e-01	1.294962e-04	1.294962e-04
6.000000e-02	7.000000e-02	6.373110e-01	1.241425e-04	1.241425e-04
7.000000e-02	8.000000e-02	6.713933e-01	1.187164e-04	1.187164e-04
8.000000e-02	9.000000e-02	7.005496e-01	1.133507e-04	1.133507e-04
9.000000e-02	1.000000e-01	7.257541e-01	1.081123e-04	1.081123e-04
1.000000e-01	1.100000e-01	7.478371e-01	1.030306e-04	1.030306e-04
1.100000e-01	1.200000e-01	7.672073e-01	9.817061e-05	9.817061e-05
1.200000e-01	1.300000e-01	7.844775e-01	9.349233e-05	9.349233e-05
1.300000e-01	1.400000e-01	7.999384e-01	8.899657e-05	8.899657e-05
1.400000e-01	1.500000e-01	8.138866e-01	8.467535e-05	8.467535e-05
1.500000e-01	1.600000e-01	8.265313e-01	8.053314e-05	8.053314e-05
1.600000e-01	1.700000e-01	8.379923e-01	7.657675e-05	7.657675e-05
1.700000e-01	1.800000e-01	8.485145e-01	7.275338e-05	7.275338e-05
1.800000e-01	1.900000e-01	8.581364e-01	6.909789e-05	6.909789e-05
1.900000e-01	2.000000e-01	8.670124e-01	6.558473e-05	6.558473e-05
2.000000e-01	2.100000e-01	8.752053e-01	6.220711e-05	6.220711e-05
2.100000e-01	2.200000e-01	8.827963e-01	5.897607e-05	5.897607e-05
2.200000e-01	2.300000e-01	8.898615e-01	5.587186e-05	5.587186e-05
2.300000e-01	2.400000e-01	8.964267e-01	5.291003e-05	5.291003e-05
2.400000e-01	2.500000e-01	9.025549e-01	5.007794e-05	5.007794e-05
2.500000e-01	2.600000e-01	9.082747e-01	4.737235e-05	4.737235e-05
2.600000e-01	2.700000e-01	9.136267e-01	4.480129e-05	4.480129e-05
2.700000e-01	2.800000e-01	9.186704e-01	4.234163e-05	4.234163e-05
2.800000e-01	2.900000e-01	9.233912e-01	4.003868e-05	4.003868e-05
2.900000e-01	3.000000e-01	9.278399e-01	3.784831e-05	3.784831e-05
3.000000e-01	3.100000e-01	9.320322e-01	3.578569e-05	3.578569e-05
3.100000e-01	3.200000e-01	9.359983e-01	3.384907e-05	3.384907e-05
3.200000e-01	3.300000e-01	9.397493e-01	3.203855e-05	3.203855e-05
3.300000e-01	3.400000e-01	9.433069e-01	3.035775e-05	3.035775e-05
3.400000e-01	3.500000e-01	9.466884e-01	2.878217e-05	2.878217e-05
3.500000e-01	3.600000e-01	9.498954e-01	2.732122e-05	2.732122e-05
3.600000e-01	3.700000e-01	9.529470e-01	2.595011e-05	2.595011e-05
3.700000e-01	3.800000e-01	9.558596e-01	2.463737e-05	2.463737e-05
3.800000e-01	3.900000e-01	9.586453e-01	2.338914e-05	2.338914e-05
3.900000e-01	4.000000e-01	9.613023e-01	2.219970e-05	2.219970e-05
4.000000e-01	4.100000e-01	9.638366e-01	2.106872e-05	2.106872e-05
4.100000e-01	4.200000e-01	9.662570e-01	1.998033e-05	1.998033e-05
4.200000e-01	4.300000e-01	9.685729e-01	1.892978e-05	1.892978e-05
4.300000e-01	4.400000e-01	9.707938e-01	1.791742e-05	1.791742e-05
4.400000e-01	4.500000e-01	9.728999e-01	1.694813e-05	1.694813e-05
4.500000e-01	4.600000e-01	9.749335e-01	1.599304e-05	1.599304e-05
4.600000e-01	4.700000e-01	9.768746e-01	1.507443e-05	1.507443e-05
4.700000e-01	4.800000e-01	9.787475e-01	1.417082e-05	1.417082e-05
4.800000e-01	4.900000e-01	9.805341e-01	1.329506e-05	1.329506e-05
4.900000e-01	5.000000e-01	9.822369e-01	1.244683e-05	1.244683e-05
5.000000e-01	5.100000e-01	9.838638e-01	1.161493e-05	1.161493e-05
5.100000e-01	5.200000e-01	9.854172e-01	1.080687e-05	1.080687e-05
5.200000e-01	5.300000e-01	9.868938e-01	1.001862e-05	1.001862e-05
5.300000e-01	5.400000e-01	9.883065e-01	9.242143e-06	9.242143e-06
5.400000e-01	5.500000e-01	9.896535e-01	8.488587e-06	8.488587e-06
5.500000e-01	5.600000e-01	9.909246e-01	7.744938e-06	7.744938e-06
5.600000e-01	5.700000e-01	9.921188e-01	7.018306e-06	7.018306e-06
5.700000e-01	5.800000e-01	9.932474e-01	6.313316e-06	6.313316e-06
5.800000e-01	5.900000e-01	9.942983e-01	5.625714e-06	5.625714e-06
5.900000e-01	6.000000e-01	9.952758e-01	4.950888e-06	4.950888e-06
6.000000e-01	6.100000e-01	9.961782e-01	4.279868e-06	4.279868e-06
6.100000e-01	6.200000e-01	9.969950e-01	3.654413e-06	3.654413e-06
6.200000e-01	6.300000e-01	9.977221e-01	3.039580e-06	3.039580e-06
6.300000e-01	6.400000e-01	9.983568e-01	2.451087e-06	2.451087e-06
6.400000e-01	6.500000e-01	9.988956e-01	1.877586e-06	1.877586e-06
6.500000e-01	6.600000e-01	9.993273e-01	1.410687e-06	1.410687e-06
6.600000e-01	6.700000e-01	9.996460e-01	9.592469e-07	9.592469e-07
6.700000e-01	6.800000e-01	9.998437e-01	7.114886e-07	7.114886e-07
6.800000e-01	6.900000e-01	9.999275e-01	4.111223e-07	4.111223e-07
6.900000e-01	7.000000e-01	9.999447e-01	5.039913e-07	5.039913e-07
7.000000e-01	7.100000e-01	9.999551e-01	2.908111e-07	2.908111e-07
7.100000e-01	7.200000e-01	9.999629e-01	2.909187e-07	2.909187e-07
7.200000e-01	7.300000e-01	9.999698e-01	9.469297e-09	9.469297e-09
7.300000e-01	7.400000e-01	9.999750e-01	2.910455e-07	2.910455e-07
7.400000e-01	7.500000e-01	9.999793e-01	2.910788e-07	2.910788e-07
7.500000e-01	7.600000e-01	9.999836e-01	5.140475e-09	5.140475e-09
7.600000e-01	7.700000e-01	9.999870e-01	4.058271e-09	4.058271e-09
7.700000e-01	7.800000e-01	9.999896e-01	3.246617e-09	3.246617e-09
7.800000e-01	7.900000e-01	9.999914e-01	2.705513e-09	2.705513e-09
7.900000e-01	8.000000e-01	9.999931e-01	2.911432e-07	2.911432e-07
8.000000e-01	8.100000e-01	9.999948e-01	1.623306e-09	1.623306e-09
8.100000e-01	8.200000e-01	9.999957e-01	2.911481e-07	2.911481e-07
8.200000e-01	8.300000e-01	9.999965e-01	2.911492e-07	2.911492e-07
8.300000e-01	8.400000e-01	9.999974e-01	2.911501e-07	2.911501e-07
8.400000e-01	8.500000e-01	9.999983e-01	5.410958e-10	5.410958e-10
8.500000e-01	8.600000e-01	9.999991e-01	2.911513e-07	2.911513e-07
8.600000e-01	8.700000e-01	9.999991e-01	2.705408e-10	2.705408e-10
8.700000e-01	8.800000e-01	9.999991e-01	2.911511e-07	2.911511e-07
8.800000e-01	8.900000e-01	1.000000e+00	2.911512e-07	2.911512e-07
8.900000e-01	9.000000e-01	1.000000e+00	2.911512e-07	2.911512e-07
9.000000e-01	9.100000e-01	1.000000e+00	0.000000e+00	0.000000e+00
9.100000e-01	9.200000e-01	1.000000e+00	0.000000e+00	0.000000e+00
9.200000e-01	9.300000e-01	1.000000e+00	0.000000e+00	0.000000e+00
9.300000e-01	9.400000e-01	1.000000e+00	0.000000e+00	0.000000e+00
9.400000e-01	9.500000e-01	1.000000e+00	0.000000e+00	0.000000e+00
9.500000e-01	9.600000e-01	1.000000e+00	0.000000e+00	0.000000e+00
9.600000e-01	9.700000e-01	1.000000e+00	0.000000e+00	0.000000e+00
9.700000e-01	9.800000e-01	1.000000e+00	0.000000e+00	0.000000e+00
9.800000e-01	9.900000e-01	1.000000e+00	0.000000e+00	0.000000e+00
9.900000e-01	1.000000e+00	1.000000e+00	0.000000e+00	0.000000e+00
1.000000e+00	1.010000e+00	1.000000e+00	0.000000e+00	0.000000e+00
1.010000e+00	1.020000e+00	1.000000e+00	0.000000e+00	0.000000e+00
1.020000e+00	1.030000e+00	1.000000e+00	0.000000e+00	0.000000e+00
1.030000e+00	1.040000e+00	1.000000e+00	0.000000e+00	0.000000e+00
1.040000e+00	1.050000e+00	1.000000e+00	0.000000e+00	0.000000e+00
1.050000e+00	1.060000e+00	1.000000e+00	0.000000e+00	0.000000e+00
1.060000e+00	1.070000e+00	1.000000e+00	0.000000e+00	0.000000e+00
1.070000e+00	1.080000e+00	1.000000e+00	0.000000e+00	0.000000e+00
1.080000e+00	1.090000e+00	1.000000e+00	0.000000e+00	0.000000e+00
1.090000e+00	1.100000e+00	1.000000e+00	0.000000e+00	0.000000e+00
1.100000e+00	1.110000e+00	1.000000e+00	0.000000e+00	0.000000e+00
1.110000e+00	1.120000e+00	1.000000e+00	0.000000e+00	0.000000e+00
1.120000e+00	1.130000e+00	1.000000e+00	0.000000e+00	0.000000e+00
1.130000e+00	1.140000e+00	1.000000e+00	0.000000e+00	0.000000e+00
1.140000e+00	1.150000e+00	1.000000e+00	0.000000e+00	0.000000e+00
1.150000e+00	1.160000e+00	1.000000e+00	0.000000e+00	0.000000e+00
1.160000e+00	1.170000e+00	1.000000e+00	0.000000e+00	0.000000e+00
1.170000e+00	1.180000e+00	1.000000e+00	0.000000e+00	0.000000e+00
1.180000e+00	1.190000e+00	1.000000e+00	0.000000e+00	0.000000e+00
1.190000e+00	1.200000e+00	1.000000e+00	0.000000e+00	0.000000e+00
1.200000e+00	1.210000e+00	1.000000e+00	0.000000e+00	0.000000e+00
1.210000e+00	1.220000e+00	1.000000e+00	0.000000e+00	0.000000e+00
1.220000e+00	1.230000e+00	1.000000e+00	0.000000e+00	0.000000e+00
1.230000e+00	1.240000e+00	1.000000e+00	0.000000e+00	0.000000e+00
1.240000e+00	1.250000e+00	1.000000e+00	0.000000e+00	0.000000e+00
1.250000e+00	1.260000e+00	1.000000e+00	0.000000e+00	0.000000e+00
1.260000e+00	1.270000e+00	1.000000e+00	0.000000e+00	0.000000e+00
1.270000e+00	1.280000e+00	1.000000e+00	0.000000e+00	0.000000e+00
1.280000e+00	1.290000e+00	1.000000e+00	0.000000e+00	0.000000e+00
1.290000e+00	1.300000e+00	1.000000e+00	0.000000e+00	0.000000e+00
1.300000e+00	1.310000e+00	1.000000e+00	0.000000e+00	0.000000e+00
1.310000e+00	1.320000e+00	1.000000e+00	0.000000e+00	0.000000e+00
1.320000e+00	1.330000e+00	1.000000e+00	0.000000e+00	0.000000e+00
1.330000e+00	1.340000e+00	1.000000e+00	0.000000e+00	0.000000e+00
1.340000e+00	1.350000e+00	1.000000e+00	0.000000e+00	0.000000e+00
1.350000e+00	1.360000e+00	1.000000e+00	0.000000e+00	0.000000e+00
1.360000e+00	1.370000e+00	1.000000e+00	0.000000e+00	0.000000e+00
1.370000e+00	1.380000e+00	1.000000e+00	0.000000e+00	0.000000e+00
1.380000e+00	1.390000e+00	1.000000e+00	0.000000e+00	0.000000e+00
1.390000e+00	1.400000e+00	1.000000e+00	0.000000e+00	0.000000e+00
1.400000e+00	1.410000e+00	1.000000e+00	0.000000e+00	0.000000e+00
1.410000e+00	1.420000e+00	1.000000e+00	0.000000e+00	0.000000e+00
1.420000e+00	1.430000e+00	1.000000e+00	0.000000e+00	0.000000e+00
1.430000e+00	1.440000e+00	1.000000e+00	0.000000e+00	0.000000e+00
1.440000e+00	1.450000e+00	1.000000e+00	0.000000e+00	0.000000e+00
1.450000e+00	1.460000e+00	1.000000e+00	0.000000e+00	0.000000e+00
1.460000e+00	1.470000e+00	1.000000e+00	0.000000e+00	0.000000e+00
1.470000e+00	1.480000e+00	1.000000e+00	0.000000e+00	0.000000e+00
1.480000e+00	1.490000e+00	1.000000e+00	0.000000e+00	0.000000e+00
1.490000e+00	1.500000e+00	1.000000e+00	0.000000e+00	0.000000e+00
# END HISTO1D

# BEGIN HISTO1D //nfs/farm/g/theory/qcdsim/shoeche/runs/lhjets/zj/mcnlo/css-1em/run.yoda/LH2017_ZHSHAPES/psi_0.7_100
ErrorBars=1
LineColor=blue
LineStyle=solid
Path=//nfs/farm/g/theory/qcdsim/shoeche/runs/lhjets/zj/mcnlo/css-1em/run.yoda/LH2017_ZHSHAPES/psi_0.7_100
Title=MC@NLO~1em
XLabel=
YLabel=
# xlow	 xhigh	 val	 errminus	 errplus
0.000000e+00	1.000000e-02	9.427473e-01	1.343102e-04	1.343102e-04
1.000000e-02	2.000000e-02	9.440629e-01	1.327213e-04	1.327213e-04
2.000000e-02	3.000000e-02	9.460193e-01	1.302532e-04	1.302532e-04
3.000000e-02	4.000000e-02	9.484248e-01	1.270769e-04	1.270769e-04
4.000000e-02	5.000000e-02	9.510510e-01	1.234349e-04	1.234349e-04
5.000000e-02	6.000000e-02	9.538109e-01	1.194238e-04	1.194238e-04
6.000000e-02	7.000000e-02	9.565753e-01	1.152079e-04	1.152079e-04
7.000000e-02	8.000000e-02	9.592321e-01	1.109558e-04	1.109558e-04
8.000000e-02	9.000000e-02	9.617715e-01	1.066916e-04	1.066916e-04
9.000000e-02	1.000000e-01	9.641928e-01	1.024450e-04	1.024450e-04
1.000000e-01	1.100000e-01	9.665278e-01	9.814946e-05	9.814946e-05
1.100000e-01	1.200000e-01	9.686724e-01	9.402949e-05	9.402949e-05
1.200000e-01	1.300000e-01	9.707230e-01	8.989946e-05	8.989946e-05
1.300000e-01	1.400000e-01	9.726501e-01	8.585389e-05	8.585389e-05
1.400000e-01	1.500000e-01	9.744962e-01	8.180364e-05	8.180364e-05
1.500000e-01	1.600000e-01	9.762212e-01	7.784999e-05	7.784999e-05
1.600000e-01	1.700000e-01	9.778496e-01	7.391795e-05	7.391795e-05
1.700000e-01	1.800000e-01	9.793836e-01	7.011277e-05	7.011277e-05
1.800000e-01	1.900000e-01	9.808169e-01	6.637785e-05	6.637785e-05
1.900000e-01	2.000000e-01	9.821370e-01	6.279521e-05	6.279521e-05
2.000000e-01	2.100000e-01	9.833034e-01	5.956868e-05	5.956868e-05
2.100000e-01	2.200000e-01	9.844817e-01	5.613187e-05	5.613187e-05
2.200000e-01	2.300000e-01	9.856066e-01	5.271058e-05	5.271058e-05
2.300000e-01	2.400000e-01	9.866471e-01	4.942239e-05	4.942239e-05
2.400000e-01	2.500000e-01	9.876237e-01	4.625080e-05	4.625080e-05
2.500000e-01	2.600000e-01	9.885457e-01	4.313387e-05	4.313387e-05
2.600000e-01	2.700000e-01	9.894241e-01	4.007127e-05	4.007127e-05
2.700000e-01	2.800000e-01	9.902174e-01	3.725712e-05	3.725712e-05
2.800000e-01	2.900000e-01	9.909841e-01	3.449727e-05	3.449727e-05
2.900000e-01	3.000000e-01	9.917147e-01	3.182492e-05	3.182492e-05
3.000000e-01	3.100000e-01	9.923812e-01	2.934854e-05	2.934854e-05
3.100000e-01	3.200000e-01	9.929956e-01	2.715209e-05	2.715209e-05
3.200000e-01	3.300000e-01	9.935831e-01	2.512287e-05	2.512287e-05
3.300000e-01	3.400000e-01	9.941384e-01	2.333698e-05	2.333698e-05
3.400000e-01	3.500000e-01	9.946444e-01	2.187226e-05	2.187226e-05
3.500000e-01	3.600000e-01	9.951187e-01	2.058200e-05	2.058200e-05
3.600000e-01	3.700000e-01	9.955811e-01	1.928185e-05	1.928185e-05
3.700000e-01	3.800000e-01	9.960089e-01	1.804016e-05	1.804016e-05
3.800000e-01	3.900000e-01	9.963898e-01	1.688600e-05	1.688600e-05
3.900000e-01	4.000000e-01	9.967500e-01	1.577250e-05	1.577250e-05
4.000000e-01	4.100000e-01	9.970857e-01	1.469061e-05	1.469061e-05
4.100000e-01	4.200000e-01	9.973925e-01	1.367312e-05	1.367312e-05
4.200000e-01	4.300000e-01	9.976842e-01	1.264576e-05	1.264576e-05
4.300000e-01	4.400000e-01	9.979511e-01	1.167595e-05	1.167595e-05
4.400000e-01	4.500000e-01	9.981988e-01	1.073583e-05	1.073583e-05
4.500000e-01	4.600000e-01	9.984221e-01	9.834137e-06	9.834137e-06
4.600000e-01	4.700000e-01	9.985932e-01	9.176675e-06	9.176675e-06
4.700000e-01	4.800000e-01	9.987826e-01	8.362829e-06	8.362829e-06
4.800000e-01	4.900000e-01	9.989558e-01	7.567163e-06	7.567163e-06
4.900000e-01	5.000000e-01	9.991122e-01	6.806479e-06	6.806479e-06
5.000000e-01	5.100000e-01	9.992556e-01	6.083284e-06	6.083284e-06
5.100000e-01	5.200000e-01	9.993762e-01	5.425169e-06	5.425169e-06
5.200000e-01	5.300000e-01	9.994834e-01	4.803162e-06	4.803162e-06
5.300000e-01	5.400000e-01	9.995718e-01	4.281372e-06	4.281372e-06
5.400000e-01	5.500000e-01	9.996557e-01	3.740637e-06	3.740637e-06
5.500000e-01	5.600000e-01	9.997282e-01	3.192614e-06	3.192614e-06
5.600000e-01	5.700000e-01	9.997877e-01	2.734547e-06	2.734547e-06
5.700000e-01	5.800000e-01	9.998395e-01	2.303144e-06	2.303144e-06
5.800000e-01	5.900000e-01	9.998835e-01	1.880829e-06	1.880829e-06
5.900000e-01	6.000000e-01	9.999161e-01	1.521054e-06	1.521054e-06
6.000000e-01	6.100000e-01	9.999426e-01	1.223707e-06	1.223707e-06
6.100000e-01	6.200000e-01	9.999633e-01	9.038520e-07	9.038520e-07
6.200000e-01	6.300000e-01	9.999780e-01	5.218277e-07	5.218277e-07
6.300000e-01	6.400000e-01	9.999878e-01	3.690299e-07	3.690299e-07
6.400000e-01	6.500000e-01	9.999939e-01	3.533913e-09	3.533913e-09
6.500000e-01	6.600000e-01	9.999976e-01	3.690949e-07	3.690949e-07
6.600000e-01	6.700000e-01	9.999992e-01	4.712062e-10	4.712062e-10
6.700000e-01	6.800000e-01	1.000000e+00	0.000000e+00	0.000000e+00
6.800000e-01	6.900000e-01	1.000000e+00	0.000000e+00	0.000000e+00
6.900000e-01	7.000000e-01	1.000000e+00	0.000000e+00	0.000000e+00
7.000000e-01	7.100000e-01	1.000000e+00	0.000000e+00	0.000000e+00
7.100000e-01	7.200000e-01	1.000000e+00	0.000000e+00	0.000000e+00
7.200000e-01	7.300000e-01	1.000000e+00	0.000000e+00	0.000000e+00
7.300000e-01	7.400000e-01	1.000000e+00	0.000000e+00	0.000000e+00
7.400000e-01	7.500000e-01	1.000000e+00	0.000000e+00	0.000000e+00
7.500000e-01	7.600000e-01	1.000000e+00	0.000000e+00	0.000000e+00
7.600000e-01	7.700000e-01	1.000000e+00	0.000000e+00	0.000000e+00
7.700000e-01	7.800000e-01	1.000000e+00	0.000000e+00	0.000000e+00
7.800000e-01	7.900000e-01	1.000000e+00	0.000000e+00	0.000000e+00
7.900000e-01	8.000000e-01	1.000000e+00	0.000000e+00	0.000000e+00
8.000000e-01	8.100000e-01	1.000000e+00	0.000000e+00	0.000000e+00
8.100000e-01	8.200000e-01	1.000000e+00	0.000000e+00	0.000000e+00
8.200000e-01	8.300000e-01	1.000000e+00	0.000000e+00	0.000000e+00
8.300000e-01	8.400000e-01	1.000000e+00	0.000000e+00	0.000000e+00
8.400000e-01	8.500000e-01	1.000000e+00	0.000000e+00	0.000000e+00
8.500000e-01	8.600000e-01	1.000000e+00	0.000000e+00	0.000000e+00
8.600000e-01	8.700000e-01	1.000000e+00	0.000000e+00	0.000000e+00
8.700000e-01	8.800000e-01	1.000000e+00	0.000000e+00	0.000000e+00
8.800000e-01	8.900000e-01	1.000000e+00	0.000000e+00	0.000000e+00
8.900000e-01	9.000000e-01	1.000000e+00	0.000000e+00	0.000000e+00
9.000000e-01	9.100000e-01	1.000000e+00	0.000000e+00	0.000000e+00
9.100000e-01	9.200000e-01	1.000000e+00	0.000000e+00	0.000000e+00
9.200000e-01	9.300000e-01	1.000000e+00	0.000000e+00	0.000000e+00
9.300000e-01	9.400000e-01	1.000000e+00	0.000000e+00	0.000000e+00
9.400000e-01	9.500000e-01	1.000000e+00	0.000000e+00	0.000000e+00
9.500000e-01	9.600000e-01	1.000000e+00	0.000000e+00	0.000000e+00
9.600000e-01	9.700000e-01	1.000000e+00	0.000000e+00	0.000000e+00
9.700000e-01	9.800000e-01	1.000000e+00	0.000000e+00	0.000000e+00
9.800000e-01	9.900000e-01	1.000000e+00	0.000000e+00	0.000000e+00
9.900000e-01	1.000000e+00	1.000000e+00	0.000000e+00	0.000000e+00
1.000000e+00	1.010000e+00	1.000000e+00	0.000000e+00	0.000000e+00
1.010000e+00	1.020000e+00	1.000000e+00	0.000000e+00	0.000000e+00
1.020000e+00	1.030000e+00	1.000000e+00	0.000000e+00	0.000000e+00
1.030000e+00	1.040000e+00	1.000000e+00	0.000000e+00	0.000000e+00
1.040000e+00	1.050000e+00	1.000000e+00	0.000000e+00	0.000000e+00
1.050000e+00	1.060000e+00	1.000000e+00	0.000000e+00	0.000000e+00
1.060000e+00	1.070000e+00	1.000000e+00	0.000000e+00	0.000000e+00
1.070000e+00	1.080000e+00	1.000000e+00	0.000000e+00	0.000000e+00
1.080000e+00	1.090000e+00	1.000000e+00	0.000000e+00	0.000000e+00
1.090000e+00	1.100000e+00	1.000000e+00	0.000000e+00	0.000000e+00
1.100000e+00	1.110000e+00	1.000000e+00	0.000000e+00	0.000000e+00
1.110000e+00	1.120000e+00	1.000000e+00	0.000000e+00	0.000000e+00
1.120000e+00	1.130000e+00	1.000000e+00	0.000000e+00	0.000000e+00
1.130000e+00	1.140000e+00	1.000000e+00	0.000000e+00	0.000000e+00
1.140000e+00	1.150000e+00	1.000000e+00	0.000000e+00	0.000000e+00
1.150000e+00	1.160000e+00	1.000000e+00	0.000000e+00	0.000000e+00
1.160000e+00	1.170000e+00	1.000000e+00	0.000000e+00	0.000000e+00
1.170000e+00	1.180000e+00	1.000000e+00	0.000000e+00	0.000000e+00
1.180000e+00	1.190000e+00	1.000000e+00	0.000000e+00	0.000000e+00
1.190000e+00	1.200000e+00	1.000000e+00	0.000000e+00	0.000000e+00
1.200000e+00	1.210000e+00	1.000000e+00	0.000000e+00	0.000000e+00
1.210000e+00	1.220000e+00	1.000000e+00	0.000000e+00	0.000000e+00
1.220000e+00	1.230000e+00	1.000000e+00	0.000000e+00	0.000000e+00
1.230000e+00	1.240000e+00	1.000000e+00	0.000000e+00	0.000000e+00
1.240000e+00	1.250000e+00	1.000000e+00	0.000000e+00	0.000000e+00
1.250000e+00	1.260000e+00	1.000000e+00	0.000000e+00	0.000000e+00
1.260000e+00	1.270000e+00	1.000000e+00	0.000000e+00	0.000000e+00
1.270000e+00	1.280000e+00	1.000000e+00	0.000000e+00	0.000000e+00
1.280000e+00	1.290000e+00	1.000000e+00	0.000000e+00	0.000000e+00
1.290000e+00	1.300000e+00	1.000000e+00	0.000000e+00	0.000000e+00
1.300000e+00	1.310000e+00	1.000000e+00	0.000000e+00	0.000000e+00
1.310000e+00	1.320000e+00	1.000000e+00	0.000000e+00	0.000000e+00
1.320000e+00	1.330000e+00	1.000000e+00	0.000000e+00	0.000000e+00
1.330000e+00	1.340000e+00	1.000000e+00	0.000000e+00	0.000000e+00
1.340000e+00	1.350000e+00	1.000000e+00	0.000000e+00	0.000000e+00
1.350000e+00	1.360000e+00	1.000000e+00	0.000000e+00	0.000000e+00
1.360000e+00	1.370000e+00	1.000000e+00	0.000000e+00	0.000000e+00
1.370000e+00	1.380000e+00	1.000000e+00	0.000000e+00	0.000000e+00
1.380000e+00	1.390000e+00	1.000000e+00	0.000000e+00	0.000000e+00
1.390000e+00	1.400000e+00	1.000000e+00	0.000000e+00	0.000000e+00
1.400000e+00	1.410000e+00	1.000000e+00	0.000000e+00	0.000000e+00
1.410000e+00	1.420000e+00	1.000000e+00	0.000000e+00	0.000000e+00
1.420000e+00	1.430000e+00	1.000000e+00	0.000000e+00	0.000000e+00
1.430000e+00	1.440000e+00	1.000000e+00	0.000000e+00	0.000000e+00
1.440000e+00	1.450000e+00	1.000000e+00	0.000000e+00	0.000000e+00
1.450000e+00	1.460000e+00	1.000000e+00	0.000000e+00	0.000000e+00
1.460000e+00	1.470000e+00	1.000000e+00	0.000000e+00	0.000000e+00
1.470000e+00	1.480000e+00	1.000000e+00	0.000000e+00	0.000000e+00
1.480000e+00	1.490000e+00	1.000000e+00	0.000000e+00	0.000000e+00
1.490000e+00	1.500000e+00	1.000000e+00	0.000000e+00	0.000000e+00
# END HISTO1D

# BEGIN HISTO1D //nfs/farm/g/theory/qcdsim/shoeche/runs/lhjets/zj/mcnlo/herwig.yoda/LH2017_ZHSHAPES/psi_0.7_100
ErrorBars=1
LineColor={[HTML]{2da334}}
LineStyle=solid
Path=//nfs/farm/g/theory/qcdsim/shoeche/runs/lhjets/zj/mcnlo/herwig.yoda/LH2017_ZHSHAPES/psi_0.7_100
Title=Herwig~MCNLO
XLabel=~
YLabel=~
# xlow	 xhigh	 val	 errminus	 errplus
0.000000e+00	1.000000e-02	1.274885e-01	9.301266e-05	9.301266e-05
1.000000e-02	2.000000e-02	2.515873e-01	1.144964e-04	1.144964e-04
2.000000e-02	3.000000e-02	3.505138e-01	1.210499e-04	1.210499e-04
3.000000e-02	4.000000e-02	4.300757e-01	1.221417e-04	1.221417e-04
4.000000e-02	5.000000e-02	4.948526e-01	1.206190e-04	1.206190e-04
5.000000e-02	6.000000e-02	5.480727e-01	1.177470e-04	1.177470e-04
6.000000e-02	7.000000e-02	5.925933e-01	1.141847e-04	1.141847e-04
7.000000e-02	8.000000e-02	6.304201e-01	1.102488e-04	1.102488e-04
8.000000e-02	9.000000e-02	6.628517e-01	1.061519e-04	1.061519e-04
9.000000e-02	1.000000e-01	6.910652e-01	1.019900e-04	1.019900e-04
1.000000e-01	1.100000e-01	7.158564e-01	9.784315e-05	9.784315e-05
1.100000e-01	1.200000e-01	7.377866e-01	9.375728e-05	9.375728e-05
1.200000e-01	1.300000e-01	7.573381e-01	8.974698e-05	8.974698e-05
1.300000e-01	1.400000e-01	7.749179e-01	8.581964e-05	8.581964e-05
1.400000e-01	1.500000e-01	7.907624e-01	8.201030e-05	8.201030e-05
1.500000e-01	1.600000e-01	8.051808e-01	7.829062e-05	7.829062e-05
1.600000e-01	1.700000e-01	8.183113e-01	7.467485e-05	7.467485e-05
1.700000e-01	1.800000e-01	8.303639e-01	7.115522e-05	7.115522e-05
1.800000e-01	1.900000e-01	8.414375e-01	6.774736e-05	6.774736e-05
1.900000e-01	2.000000e-01	8.516343e-01	6.445169e-05	6.445169e-05
2.000000e-01	2.100000e-01	8.610506e-01	6.125208e-05	6.125208e-05
2.100000e-01	2.200000e-01	8.697697e-01	5.817628e-05	5.817628e-05
2.200000e-01	2.300000e-01	8.779049e-01	5.518076e-05	5.518076e-05
2.300000e-01	2.400000e-01	8.854509e-01	5.230392e-05	5.230392e-05
2.400000e-01	2.500000e-01	8.925014e-01	4.953016e-05	4.953016e-05
2.500000e-01	2.600000e-01	8.990710e-01	4.687317e-05	4.687317e-05
2.600000e-01	2.700000e-01	9.052207e-01	4.431911e-05	4.431911e-05
2.700000e-01	2.800000e-01	9.109637e-01	4.189384e-05	4.189384e-05
2.800000e-01	2.900000e-01	9.163675e-01	3.956641e-05	3.956641e-05
2.900000e-01	3.000000e-01	9.214304e-01	3.737015e-05	3.737015e-05
3.000000e-01	3.100000e-01	9.261839e-01	3.529646e-05	3.529646e-05
3.100000e-01	3.200000e-01	9.306627e-01	3.334457e-05	3.334457e-05
3.200000e-01	3.300000e-01	9.349019e-01	3.149578e-05	3.149578e-05
3.300000e-01	3.400000e-01	9.389035e-01	2.977357e-05	2.977357e-05
3.400000e-01	3.500000e-01	9.426807e-01	2.815674e-05	2.815674e-05
3.500000e-01	3.600000e-01	9.462508e-01	2.664953e-05	2.664953e-05
3.600000e-01	3.700000e-01	9.496463e-01	2.522575e-05	2.522575e-05
3.700000e-01	3.800000e-01	9.528735e-01	2.388313e-05	2.388313e-05
3.800000e-01	3.900000e-01	9.559288e-01	2.261186e-05	2.261186e-05
3.900000e-01	4.000000e-01	9.588327e-01	2.140743e-05	2.140743e-05
4.000000e-01	4.100000e-01	9.615850e-01	2.026000e-05	2.026000e-05
4.100000e-01	4.200000e-01	9.642023e-01	1.917023e-05	1.917023e-05
4.200000e-01	4.300000e-01	9.667014e-01	1.812093e-05	1.812093e-05
4.300000e-01	4.400000e-01	9.690811e-01	1.711669e-05	1.711669e-05
4.400000e-01	4.500000e-01	9.713437e-01	1.614948e-05	1.614948e-05
4.500000e-01	4.600000e-01	9.734998e-01	1.522764e-05	1.522764e-05
4.600000e-01	4.700000e-01	9.755569e-01	1.433432e-05	1.433432e-05
4.700000e-01	4.800000e-01	9.775196e-01	1.347156e-05	1.347156e-05
4.800000e-01	4.900000e-01	9.793876e-01	1.263868e-05	1.263868e-05
4.900000e-01	5.000000e-01	9.811680e-01	1.182917e-05	1.182917e-05
5.000000e-01	5.100000e-01	9.828704e-01	1.103867e-05	1.103867e-05
5.100000e-01	5.200000e-01	9.844975e-01	1.026926e-05	1.026926e-05
5.200000e-01	5.300000e-01	9.860406e-01	9.524464e-06	9.524464e-06
5.300000e-01	5.400000e-01	9.875128e-01	8.794973e-06	8.794973e-06
5.400000e-01	5.500000e-01	9.889144e-01	8.082238e-06	8.082238e-06
5.500000e-01	5.600000e-01	9.902489e-01	7.379988e-06	7.379988e-06
5.600000e-01	5.700000e-01	9.915045e-01	6.699249e-06	6.699249e-06
5.700000e-01	5.800000e-01	9.926856e-01	6.033661e-06	6.033661e-06
5.800000e-01	5.900000e-01	9.937984e-01	5.377718e-06	5.377718e-06
5.900000e-01	6.000000e-01	9.948323e-01	4.741217e-06	4.741217e-06
6.000000e-01	6.100000e-01	9.957795e-01	4.125660e-06	4.125660e-06
6.100000e-01	6.200000e-01	9.966527e-01	3.521207e-06	3.521207e-06
6.200000e-01	6.300000e-01	9.974377e-01	2.939389e-06	2.939389e-06
6.300000e-01	6.400000e-01	9.981289e-01	2.388460e-06	2.388460e-06
6.400000e-01	6.500000e-01	9.987183e-01	1.871368e-06	1.871368e-06
6.500000e-01	6.600000e-01	9.992014e-01	1.392603e-06	1.392603e-06
6.600000e-01	6.700000e-01	9.995668e-01	9.842556e-07	9.842556e-07
6.700000e-01	6.800000e-01	9.998061e-01	6.445029e-07	6.445029e-07
6.800000e-01	6.900000e-01	9.999172e-01	4.701523e-07	4.701523e-07
6.900000e-01	7.000000e-01	9.999390e-01	4.704421e-07	4.704421e-07
7.000000e-01	7.100000e-01	9.999498e-01	3.841097e-07	3.841097e-07
7.100000e-01	7.200000e-01	9.999586e-01	3.506903e-07	3.506903e-07
7.200000e-01	7.300000e-01	9.999660e-01	3.136964e-07	3.136964e-07
7.300000e-01	7.400000e-01	9.999722e-01	2.716844e-07	2.716844e-07
7.400000e-01	7.500000e-01	9.999773e-01	2.218295e-07	2.218295e-07
7.500000e-01	7.600000e-01	9.999816e-01	2.717535e-07	2.717535e-07
7.600000e-01	7.700000e-01	9.999853e-01	1.568682e-07	1.568682e-07
7.700000e-01	7.800000e-01	9.999881e-01	2.219024e-07	2.219024e-07
7.800000e-01	7.900000e-01	9.999904e-01	1.569026e-07	1.569026e-07
7.900000e-01	8.000000e-01	9.999923e-01	1.569121e-07	1.569121e-07
8.000000e-01	8.100000e-01	9.999940e-01	1.754689e-09	1.754689e-09
8.100000e-01	8.200000e-01	9.999955e-01	1.336905e-09	1.336905e-09
8.200000e-01	8.300000e-01	9.999966e-01	1.569315e-07	1.569315e-07
8.300000e-01	8.400000e-01	9.999972e-01	1.569261e-07	1.569261e-07
8.400000e-01	8.500000e-01	9.999980e-01	5.849085e-10	5.849085e-10
8.500000e-01	8.600000e-01	9.999986e-01	4.177829e-10	4.177829e-10
8.600000e-01	8.700000e-01	9.999989e-01	3.342461e-10	3.342461e-10
8.700000e-01	8.800000e-01	9.999991e-01	2.506646e-10	2.506646e-10
8.800000e-01	8.900000e-01	9.999994e-01	1.671629e-10	1.671629e-10
8.900000e-01	9.000000e-01	9.999997e-01	1.569283e-07	1.569283e-07
9.000000e-01	9.100000e-01	9.999997e-01	8.353363e-11	8.353363e-11
9.100000e-01	9.200000e-01	9.999997e-01	1.569283e-07	1.569283e-07
9.200000e-01	9.300000e-01	1.000000e+00	1.569283e-07	1.569283e-07
9.300000e-01	9.400000e-01	1.000000e+00	0.000000e+00	0.000000e+00
9.400000e-01	9.500000e-01	1.000000e+00	0.000000e+00	0.000000e+00
9.500000e-01	9.600000e-01	1.000000e+00	0.000000e+00	0.000000e+00
9.600000e-01	9.700000e-01	1.000000e+00	0.000000e+00	0.000000e+00
9.700000e-01	9.800000e-01	1.000000e+00	0.000000e+00	0.000000e+00
9.800000e-01	9.900000e-01	1.000000e+00	0.000000e+00	0.000000e+00
9.900000e-01	1.000000e+00	1.000000e+00	0.000000e+00	0.000000e+00
1.000000e+00	1.010000e+00	1.000000e+00	0.000000e+00	0.000000e+00
1.010000e+00	1.020000e+00	1.000000e+00	0.000000e+00	0.000000e+00
1.020000e+00	1.030000e+00	1.000000e+00	0.000000e+00	0.000000e+00
1.030000e+00	1.040000e+00	1.000000e+00	0.000000e+00	0.000000e+00
1.040000e+00	1.050000e+00	1.000000e+00	0.000000e+00	0.000000e+00
1.050000e+00	1.060000e+00	1.000000e+00	0.000000e+00	0.000000e+00
1.060000e+00	1.070000e+00	1.000000e+00	0.000000e+00	0.000000e+00
1.070000e+00	1.080000e+00	1.000000e+00	0.000000e+00	0.000000e+00
1.080000e+00	1.090000e+00	1.000000e+00	0.000000e+00	0.000000e+00
1.090000e+00	1.100000e+00	1.000000e+00	0.000000e+00	0.000000e+00
1.100000e+00	1.110000e+00	1.000000e+00	0.000000e+00	0.000000e+00
1.110000e+00	1.120000e+00	1.000000e+00	0.000000e+00	0.000000e+00
1.120000e+00	1.130000e+00	1.000000e+00	0.000000e+00	0.000000e+00
1.130000e+00	1.140000e+00	1.000000e+00	0.000000e+00	0.000000e+00
1.140000e+00	1.150000e+00	1.000000e+00	0.000000e+00	0.000000e+00
1.150000e+00	1.160000e+00	1.000000e+00	0.000000e+00	0.000000e+00
1.160000e+00	1.170000e+00	1.000000e+00	0.000000e+00	0.000000e+00
1.170000e+00	1.180000e+00	1.000000e+00	0.000000e+00	0.000000e+00
1.180000e+00	1.190000e+00	1.000000e+00	0.000000e+00	0.000000e+00
1.190000e+00	1.200000e+00	1.000000e+00	0.000000e+00	0.000000e+00
1.200000e+00	1.210000e+00	1.000000e+00	0.000000e+00	0.000000e+00
1.210000e+00	1.220000e+00	1.000000e+00	0.000000e+00	0.000000e+00
1.220000e+00	1.230000e+00	1.000000e+00	0.000000e+00	0.000000e+00
1.230000e+00	1.240000e+00	1.000000e+00	0.000000e+00	0.000000e+00
1.240000e+00	1.250000e+00	1.000000e+00	0.000000e+00	0.000000e+00
1.250000e+00	1.260000e+00	1.000000e+00	0.000000e+00	0.000000e+00
1.260000e+00	1.270000e+00	1.000000e+00	0.000000e+00	0.000000e+00
1.270000e+00	1.280000e+00	1.000000e+00	0.000000e+00	0.000000e+00
1.280000e+00	1.290000e+00	1.000000e+00	0.000000e+00	0.000000e+00
1.290000e+00	1.300000e+00	1.000000e+00	0.000000e+00	0.000000e+00
1.300000e+00	1.310000e+00	1.000000e+00	0.000000e+00	0.000000e+00
1.310000e+00	1.320000e+00	1.000000e+00	0.000000e+00	0.000000e+00
1.320000e+00	1.330000e+00	1.000000e+00	0.000000e+00	0.000000e+00
1.330000e+00	1.340000e+00	1.000000e+00	0.000000e+00	0.000000e+00
1.340000e+00	1.350000e+00	1.000000e+00	0.000000e+00	0.000000e+00
1.350000e+00	1.360000e+00	1.000000e+00	0.000000e+00	0.000000e+00
1.360000e+00	1.370000e+00	1.000000e+00	0.000000e+00	0.000000e+00
1.370000e+00	1.380000e+00	1.000000e+00	0.000000e+00	0.000000e+00
1.380000e+00	1.390000e+00	1.000000e+00	0.000000e+00	0.000000e+00
1.390000e+00	1.400000e+00	1.000000e+00	0.000000e+00	0.000000e+00
1.400000e+00	1.410000e+00	1.000000e+00	0.000000e+00	0.000000e+00
1.410000e+00	1.420000e+00	1.000000e+00	0.000000e+00	0.000000e+00
1.420000e+00	1.430000e+00	1.000000e+00	0.000000e+00	0.000000e+00
1.430000e+00	1.440000e+00	1.000000e+00	0.000000e+00	0.000000e+00
1.440000e+00	1.450000e+00	1.000000e+00	0.000000e+00	0.000000e+00
1.450000e+00	1.460000e+00	1.000000e+00	0.000000e+00	0.000000e+00
1.460000e+00	1.470000e+00	1.000000e+00	0.000000e+00	0.000000e+00
1.470000e+00	1.480000e+00	1.000000e+00	0.000000e+00	0.000000e+00
1.480000e+00	1.490000e+00	1.000000e+00	0.000000e+00	0.000000e+00
1.490000e+00	1.500000e+00	1.000000e+00	0.000000e+00	0.000000e+00
# END HISTO1D

# BEGIN HISTO1D //nfs/farm/g/theory/qcdsim/shoeche/runs/lhjets/zj/nlo/cs/run.yoda/LH2017_ZHSHAPES/psi_0.7_100
ErrorBars=0
LineColor={[HTML]{2da334}}
LineStyle=solid
Path=//nfs/farm/g/theory/qcdsim/shoeche/runs/lhjets/zj/nlo/cs/run.yoda/LH2017_ZHSHAPES/psi_0.7_100
Title=NLO
XLabel=
YLabel=
# xlow	 xhigh	 val	 errminus	 errplus
0.000000e+00	1.000000e-02	5.567926e-01	nan	nan
1.000000e-02	2.000000e-02	6.948560e-01	nan	nan
2.000000e-02	3.000000e-02	7.612130e-01	nan	nan
3.000000e-02	4.000000e-02	8.037404e-01	nan	nan
4.000000e-02	5.000000e-02	8.335625e-01	nan	nan
5.000000e-02	6.000000e-02	8.555842e-01	nan	nan
6.000000e-02	7.000000e-02	8.727315e-01	nan	nan
7.000000e-02	8.000000e-02	8.866680e-01	nan	nan
8.000000e-02	9.000000e-02	8.983748e-01	nan	nan
9.000000e-02	1.000000e-01	9.081448e-01	nan	nan
1.000000e-01	1.100000e-01	9.165403e-01	nan	nan
1.100000e-01	1.200000e-01	9.239889e-01	nan	nan
1.200000e-01	1.300000e-01	9.303409e-01	nan	nan
1.300000e-01	1.400000e-01	9.359334e-01	nan	nan
1.400000e-01	1.500000e-01	9.408887e-01	nan	nan
1.500000e-01	1.600000e-01	9.453503e-01	nan	nan
1.600000e-01	1.700000e-01	9.494144e-01	nan	nan
1.700000e-01	1.800000e-01	9.530736e-01	nan	nan
1.800000e-01	1.900000e-01	9.563885e-01	nan	nan
1.900000e-01	2.000000e-01	9.594301e-01	nan	nan
2.000000e-01	2.100000e-01	9.622476e-01	nan	nan
2.100000e-01	2.200000e-01	9.648210e-01	nan	nan
2.200000e-01	2.300000e-01	9.672092e-01	nan	nan
2.300000e-01	2.400000e-01	9.694189e-01	nan	nan
2.400000e-01	2.500000e-01	9.714434e-01	nan	nan
2.500000e-01	2.600000e-01	9.733192e-01	nan	nan
2.600000e-01	2.700000e-01	9.751001e-01	nan	nan
2.700000e-01	2.800000e-01	9.767533e-01	nan	nan
2.800000e-01	2.900000e-01	9.783173e-01	nan	nan
2.900000e-01	3.000000e-01	9.797652e-01	nan	nan
3.000000e-01	3.100000e-01	9.811392e-01	nan	nan
3.100000e-01	3.200000e-01	9.824134e-01	nan	nan
3.200000e-01	3.300000e-01	9.836310e-01	nan	nan
3.300000e-01	3.400000e-01	9.847593e-01	nan	nan
3.400000e-01	3.500000e-01	9.858148e-01	nan	nan
3.500000e-01	3.600000e-01	9.868146e-01	nan	nan
3.600000e-01	3.700000e-01	9.877597e-01	nan	nan
3.700000e-01	3.800000e-01	9.886568e-01	nan	nan
3.800000e-01	3.900000e-01	9.895089e-01	nan	nan
3.900000e-01	4.000000e-01	9.903014e-01	nan	nan
4.000000e-01	4.100000e-01	9.910460e-01	nan	nan
4.100000e-01	4.200000e-01	9.917522e-01	nan	nan
4.200000e-01	4.300000e-01	9.924276e-01	nan	nan
4.300000e-01	4.400000e-01	9.930580e-01	nan	nan
4.400000e-01	4.500000e-01	9.936500e-01	nan	nan
4.500000e-01	4.600000e-01	9.942066e-01	nan	nan
4.600000e-01	4.700000e-01	9.947170e-01	nan	nan
4.700000e-01	4.800000e-01	9.952025e-01	nan	nan
4.800000e-01	4.900000e-01	9.956640e-01	nan	nan
4.900000e-01	5.000000e-01	9.960881e-01	nan	nan
5.000000e-01	5.100000e-01	9.965007e-01	nan	nan
5.100000e-01	5.200000e-01	9.968826e-01	nan	nan
5.200000e-01	5.300000e-01	9.972395e-01	nan	nan
5.300000e-01	5.400000e-01	9.975821e-01	nan	nan
5.400000e-01	5.500000e-01	9.978881e-01	nan	nan
5.500000e-01	5.600000e-01	9.981731e-01	nan	nan
5.600000e-01	5.700000e-01	9.984399e-01	nan	nan
5.700000e-01	5.800000e-01	9.986749e-01	nan	nan
5.800000e-01	5.900000e-01	9.988841e-01	nan	nan
5.900000e-01	6.000000e-01	9.990837e-01	nan	nan
6.000000e-01	6.100000e-01	9.992650e-01	nan	nan
6.100000e-01	6.200000e-01	9.994205e-01	nan	nan
6.200000e-01	6.300000e-01	9.995558e-01	nan	nan
6.300000e-01	6.400000e-01	9.996747e-01	nan	nan
6.400000e-01	6.500000e-01	9.997764e-01	nan	nan
6.500000e-01	6.600000e-01	9.998551e-01	nan	nan
6.600000e-01	6.700000e-01	9.999175e-01	nan	nan
6.700000e-01	6.800000e-01	9.999635e-01	nan	nan
6.800000e-01	6.900000e-01	9.999894e-01	nan	nan
6.900000e-01	7.000000e-01	1.000000e+00	nan	nan
7.000000e-01	7.100000e-01	1.000000e+00	nan	nan
7.100000e-01	7.200000e-01	1.000000e+00	nan	nan
7.200000e-01	7.300000e-01	1.000000e+00	nan	nan
7.300000e-01	7.400000e-01	1.000000e+00	nan	nan
7.400000e-01	7.500000e-01	1.000000e+00	nan	nan
7.500000e-01	7.600000e-01	1.000000e+00	nan	nan
7.600000e-01	7.700000e-01	1.000000e+00	nan	nan
7.700000e-01	7.800000e-01	1.000000e+00	nan	nan
7.800000e-01	7.900000e-01	1.000000e+00	nan	nan
7.900000e-01	8.000000e-01	1.000000e+00	nan	nan
8.000000e-01	8.100000e-01	1.000000e+00	nan	nan
8.100000e-01	8.200000e-01	1.000000e+00	nan	nan
8.200000e-01	8.300000e-01	1.000000e+00	nan	nan
8.300000e-01	8.400000e-01	1.000000e+00	nan	nan
8.400000e-01	8.500000e-01	1.000000e+00	nan	nan
8.500000e-01	8.600000e-01	1.000000e+00	nan	nan
8.600000e-01	8.700000e-01	1.000000e+00	nan	nan
8.700000e-01	8.800000e-01	1.000000e+00	nan	nan
8.800000e-01	8.900000e-01	1.000000e+00	nan	nan
8.900000e-01	9.000000e-01	1.000000e+00	nan	nan
9.000000e-01	9.100000e-01	1.000000e+00	nan	nan
9.100000e-01	9.200000e-01	1.000000e+00	nan	nan
9.200000e-01	9.300000e-01	1.000000e+00	nan	nan
9.300000e-01	9.400000e-01	1.000000e+00	nan	nan
9.400000e-01	9.500000e-01	1.000000e+00	nan	nan
9.500000e-01	9.600000e-01	1.000000e+00	nan	nan
9.600000e-01	9.700000e-01	1.000000e+00	nan	nan
9.700000e-01	9.800000e-01	1.000000e+00	nan	nan
9.800000e-01	9.900000e-01	1.000000e+00	nan	nan
9.900000e-01	1.000000e+00	1.000000e+00	nan	nan
1.000000e+00	1.010000e+00	1.000000e+00	nan	nan
1.010000e+00	1.020000e+00	1.000000e+00	nan	nan
1.020000e+00	1.030000e+00	1.000000e+00	nan	nan
1.030000e+00	1.040000e+00	1.000000e+00	nan	nan
1.040000e+00	1.050000e+00	1.000000e+00	nan	nan
1.050000e+00	1.060000e+00	1.000000e+00	nan	nan
1.060000e+00	1.070000e+00	1.000000e+00	nan	nan
1.070000e+00	1.080000e+00	1.000000e+00	nan	nan
1.080000e+00	1.090000e+00	1.000000e+00	nan	nan
1.090000e+00	1.100000e+00	1.000000e+00	nan	nan
1.100000e+00	1.110000e+00	1.000000e+00	nan	nan
1.110000e+00	1.120000e+00	1.000000e+00	nan	nan
1.120000e+00	1.130000e+00	1.000000e+00	nan	nan
1.130000e+00	1.140000e+00	1.000000e+00	nan	nan
1.140000e+00	1.150000e+00	1.000000e+00	nan	nan
1.150000e+00	1.160000e+00	1.000000e+00	nan	nan
1.160000e+00	1.170000e+00	1.000000e+00	nan	nan
1.170000e+00	1.180000e+00	1.000000e+00	nan	nan
1.180000e+00	1.190000e+00	1.000000e+00	nan	nan
1.190000e+00	1.200000e+00	1.000000e+00	nan	nan
1.200000e+00	1.210000e+00	1.000000e+00	nan	nan
1.210000e+00	1.220000e+00	1.000000e+00	nan	nan
1.220000e+00	1.230000e+00	1.000000e+00	nan	nan
1.230000e+00	1.240000e+00	1.000000e+00	nan	nan
1.240000e+00	1.250000e+00	1.000000e+00	nan	nan
1.250000e+00	1.260000e+00	1.000000e+00	nan	nan
1.260000e+00	1.270000e+00	1.000000e+00	nan	nan
1.270000e+00	1.280000e+00	1.000000e+00	nan	nan
1.280000e+00	1.290000e+00	1.000000e+00	nan	nan
1.290000e+00	1.300000e+00	1.000000e+00	nan	nan
1.300000e+00	1.310000e+00	1.000000e+00	nan	nan
1.310000e+00	1.320000e+00	1.000000e+00	nan	nan
1.320000e+00	1.330000e+00	1.000000e+00	nan	nan
1.330000e+00	1.340000e+00	1.000000e+00	nan	nan
1.340000e+00	1.350000e+00	1.000000e+00	nan	nan
1.350000e+00	1.360000e+00	1.000000e+00	nan	nan
1.360000e+00	1.370000e+00	1.000000e+00	nan	nan
1.370000e+00	1.380000e+00	1.000000e+00	nan	nan
1.380000e+00	1.390000e+00	1.000000e+00	nan	nan
1.390000e+00	1.400000e+00	1.000000e+00	nan	nan
1.400000e+00	1.410000e+00	1.000000e+00	nan	nan
1.410000e+00	1.420000e+00	1.000000e+00	nan	nan
1.420000e+00	1.430000e+00	1.000000e+00	nan	nan
1.430000e+00	1.440000e+00	1.000000e+00	nan	nan
1.440000e+00	1.450000e+00	1.000000e+00	nan	nan
1.450000e+00	1.460000e+00	1.000000e+00	nan	nan
1.460000e+00	1.470000e+00	1.000000e+00	nan	nan
1.470000e+00	1.480000e+00	1.000000e+00	nan	nan
1.480000e+00	1.490000e+00	1.000000e+00	nan	nan
1.490000e+00	1.500000e+00	1.000000e+00	nan	nan
# END HISTO1D

