# BEGIN PLOT
XTwosidedTicks=1
DrawOnly=//nfs/farm/g/theory/qcdsim/shoeche/runs/lhjets/zj/mcnlo/css/run.yoda/LH2017_ZHSHAPES/psi_0.7_800 //nfs/farm/g/theory/qcdsim/shoeche/runs/lhjets/zj/mcnlo/css-1em/run.yoda/LH2017_ZHSHAPES/psi_0.7_800 //nfs/farm/g/theory/qcdsim/shoeche/runs/lhjets/zj/nlo/cs/run.yoda/LH2017_ZHSHAPES/psi_0.7_800
RatioPlotReference=//nfs/farm/g/theory/qcdsim/shoeche/runs/lhjets/zj/nlo/cs/run.yoda/LH2017_ZHSHAPES/psi_0.7_800
XTwosidedTicks=1
YTwosidedTicks=1
TopMargin=0.0
RatioPlot=1
BottomMargin=0.0
MainPlot=0
RatioPlotYSize=2.5
XMax=0.7
DrawSpecialInRatio=1
LegendXPos=0.35
LegendYPos=0.8
LogY=1
RatioPlotYLabel=
LegendOnly=//nfs/farm/g/theory/qcdsim/shoeche/runs/lhjets/zj/mcnlo/css/run.yoda/LH2017_ZHSHAPES/psi_0.7_800
RatioPlotSameStyle=1
YTwosidedTicks=1
Legend=1
# END PLOT
# BEGIN SPECIAL text
\rput[br](0.95,0.2){$k_T>800GeV$}
# END SPECIAL

# BEGIN HISTO1D //nfs/farm/g/theory/qcdsim/shoeche/runs/lhjets/zj/mcnlo/css/run.yoda/LH2017_ZHSHAPES/psi_0.7_800
ErrorBars=1
LineColor=red
LineStyle=solid
Path=//nfs/farm/g/theory/qcdsim/shoeche/runs/lhjets/zj/mcnlo/css/run.yoda/LH2017_ZHSHAPES/psi_0.7_800
Title=MC@NLO
XLabel=
YLabel=
# xlow	 xhigh	 val	 errminus	 errplus
0.000000e+00	1.000000e-02	2.963717e-01	8.505929e-04	8.505929e-04
1.000000e-02	2.000000e-02	4.529810e-01	9.037157e-04	9.037157e-04
2.000000e-02	3.000000e-02	5.505397e-01	8.847666e-04	8.847666e-04
3.000000e-02	4.000000e-02	6.182559e-01	8.480070e-04	8.480070e-04
4.000000e-02	5.000000e-02	6.682285e-01	8.070325e-04	8.070325e-04
5.000000e-02	6.000000e-02	7.082446e-01	7.652411e-04	7.652411e-04
6.000000e-02	7.000000e-02	7.398372e-01	7.250924e-04	7.250924e-04
7.000000e-02	8.000000e-02	7.659484e-01	6.868688e-04	6.868688e-04
8.000000e-02	9.000000e-02	7.881792e-01	6.501741e-04	6.501741e-04
9.000000e-02	1.000000e-01	8.070974e-01	6.158723e-04	6.158723e-04
1.000000e-01	1.100000e-01	8.234401e-01	5.833583e-04	5.833583e-04
1.100000e-01	1.200000e-01	8.379825e-01	5.517935e-04	5.517935e-04
1.200000e-01	1.300000e-01	8.507879e-01	5.222083e-04	5.222083e-04
1.300000e-01	1.400000e-01	8.625675e-01	4.927000e-04	4.927000e-04
1.400000e-01	1.500000e-01	8.727701e-01	4.657078e-04	4.657078e-04
1.500000e-01	1.600000e-01	8.818215e-01	4.403564e-04	4.403564e-04
1.600000e-01	1.700000e-01	8.900979e-01	4.165104e-04	4.165104e-04
1.700000e-01	1.800000e-01	8.974736e-01	3.943285e-04	3.943285e-04
1.800000e-01	1.900000e-01	9.042859e-01	3.725587e-04	3.725587e-04
1.900000e-01	2.000000e-01	9.105311e-01	3.518469e-04	3.518469e-04
2.000000e-01	2.100000e-01	9.161927e-01	3.327536e-04	3.327536e-04
2.100000e-01	2.200000e-01	9.213444e-01	3.145502e-04	3.145502e-04
2.200000e-01	2.300000e-01	9.262457e-01	2.970191e-04	2.970191e-04
2.300000e-01	2.400000e-01	9.308368e-01	2.797016e-04	2.797016e-04
2.400000e-01	2.500000e-01	9.350470e-01	2.636652e-04	2.636652e-04
2.500000e-01	2.600000e-01	9.389816e-01	2.479581e-04	2.479581e-04
2.600000e-01	2.700000e-01	9.427076e-01	2.332877e-04	2.332877e-04
2.700000e-01	2.800000e-01	9.460836e-01	2.199908e-04	2.199908e-04
2.800000e-01	2.900000e-01	9.493712e-01	2.064617e-04	2.064617e-04
2.900000e-01	3.000000e-01	9.522901e-01	1.947981e-04	1.947981e-04
3.000000e-01	3.100000e-01	9.551208e-01	1.833585e-04	1.833585e-04
3.100000e-01	3.200000e-01	9.577339e-01	1.729786e-04	1.729786e-04
3.200000e-01	3.300000e-01	9.601934e-01	1.633114e-04	1.633114e-04
3.300000e-01	3.400000e-01	9.626019e-01	1.541447e-04	1.541447e-04
3.400000e-01	3.500000e-01	9.648297e-01	1.458940e-04	1.458940e-04
3.500000e-01	3.600000e-01	9.669861e-01	1.380226e-04	1.380226e-04
3.600000e-01	3.700000e-01	9.689885e-01	1.306106e-04	1.306106e-04
3.700000e-01	3.800000e-01	9.709903e-01	1.232376e-04	1.232376e-04
3.800000e-01	3.900000e-01	9.728053e-01	1.168372e-04	1.168372e-04
3.900000e-01	4.000000e-01	9.745480e-01	1.105310e-04	1.105310e-04
4.000000e-01	4.100000e-01	9.761739e-01	1.045740e-04	1.045740e-04
4.100000e-01	4.200000e-01	9.777719e-01	9.858212e-05	9.858212e-05
4.200000e-01	4.300000e-01	9.792719e-01	9.312066e-05	9.312066e-05
4.300000e-01	4.400000e-01	9.807194e-01	8.777273e-05	8.777273e-05
4.400000e-01	4.500000e-01	9.820905e-01	8.253908e-05	8.253908e-05
4.500000e-01	4.600000e-01	9.833916e-01	7.758951e-05	7.758951e-05
4.600000e-01	4.700000e-01	9.846315e-01	7.276824e-05	7.276824e-05
4.700000e-01	4.800000e-01	9.858551e-01	6.808343e-05	6.808343e-05
4.800000e-01	4.900000e-01	9.869823e-01	6.361360e-05	6.361360e-05
4.900000e-01	5.000000e-01	9.880579e-01	5.923947e-05	5.923947e-05
5.000000e-01	5.100000e-01	9.890783e-01	5.510113e-05	5.510113e-05
5.100000e-01	5.200000e-01	9.900120e-01	5.122603e-05	5.122603e-05
5.200000e-01	5.300000e-01	9.909290e-01	4.735487e-05	4.735487e-05
5.300000e-01	5.400000e-01	9.918049e-01	4.369320e-05	4.369320e-05
5.400000e-01	5.500000e-01	9.926621e-01	3.994112e-05	3.994112e-05
5.500000e-01	5.600000e-01	9.934227e-01	3.659293e-05	3.659293e-05
5.600000e-01	5.700000e-01	9.941459e-01	3.346189e-05	3.346189e-05
5.700000e-01	5.800000e-01	9.948608e-01	3.018273e-05	3.018273e-05
5.800000e-01	5.900000e-01	9.955264e-01	2.714847e-05	2.714847e-05
5.900000e-01	6.000000e-01	9.961547e-01	2.411961e-05	2.411961e-05
6.000000e-01	6.100000e-01	9.967382e-01	2.125822e-05	2.125822e-05
6.100000e-01	6.200000e-01	9.972995e-01	1.847758e-05	1.847758e-05
6.200000e-01	6.300000e-01	9.978072e-01	1.581185e-05	1.581185e-05
6.300000e-01	6.400000e-01	9.982835e-01	1.319712e-05	1.319712e-05
6.400000e-01	6.500000e-01	9.987110e-01	1.076513e-05	1.076513e-05
6.500000e-01	6.600000e-01	9.991039e-01	8.388277e-06	8.388277e-06
6.600000e-01	6.700000e-01	9.994455e-01	6.078741e-06	6.078741e-06
6.700000e-01	6.800000e-01	9.997143e-01	4.006387e-06	4.006387e-06
6.800000e-01	6.900000e-01	9.998990e-01	2.516808e-06	2.516808e-06
6.900000e-01	7.000000e-01	9.999617e-01	1.907438e-06	1.907438e-06
7.000000e-01	7.100000e-01	9.999681e-01	1.907941e-06	1.907941e-06
7.100000e-01	7.200000e-01	9.999732e-01	1.652384e-06	1.652384e-06
7.200000e-01	7.300000e-01	9.999770e-01	1.349088e-06	1.349088e-06
7.300000e-01	7.400000e-01	9.999802e-01	1.349305e-06	1.349305e-06
7.400000e-01	7.500000e-01	9.999855e-01	9.540721e-07	9.540721e-07
7.500000e-01	7.600000e-01	9.999879e-01	2.509332e-08	2.509332e-08
7.600000e-01	7.700000e-01	9.999900e-01	2.069098e-08	2.069098e-08
7.700000e-01	7.800000e-01	9.999915e-01	9.543792e-07	9.543792e-07
7.800000e-01	7.900000e-01	9.999934e-01	9.544440e-07	9.544440e-07
7.900000e-01	8.000000e-01	9.999945e-01	9.544730e-07	9.544730e-07
8.000000e-01	8.100000e-01	9.999955e-01	9.244908e-09	9.244908e-09
8.100000e-01	8.200000e-01	9.999964e-01	9.545123e-07	9.545123e-07
8.200000e-01	8.300000e-01	9.999972e-01	5.723038e-09	5.723038e-09
8.300000e-01	8.400000e-01	9.999979e-01	4.402337e-09	4.402337e-09
8.400000e-01	8.500000e-01	9.999983e-01	3.521870e-09	3.521870e-09
8.500000e-01	8.600000e-01	9.999987e-01	9.545453e-07	9.545453e-07
8.600000e-01	8.700000e-01	9.999989e-01	9.545391e-07	9.545391e-07
8.700000e-01	8.800000e-01	9.999991e-01	1.760935e-09	1.760935e-09
8.800000e-01	8.900000e-01	9.999994e-01	1.320701e-09	1.320701e-09
8.900000e-01	9.000000e-01	9.999996e-01	8.804674e-10	8.804674e-10
9.000000e-01	9.100000e-01	9.999998e-01	9.545417e-07	9.545417e-07
9.100000e-01	9.200000e-01	9.999998e-01	4.402337e-10	4.402337e-10
9.200000e-01	9.300000e-01	1.000000e+00	9.545416e-07	9.545416e-07
9.300000e-01	9.400000e-01	1.000000e+00	9.545416e-07	9.545416e-07
9.400000e-01	9.500000e-01	1.000000e+00	9.545416e-07	9.545416e-07
9.500000e-01	9.600000e-01	1.000000e+00	0.000000e+00	0.000000e+00
9.600000e-01	9.700000e-01	1.000000e+00	0.000000e+00	0.000000e+00
9.700000e-01	9.800000e-01	1.000000e+00	0.000000e+00	0.000000e+00
9.800000e-01	9.900000e-01	1.000000e+00	0.000000e+00	0.000000e+00
9.900000e-01	1.000000e+00	1.000000e+00	0.000000e+00	0.000000e+00
1.000000e+00	1.010000e+00	1.000000e+00	0.000000e+00	0.000000e+00
1.010000e+00	1.020000e+00	1.000000e+00	0.000000e+00	0.000000e+00
1.020000e+00	1.030000e+00	1.000000e+00	0.000000e+00	0.000000e+00
1.030000e+00	1.040000e+00	1.000000e+00	0.000000e+00	0.000000e+00
1.040000e+00	1.050000e+00	1.000000e+00	0.000000e+00	0.000000e+00
1.050000e+00	1.060000e+00	1.000000e+00	0.000000e+00	0.000000e+00
1.060000e+00	1.070000e+00	1.000000e+00	0.000000e+00	0.000000e+00
1.070000e+00	1.080000e+00	1.000000e+00	0.000000e+00	0.000000e+00
1.080000e+00	1.090000e+00	1.000000e+00	0.000000e+00	0.000000e+00
1.090000e+00	1.100000e+00	1.000000e+00	0.000000e+00	0.000000e+00
1.100000e+00	1.110000e+00	1.000000e+00	0.000000e+00	0.000000e+00
1.110000e+00	1.120000e+00	1.000000e+00	0.000000e+00	0.000000e+00
1.120000e+00	1.130000e+00	1.000000e+00	0.000000e+00	0.000000e+00
1.130000e+00	1.140000e+00	1.000000e+00	0.000000e+00	0.000000e+00
1.140000e+00	1.150000e+00	1.000000e+00	0.000000e+00	0.000000e+00
1.150000e+00	1.160000e+00	1.000000e+00	0.000000e+00	0.000000e+00
1.160000e+00	1.170000e+00	1.000000e+00	0.000000e+00	0.000000e+00
1.170000e+00	1.180000e+00	1.000000e+00	0.000000e+00	0.000000e+00
1.180000e+00	1.190000e+00	1.000000e+00	0.000000e+00	0.000000e+00
1.190000e+00	1.200000e+00	1.000000e+00	0.000000e+00	0.000000e+00
1.200000e+00	1.210000e+00	1.000000e+00	0.000000e+00	0.000000e+00
1.210000e+00	1.220000e+00	1.000000e+00	0.000000e+00	0.000000e+00
1.220000e+00	1.230000e+00	1.000000e+00	0.000000e+00	0.000000e+00
1.230000e+00	1.240000e+00	1.000000e+00	0.000000e+00	0.000000e+00
1.240000e+00	1.250000e+00	1.000000e+00	0.000000e+00	0.000000e+00
1.250000e+00	1.260000e+00	1.000000e+00	0.000000e+00	0.000000e+00
1.260000e+00	1.270000e+00	1.000000e+00	0.000000e+00	0.000000e+00
1.270000e+00	1.280000e+00	1.000000e+00	0.000000e+00	0.000000e+00
1.280000e+00	1.290000e+00	1.000000e+00	0.000000e+00	0.000000e+00
1.290000e+00	1.300000e+00	1.000000e+00	0.000000e+00	0.000000e+00
1.300000e+00	1.310000e+00	1.000000e+00	0.000000e+00	0.000000e+00
1.310000e+00	1.320000e+00	1.000000e+00	0.000000e+00	0.000000e+00
1.320000e+00	1.330000e+00	1.000000e+00	0.000000e+00	0.000000e+00
1.330000e+00	1.340000e+00	1.000000e+00	0.000000e+00	0.000000e+00
1.340000e+00	1.350000e+00	1.000000e+00	0.000000e+00	0.000000e+00
1.350000e+00	1.360000e+00	1.000000e+00	0.000000e+00	0.000000e+00
1.360000e+00	1.370000e+00	1.000000e+00	0.000000e+00	0.000000e+00
1.370000e+00	1.380000e+00	1.000000e+00	0.000000e+00	0.000000e+00
1.380000e+00	1.390000e+00	1.000000e+00	0.000000e+00	0.000000e+00
1.390000e+00	1.400000e+00	1.000000e+00	0.000000e+00	0.000000e+00
1.400000e+00	1.410000e+00	1.000000e+00	0.000000e+00	0.000000e+00
1.410000e+00	1.420000e+00	1.000000e+00	0.000000e+00	0.000000e+00
1.420000e+00	1.430000e+00	1.000000e+00	0.000000e+00	0.000000e+00
1.430000e+00	1.440000e+00	1.000000e+00	0.000000e+00	0.000000e+00
1.440000e+00	1.450000e+00	1.000000e+00	0.000000e+00	0.000000e+00
1.450000e+00	1.460000e+00	1.000000e+00	0.000000e+00	0.000000e+00
1.460000e+00	1.470000e+00	1.000000e+00	0.000000e+00	0.000000e+00
1.470000e+00	1.480000e+00	1.000000e+00	0.000000e+00	0.000000e+00
1.480000e+00	1.490000e+00	1.000000e+00	0.000000e+00	0.000000e+00
1.490000e+00	1.500000e+00	1.000000e+00	0.000000e+00	0.000000e+00
# END HISTO1D

# BEGIN HISTO1D //nfs/farm/g/theory/qcdsim/shoeche/runs/lhjets/zj/mcnlo/css-1em/run.yoda/LH2017_ZHSHAPES/psi_0.7_800
ErrorBars=1
LineColor=blue
LineStyle=solid
Path=//nfs/farm/g/theory/qcdsim/shoeche/runs/lhjets/zj/mcnlo/css-1em/run.yoda/LH2017_ZHSHAPES/psi_0.7_800
Title=MC@NLO~1em
XLabel=
YLabel=
# xlow	 xhigh	 val	 errminus	 errplus
0.000000e+00	1.000000e-02	9.584486e-01	7.160981e-04	7.160981e-04
1.000000e-02	2.000000e-02	9.613479e-01	6.893146e-04	6.893146e-04
2.000000e-02	3.000000e-02	9.649599e-01	6.536269e-04	6.536269e-04
3.000000e-02	4.000000e-02	9.679486e-01	6.216809e-04	6.216809e-04
4.000000e-02	5.000000e-02	9.709325e-01	5.879071e-04	5.879071e-04
5.000000e-02	6.000000e-02	9.734850e-01	5.570290e-04	5.570290e-04
6.000000e-02	7.000000e-02	9.756612e-01	5.292612e-04	5.292612e-04
7.000000e-02	8.000000e-02	9.778506e-01	4.994585e-04	4.994585e-04
8.000000e-02	9.000000e-02	9.798909e-01	4.695744e-04	4.695744e-04
9.000000e-02	1.000000e-01	9.815054e-01	4.454710e-04	4.454710e-04
1.000000e-01	1.100000e-01	9.828957e-01	4.239898e-04	4.239898e-04
1.100000e-01	1.200000e-01	9.842100e-01	4.014127e-04	4.014127e-04
1.200000e-01	1.300000e-01	9.853133e-01	3.822479e-04	3.822479e-04
1.300000e-01	1.400000e-01	9.862560e-01	3.661594e-04	3.661594e-04
1.400000e-01	1.500000e-01	9.872671e-01	3.463509e-04	3.463509e-04
1.500000e-01	1.600000e-01	9.882516e-01	3.253799e-04	3.253799e-04
1.600000e-01	1.700000e-01	9.891667e-01	3.060695e-04	3.060695e-04
1.700000e-01	1.800000e-01	9.898290e-01	2.916797e-04	2.916797e-04
1.800000e-01	1.900000e-01	9.905332e-01	2.752957e-04	2.752957e-04
1.900000e-01	2.000000e-01	9.912830e-01	2.579392e-04	2.579392e-04
2.000000e-01	2.100000e-01	9.918009e-01	2.451464e-04	2.451464e-04
2.100000e-01	2.200000e-01	9.924357e-01	2.293953e-04	2.293953e-04
2.200000e-01	2.300000e-01	9.929631e-01	2.150208e-04	2.150208e-04
2.300000e-01	2.400000e-01	9.934639e-01	2.020579e-04	2.020579e-04
2.400000e-01	2.500000e-01	9.938991e-01	1.906526e-04	1.906526e-04
2.500000e-01	2.600000e-01	9.943847e-01	1.757229e-04	1.757229e-04
2.600000e-01	2.700000e-01	9.947458e-01	1.661494e-04	1.661494e-04
2.700000e-01	2.800000e-01	9.951630e-01	1.519391e-04	1.519391e-04
2.800000e-01	2.900000e-01	9.955260e-01	1.407323e-04	1.407323e-04
2.900000e-01	3.000000e-01	9.958928e-01	1.279188e-04	1.279188e-04
3.000000e-01	3.100000e-01	9.962007e-01	1.200839e-04	1.200839e-04
3.100000e-01	3.200000e-01	9.963955e-01	1.153178e-04	1.153178e-04
3.200000e-01	3.300000e-01	9.966911e-01	1.080228e-04	1.080228e-04
3.300000e-01	3.400000e-01	9.969657e-01	9.894690e-05	9.894690e-05
3.400000e-01	3.500000e-01	9.972061e-01	9.343094e-05	9.343094e-05
3.500000e-01	3.600000e-01	9.974029e-01	8.920836e-05	8.920836e-05
3.600000e-01	3.700000e-01	9.976148e-01	8.455808e-05	8.455808e-05
3.700000e-01	3.800000e-01	9.978143e-01	7.947091e-05	7.947091e-05
3.800000e-01	3.900000e-01	9.980633e-01	7.304443e-05	7.304443e-05
3.900000e-01	4.000000e-01	9.981973e-01	6.965195e-05	6.965195e-05
4.000000e-01	4.100000e-01	9.983902e-01	6.440946e-05	6.440946e-05
4.100000e-01	4.200000e-01	9.985166e-01	6.082644e-05	6.082644e-05
4.200000e-01	4.300000e-01	9.986601e-01	5.648006e-05	5.648006e-05
4.300000e-01	4.400000e-01	9.988359e-01	5.117881e-05	5.117881e-05
4.400000e-01	4.500000e-01	9.989442e-01	4.812249e-05	4.812249e-05
4.500000e-01	4.600000e-01	9.990716e-01	4.417142e-05	4.417142e-05
4.600000e-01	4.700000e-01	9.991818e-01	4.058324e-05	4.058324e-05
4.700000e-01	4.800000e-01	9.992664e-01	3.795004e-05	3.795004e-05
4.800000e-01	4.900000e-01	9.993405e-01	3.546235e-05	3.546235e-05
4.900000e-01	5.000000e-01	9.994080e-01	3.296926e-05	3.296926e-05
5.000000e-01	5.100000e-01	9.994878e-01	2.986446e-05	2.986446e-05
5.100000e-01	5.200000e-01	9.995819e-01	2.592804e-05	2.592804e-05
5.200000e-01	5.300000e-01	9.996541e-01	2.293050e-05	2.293050e-05
5.300000e-01	5.400000e-01	9.997083e-01	2.069158e-05	2.069158e-05
5.400000e-01	5.500000e-01	9.997567e-01	1.817592e-05	1.817592e-05
5.500000e-01	5.600000e-01	9.997909e-01	1.677819e-05	1.677819e-05
5.600000e-01	5.700000e-01	9.998261e-01	1.442559e-05	1.442559e-05
5.700000e-01	5.800000e-01	9.998689e-01	1.261784e-05	1.261784e-05
5.800000e-01	5.900000e-01	9.998983e-01	9.898410e-06	9.898410e-06
5.900000e-01	6.000000e-01	9.999183e-01	9.260765e-06	9.260765e-06
6.000000e-01	6.100000e-01	9.999373e-01	7.000372e-06	7.000372e-06
6.100000e-01	6.200000e-01	9.999544e-01	7.002080e-06	7.002080e-06
6.200000e-01	6.300000e-01	9.999705e-01	3.500399e-06	3.500399e-06
6.300000e-01	6.400000e-01	9.999800e-01	3.501265e-06	3.501265e-06
6.400000e-01	6.500000e-01	9.999905e-01	3.501832e-06	3.501832e-06
6.500000e-01	6.600000e-01	9.999952e-01	3.501957e-06	3.501957e-06
6.600000e-01	6.700000e-01	1.000000e+00	3.501999e-06	3.501999e-06
6.700000e-01	6.800000e-01	1.000000e+00	0.000000e+00	0.000000e+00
6.800000e-01	6.900000e-01	1.000000e+00	0.000000e+00	0.000000e+00
6.900000e-01	7.000000e-01	1.000000e+00	0.000000e+00	0.000000e+00
7.000000e-01	7.100000e-01	1.000000e+00	0.000000e+00	0.000000e+00
7.100000e-01	7.200000e-01	1.000000e+00	0.000000e+00	0.000000e+00
7.200000e-01	7.300000e-01	1.000000e+00	0.000000e+00	0.000000e+00
7.300000e-01	7.400000e-01	1.000000e+00	0.000000e+00	0.000000e+00
7.400000e-01	7.500000e-01	1.000000e+00	0.000000e+00	0.000000e+00
7.500000e-01	7.600000e-01	1.000000e+00	0.000000e+00	0.000000e+00
7.600000e-01	7.700000e-01	1.000000e+00	0.000000e+00	0.000000e+00
7.700000e-01	7.800000e-01	1.000000e+00	0.000000e+00	0.000000e+00
7.800000e-01	7.900000e-01	1.000000e+00	0.000000e+00	0.000000e+00
7.900000e-01	8.000000e-01	1.000000e+00	0.000000e+00	0.000000e+00
8.000000e-01	8.100000e-01	1.000000e+00	0.000000e+00	0.000000e+00
8.100000e-01	8.200000e-01	1.000000e+00	0.000000e+00	0.000000e+00
8.200000e-01	8.300000e-01	1.000000e+00	0.000000e+00	0.000000e+00
8.300000e-01	8.400000e-01	1.000000e+00	0.000000e+00	0.000000e+00
8.400000e-01	8.500000e-01	1.000000e+00	0.000000e+00	0.000000e+00
8.500000e-01	8.600000e-01	1.000000e+00	0.000000e+00	0.000000e+00
8.600000e-01	8.700000e-01	1.000000e+00	0.000000e+00	0.000000e+00
8.700000e-01	8.800000e-01	1.000000e+00	0.000000e+00	0.000000e+00
8.800000e-01	8.900000e-01	1.000000e+00	0.000000e+00	0.000000e+00
8.900000e-01	9.000000e-01	1.000000e+00	0.000000e+00	0.000000e+00
9.000000e-01	9.100000e-01	1.000000e+00	0.000000e+00	0.000000e+00
9.100000e-01	9.200000e-01	1.000000e+00	0.000000e+00	0.000000e+00
9.200000e-01	9.300000e-01	1.000000e+00	0.000000e+00	0.000000e+00
9.300000e-01	9.400000e-01	1.000000e+00	0.000000e+00	0.000000e+00
9.400000e-01	9.500000e-01	1.000000e+00	0.000000e+00	0.000000e+00
9.500000e-01	9.600000e-01	1.000000e+00	0.000000e+00	0.000000e+00
9.600000e-01	9.700000e-01	1.000000e+00	0.000000e+00	0.000000e+00
9.700000e-01	9.800000e-01	1.000000e+00	0.000000e+00	0.000000e+00
9.800000e-01	9.900000e-01	1.000000e+00	0.000000e+00	0.000000e+00
9.900000e-01	1.000000e+00	1.000000e+00	0.000000e+00	0.000000e+00
1.000000e+00	1.010000e+00	1.000000e+00	0.000000e+00	0.000000e+00
1.010000e+00	1.020000e+00	1.000000e+00	0.000000e+00	0.000000e+00
1.020000e+00	1.030000e+00	1.000000e+00	0.000000e+00	0.000000e+00
1.030000e+00	1.040000e+00	1.000000e+00	0.000000e+00	0.000000e+00
1.040000e+00	1.050000e+00	1.000000e+00	0.000000e+00	0.000000e+00
1.050000e+00	1.060000e+00	1.000000e+00	0.000000e+00	0.000000e+00
1.060000e+00	1.070000e+00	1.000000e+00	0.000000e+00	0.000000e+00
1.070000e+00	1.080000e+00	1.000000e+00	0.000000e+00	0.000000e+00
1.080000e+00	1.090000e+00	1.000000e+00	0.000000e+00	0.000000e+00
1.090000e+00	1.100000e+00	1.000000e+00	0.000000e+00	0.000000e+00
1.100000e+00	1.110000e+00	1.000000e+00	0.000000e+00	0.000000e+00
1.110000e+00	1.120000e+00	1.000000e+00	0.000000e+00	0.000000e+00
1.120000e+00	1.130000e+00	1.000000e+00	0.000000e+00	0.000000e+00
1.130000e+00	1.140000e+00	1.000000e+00	0.000000e+00	0.000000e+00
1.140000e+00	1.150000e+00	1.000000e+00	0.000000e+00	0.000000e+00
1.150000e+00	1.160000e+00	1.000000e+00	0.000000e+00	0.000000e+00
1.160000e+00	1.170000e+00	1.000000e+00	0.000000e+00	0.000000e+00
1.170000e+00	1.180000e+00	1.000000e+00	0.000000e+00	0.000000e+00
1.180000e+00	1.190000e+00	1.000000e+00	0.000000e+00	0.000000e+00
1.190000e+00	1.200000e+00	1.000000e+00	0.000000e+00	0.000000e+00
1.200000e+00	1.210000e+00	1.000000e+00	0.000000e+00	0.000000e+00
1.210000e+00	1.220000e+00	1.000000e+00	0.000000e+00	0.000000e+00
1.220000e+00	1.230000e+00	1.000000e+00	0.000000e+00	0.000000e+00
1.230000e+00	1.240000e+00	1.000000e+00	0.000000e+00	0.000000e+00
1.240000e+00	1.250000e+00	1.000000e+00	0.000000e+00	0.000000e+00
1.250000e+00	1.260000e+00	1.000000e+00	0.000000e+00	0.000000e+00
1.260000e+00	1.270000e+00	1.000000e+00	0.000000e+00	0.000000e+00
1.270000e+00	1.280000e+00	1.000000e+00	0.000000e+00	0.000000e+00
1.280000e+00	1.290000e+00	1.000000e+00	0.000000e+00	0.000000e+00
1.290000e+00	1.300000e+00	1.000000e+00	0.000000e+00	0.000000e+00
1.300000e+00	1.310000e+00	1.000000e+00	0.000000e+00	0.000000e+00
1.310000e+00	1.320000e+00	1.000000e+00	0.000000e+00	0.000000e+00
1.320000e+00	1.330000e+00	1.000000e+00	0.000000e+00	0.000000e+00
1.330000e+00	1.340000e+00	1.000000e+00	0.000000e+00	0.000000e+00
1.340000e+00	1.350000e+00	1.000000e+00	0.000000e+00	0.000000e+00
1.350000e+00	1.360000e+00	1.000000e+00	0.000000e+00	0.000000e+00
1.360000e+00	1.370000e+00	1.000000e+00	0.000000e+00	0.000000e+00
1.370000e+00	1.380000e+00	1.000000e+00	0.000000e+00	0.000000e+00
1.380000e+00	1.390000e+00	1.000000e+00	0.000000e+00	0.000000e+00
1.390000e+00	1.400000e+00	1.000000e+00	0.000000e+00	0.000000e+00
1.400000e+00	1.410000e+00	1.000000e+00	0.000000e+00	0.000000e+00
1.410000e+00	1.420000e+00	1.000000e+00	0.000000e+00	0.000000e+00
1.420000e+00	1.430000e+00	1.000000e+00	0.000000e+00	0.000000e+00
1.430000e+00	1.440000e+00	1.000000e+00	0.000000e+00	0.000000e+00
1.440000e+00	1.450000e+00	1.000000e+00	0.000000e+00	0.000000e+00
1.450000e+00	1.460000e+00	1.000000e+00	0.000000e+00	0.000000e+00
1.460000e+00	1.470000e+00	1.000000e+00	0.000000e+00	0.000000e+00
1.470000e+00	1.480000e+00	1.000000e+00	0.000000e+00	0.000000e+00
1.480000e+00	1.490000e+00	1.000000e+00	0.000000e+00	0.000000e+00
1.490000e+00	1.500000e+00	1.000000e+00	0.000000e+00	0.000000e+00
# END HISTO1D

# BEGIN HISTO1D //nfs/farm/g/theory/qcdsim/shoeche/runs/lhjets/zj/mcnlo/herwig.yoda/LH2017_ZHSHAPES/psi_0.7_800
ErrorBars=1
LineColor={[HTML]{2da334}}
LineStyle=solid
Path=//nfs/farm/g/theory/qcdsim/shoeche/runs/lhjets/zj/mcnlo/herwig.yoda/LH2017_ZHSHAPES/psi_0.7_800
Title=Herwig~MCNLO
XLabel=~
YLabel=~
# xlow	 xhigh	 val	 errminus	 errplus
0.000000e+00	1.000000e-02	2.742682e-01	5.629919e-04	5.629919e-04
1.000000e-02	2.000000e-02	4.294368e-01	6.189286e-04	6.189286e-04
2.000000e-02	3.000000e-02	5.254426e-01	6.173070e-04	6.173070e-04
3.000000e-02	4.000000e-02	5.933004e-01	5.992674e-04	5.992674e-04
4.000000e-02	5.000000e-02	6.449096e-01	5.758377e-04	5.758377e-04
5.000000e-02	6.000000e-02	6.855110e-01	5.508435e-04	5.508435e-04
6.000000e-02	7.000000e-02	7.187862e-01	5.254578e-04	5.254578e-04
7.000000e-02	8.000000e-02	7.464182e-01	5.007586e-04	5.007586e-04
8.000000e-02	9.000000e-02	7.697979e-01	4.769249e-04	4.769249e-04
9.000000e-02	1.000000e-01	7.902201e-01	4.535164e-04	4.535164e-04
1.000000e-01	1.100000e-01	8.076255e-01	4.317027e-04	4.317027e-04
1.100000e-01	1.200000e-01	8.231336e-01	4.105017e-04	4.105017e-04
1.200000e-01	1.300000e-01	8.369566e-01	3.900297e-04	3.900297e-04
1.300000e-01	1.400000e-01	8.491972e-01	3.708582e-04	3.708582e-04
1.400000e-01	1.500000e-01	8.602761e-01	3.523132e-04	3.523132e-04
1.500000e-01	1.600000e-01	8.703632e-01	3.343558e-04	3.343558e-04
1.600000e-01	1.700000e-01	8.794309e-01	3.172295e-04	3.172295e-04
1.700000e-01	1.800000e-01	8.878349e-01	3.005609e-04	3.005609e-04
1.800000e-01	1.900000e-01	8.954861e-01	2.844650e-04	2.844650e-04
1.900000e-01	2.000000e-01	9.025986e-01	2.688992e-04	2.688992e-04
2.000000e-01	2.100000e-01	9.090169e-01	2.545605e-04	2.545605e-04
2.100000e-01	2.200000e-01	9.149621e-01	2.406063e-04	2.406063e-04
2.200000e-01	2.300000e-01	9.204805e-01	2.272721e-04	2.272721e-04
2.300000e-01	2.400000e-01	9.256349e-01	2.144040e-04	2.144040e-04
2.400000e-01	2.500000e-01	9.303598e-01	2.022687e-04	2.022687e-04
2.500000e-01	2.600000e-01	9.347924e-01	1.903793e-04	1.903793e-04
2.600000e-01	2.700000e-01	9.388936e-01	1.792517e-04	1.792517e-04
2.700000e-01	2.800000e-01	9.427675e-01	1.684995e-04	1.684995e-04
2.800000e-01	2.900000e-01	9.464342e-01	1.583600e-04	1.583600e-04
2.900000e-01	3.000000e-01	9.497819e-01	1.487290e-04	1.487290e-04
3.000000e-01	3.100000e-01	9.530163e-01	1.395302e-04	1.395302e-04
3.100000e-01	3.200000e-01	9.559419e-01	1.313807e-04	1.313807e-04
3.200000e-01	3.300000e-01	9.587840e-01	1.231449e-04	1.231449e-04
3.300000e-01	3.400000e-01	9.613940e-01	1.159167e-04	1.159167e-04
3.400000e-01	3.500000e-01	9.639211e-01	1.091061e-04	1.091061e-04
3.500000e-01	3.600000e-01	9.662784e-01	1.029478e-04	1.029478e-04
3.600000e-01	3.700000e-01	9.684961e-01	9.705636e-05	9.705636e-05
3.700000e-01	3.800000e-01	9.706330e-01	9.145675e-05	9.145675e-05
3.800000e-01	3.900000e-01	9.726608e-01	8.612320e-05	8.612320e-05
3.900000e-01	4.000000e-01	9.745622e-01	8.115014e-05	8.115014e-05
4.000000e-01	4.100000e-01	9.763524e-01	7.634126e-05	7.634126e-05
4.100000e-01	4.200000e-01	9.780196e-01	7.184148e-05	7.184148e-05
4.200000e-01	4.300000e-01	9.796054e-01	6.748773e-05	6.748773e-05
4.300000e-01	4.400000e-01	9.810986e-01	6.346614e-05	6.346614e-05
4.400000e-01	4.500000e-01	9.825283e-01	5.950874e-05	5.950874e-05
4.500000e-01	4.600000e-01	9.838613e-01	5.578994e-05	5.578994e-05
4.600000e-01	4.700000e-01	9.851687e-01	5.205498e-05	5.205498e-05
4.700000e-01	4.800000e-01	9.863898e-01	4.851012e-05	4.851012e-05
4.800000e-01	4.900000e-01	9.875612e-01	4.509054e-05	4.509054e-05
4.900000e-01	5.000000e-01	9.886483e-01	4.179851e-05	4.179851e-05
5.000000e-01	5.100000e-01	9.896677e-01	3.861536e-05	3.861536e-05
5.100000e-01	5.200000e-01	9.905973e-01	3.583661e-05	3.583661e-05
5.200000e-01	5.300000e-01	9.915028e-01	3.297692e-05	3.297692e-05
5.300000e-01	5.400000e-01	9.923523e-01	3.021929e-05	3.021929e-05
5.400000e-01	5.500000e-01	9.931576e-01	2.758494e-05	2.758494e-05
5.500000e-01	5.600000e-01	9.938925e-01	2.519545e-05	2.519545e-05
5.600000e-01	5.700000e-01	9.946114e-01	2.272184e-05	2.272184e-05
5.700000e-01	5.800000e-01	9.952745e-01	2.047724e-05	2.047724e-05
5.800000e-01	5.900000e-01	9.959009e-01	1.824889e-05	1.824889e-05
5.900000e-01	6.000000e-01	9.964721e-01	1.627033e-05	1.627033e-05
6.000000e-01	6.100000e-01	9.970046e-01	1.431066e-05	1.431066e-05
6.100000e-01	6.200000e-01	9.975026e-01	1.250867e-05	1.250867e-05
6.200000e-01	6.300000e-01	9.979625e-01	1.068070e-05	1.068070e-05
6.300000e-01	6.400000e-01	9.983928e-01	8.990577e-06	8.990577e-06
6.400000e-01	6.500000e-01	9.987976e-01	7.446270e-06	7.446270e-06
6.500000e-01	6.600000e-01	9.991553e-01	5.796067e-06	5.796067e-06
6.600000e-01	6.700000e-01	9.994689e-01	3.936061e-06	3.936061e-06
6.700000e-01	6.800000e-01	9.997230e-01	2.934947e-06	2.934947e-06
6.800000e-01	6.900000e-01	9.998971e-01	2.089439e-06	2.089439e-06
6.900000e-01	7.000000e-01	9.999593e-01	1.709368e-06	1.709368e-06
7.000000e-01	7.100000e-01	9.999655e-01	2.094196e-06	2.094196e-06
7.100000e-01	7.200000e-01	9.999717e-01	1.208730e-06	1.208730e-06
7.200000e-01	7.300000e-01	9.999758e-01	1.710034e-06	1.710034e-06
7.300000e-01	7.400000e-01	9.999800e-01	1.209081e-06	1.209081e-06
7.400000e-01	7.500000e-01	9.999834e-01	1.209192e-06	1.209192e-06
7.500000e-01	7.600000e-01	9.999869e-01	1.209282e-06	1.209282e-06
7.600000e-01	7.700000e-01	9.999889e-01	1.209326e-06	1.209326e-06
7.700000e-01	7.800000e-01	9.999910e-01	1.710346e-06	1.710346e-06
7.800000e-01	7.900000e-01	9.999931e-01	1.005113e-08	1.005113e-08
7.900000e-01	8.000000e-01	9.999938e-01	1.209399e-06	1.209399e-06
8.000000e-01	8.100000e-01	9.999945e-01	1.209406e-06	1.209406e-06
8.100000e-01	8.200000e-01	9.999959e-01	6.030676e-09	6.030676e-09
8.200000e-01	8.300000e-01	9.999965e-01	5.025620e-09	5.025620e-09
8.300000e-01	8.400000e-01	9.999972e-01	1.209426e-06	1.209426e-06
8.400000e-01	8.500000e-01	9.999979e-01	1.209429e-06	1.209429e-06
8.500000e-01	8.600000e-01	9.999986e-01	2.010124e-09	2.010124e-09
8.600000e-01	8.700000e-01	9.999986e-01	1.209431e-06	1.209431e-06
8.700000e-01	8.800000e-01	9.999993e-01	1.209433e-06	1.209433e-06
8.800000e-01	8.900000e-01	9.999993e-01	1.004970e-09	1.004970e-09
8.900000e-01	9.000000e-01	9.999993e-01	1.004970e-09	1.004970e-09
9.000000e-01	9.100000e-01	9.999993e-01	1.004970e-09	1.004970e-09
9.100000e-01	9.200000e-01	9.999993e-01	1.209432e-06	1.209432e-06
9.200000e-01	9.300000e-01	9.999993e-01	1.209432e-06	1.209432e-06
9.300000e-01	9.400000e-01	9.999993e-01	1.209432e-06	1.209432e-06
9.400000e-01	9.500000e-01	9.999993e-01	1.209432e-06	1.209432e-06
9.500000e-01	9.600000e-01	9.999993e-01	1.209432e-06	1.209432e-06
9.600000e-01	9.700000e-01	9.999993e-01	1.209432e-06	1.209432e-06
9.700000e-01	9.800000e-01	1.000000e+00	0.000000e+00	0.000000e+00
9.800000e-01	9.900000e-01	1.000000e+00	0.000000e+00	0.000000e+00
9.900000e-01	1.000000e+00	1.000000e+00	0.000000e+00	0.000000e+00
1.000000e+00	1.010000e+00	1.000000e+00	0.000000e+00	0.000000e+00
1.010000e+00	1.020000e+00	1.000000e+00	0.000000e+00	0.000000e+00
1.020000e+00	1.030000e+00	1.000000e+00	0.000000e+00	0.000000e+00
1.030000e+00	1.040000e+00	1.000000e+00	0.000000e+00	0.000000e+00
1.040000e+00	1.050000e+00	1.000000e+00	0.000000e+00	0.000000e+00
1.050000e+00	1.060000e+00	1.000000e+00	0.000000e+00	0.000000e+00
1.060000e+00	1.070000e+00	1.000000e+00	0.000000e+00	0.000000e+00
1.070000e+00	1.080000e+00	1.000000e+00	0.000000e+00	0.000000e+00
1.080000e+00	1.090000e+00	1.000000e+00	0.000000e+00	0.000000e+00
1.090000e+00	1.100000e+00	1.000000e+00	0.000000e+00	0.000000e+00
1.100000e+00	1.110000e+00	1.000000e+00	0.000000e+00	0.000000e+00
1.110000e+00	1.120000e+00	1.000000e+00	0.000000e+00	0.000000e+00
1.120000e+00	1.130000e+00	1.000000e+00	0.000000e+00	0.000000e+00
1.130000e+00	1.140000e+00	1.000000e+00	0.000000e+00	0.000000e+00
1.140000e+00	1.150000e+00	1.000000e+00	0.000000e+00	0.000000e+00
1.150000e+00	1.160000e+00	1.000000e+00	0.000000e+00	0.000000e+00
1.160000e+00	1.170000e+00	1.000000e+00	0.000000e+00	0.000000e+00
1.170000e+00	1.180000e+00	1.000000e+00	0.000000e+00	0.000000e+00
1.180000e+00	1.190000e+00	1.000000e+00	0.000000e+00	0.000000e+00
1.190000e+00	1.200000e+00	1.000000e+00	0.000000e+00	0.000000e+00
1.200000e+00	1.210000e+00	1.000000e+00	0.000000e+00	0.000000e+00
1.210000e+00	1.220000e+00	1.000000e+00	0.000000e+00	0.000000e+00
1.220000e+00	1.230000e+00	1.000000e+00	0.000000e+00	0.000000e+00
1.230000e+00	1.240000e+00	1.000000e+00	0.000000e+00	0.000000e+00
1.240000e+00	1.250000e+00	1.000000e+00	0.000000e+00	0.000000e+00
1.250000e+00	1.260000e+00	1.000000e+00	0.000000e+00	0.000000e+00
1.260000e+00	1.270000e+00	1.000000e+00	0.000000e+00	0.000000e+00
1.270000e+00	1.280000e+00	1.000000e+00	0.000000e+00	0.000000e+00
1.280000e+00	1.290000e+00	1.000000e+00	0.000000e+00	0.000000e+00
1.290000e+00	1.300000e+00	1.000000e+00	0.000000e+00	0.000000e+00
1.300000e+00	1.310000e+00	1.000000e+00	0.000000e+00	0.000000e+00
1.310000e+00	1.320000e+00	1.000000e+00	0.000000e+00	0.000000e+00
1.320000e+00	1.330000e+00	1.000000e+00	0.000000e+00	0.000000e+00
1.330000e+00	1.340000e+00	1.000000e+00	0.000000e+00	0.000000e+00
1.340000e+00	1.350000e+00	1.000000e+00	0.000000e+00	0.000000e+00
1.350000e+00	1.360000e+00	1.000000e+00	0.000000e+00	0.000000e+00
1.360000e+00	1.370000e+00	1.000000e+00	0.000000e+00	0.000000e+00
1.370000e+00	1.380000e+00	1.000000e+00	0.000000e+00	0.000000e+00
1.380000e+00	1.390000e+00	1.000000e+00	0.000000e+00	0.000000e+00
1.390000e+00	1.400000e+00	1.000000e+00	0.000000e+00	0.000000e+00
1.400000e+00	1.410000e+00	1.000000e+00	0.000000e+00	0.000000e+00
1.410000e+00	1.420000e+00	1.000000e+00	0.000000e+00	0.000000e+00
1.420000e+00	1.430000e+00	1.000000e+00	0.000000e+00	0.000000e+00
1.430000e+00	1.440000e+00	1.000000e+00	0.000000e+00	0.000000e+00
1.440000e+00	1.450000e+00	1.000000e+00	0.000000e+00	0.000000e+00
1.450000e+00	1.460000e+00	1.000000e+00	0.000000e+00	0.000000e+00
1.460000e+00	1.470000e+00	1.000000e+00	0.000000e+00	0.000000e+00
1.470000e+00	1.480000e+00	1.000000e+00	0.000000e+00	0.000000e+00
1.480000e+00	1.490000e+00	1.000000e+00	0.000000e+00	0.000000e+00
1.490000e+00	1.500000e+00	1.000000e+00	0.000000e+00	0.000000e+00
# END HISTO1D

# BEGIN HISTO1D //nfs/farm/g/theory/qcdsim/shoeche/runs/lhjets/zj/nlo/cs/run.yoda/LH2017_ZHSHAPES/psi_0.7_800
ErrorBars=0
LineColor={[HTML]{2da334}}
LineStyle=solid
Path=//nfs/farm/g/theory/qcdsim/shoeche/runs/lhjets/zj/nlo/cs/run.yoda/LH2017_ZHSHAPES/psi_0.7_800
Title=NLO
XLabel=
YLabel=
# xlow	 xhigh	 val	 errminus	 errplus
0.000000e+00	1.000000e-02	8.787829e-01	7.578590e-02	7.578590e-02
1.000000e-02	2.000000e-02	9.159894e-01	6.325382e-02	6.325382e-02
2.000000e-02	3.000000e-02	9.342021e-01	5.561944e-02	5.561944e-02
3.000000e-02	4.000000e-02	9.458375e-01	4.999679e-02	4.999679e-02
4.000000e-02	5.000000e-02	9.539595e-01	4.560286e-02	4.560286e-02
5.000000e-02	6.000000e-02	9.600453e-01	4.193273e-02	4.193273e-02
6.000000e-02	7.000000e-02	9.648308e-01	3.884504e-02	3.884504e-02
7.000000e-02	8.000000e-02	9.687517e-01	3.608189e-02	3.608189e-02
8.000000e-02	9.000000e-02	9.719293e-01	3.368840e-02	3.368840e-02
9.000000e-02	1.000000e-01	9.746002e-01	3.153771e-02	3.153771e-02
1.000000e-01	1.100000e-01	9.769247e-01	2.958672e-02	2.958672e-02
1.100000e-01	1.200000e-01	9.789389e-01	2.778708e-02	2.778708e-02
1.200000e-01	1.300000e-01	9.807151e-01	2.612331e-02	2.612331e-02
1.300000e-01	1.400000e-01	9.822578e-01	2.459049e-02	2.459049e-02
1.400000e-01	1.500000e-01	9.836540e-01	2.313256e-02	2.313256e-02
1.500000e-01	1.600000e-01	9.849148e-01	2.178124e-02	2.178124e-02
1.600000e-01	1.700000e-01	9.860275e-01	2.052802e-02	2.052802e-02
1.700000e-01	1.800000e-01	9.870433e-01	1.931904e-02	1.931904e-02
1.800000e-01	1.900000e-01	9.879819e-01	1.816983e-02	1.816983e-02
1.900000e-01	2.000000e-01	9.888331e-01	1.707731e-02	1.707731e-02
2.000000e-01	2.100000e-01	9.895968e-01	1.606876e-02	1.606876e-02
2.100000e-01	2.200000e-01	9.903170e-01	1.509163e-02	1.509163e-02
2.200000e-01	2.300000e-01	9.909739e-01	1.417262e-02	1.417262e-02
2.300000e-01	2.400000e-01	9.915760e-01	1.329745e-02	1.329745e-02
2.400000e-01	2.500000e-01	9.921422e-01	1.245527e-02	1.245527e-02
2.500000e-01	2.600000e-01	9.926709e-01	1.164906e-02	1.164906e-02
2.600000e-01	2.700000e-01	9.931691e-01	1.088442e-02	1.088442e-02
2.700000e-01	2.800000e-01	9.936212e-01	1.017106e-02	1.017106e-02
2.800000e-01	2.900000e-01	9.940498e-01	9.479569e-03	9.479569e-03
2.900000e-01	3.000000e-01	9.944568e-01	8.838800e-03	8.838800e-03
3.000000e-01	3.100000e-01	9.948291e-01	8.248523e-03	8.248523e-03
3.100000e-01	3.200000e-01	9.951871e-01	7.697921e-03	7.697921e-03
3.200000e-01	3.300000e-01	9.955147e-01	7.209094e-03	7.209094e-03
3.300000e-01	3.400000e-01	9.958202e-01	6.778812e-03	6.778812e-03
3.400000e-01	3.500000e-01	9.961125e-01	6.402239e-03	6.402239e-03
3.500000e-01	3.600000e-01	9.963824e-01	6.072144e-03	6.072144e-03
3.600000e-01	3.700000e-01	9.966459e-01	5.744604e-03	5.744604e-03
3.700000e-01	3.800000e-01	9.968925e-01	5.432873e-03	5.432873e-03
3.800000e-01	3.900000e-01	9.971232e-01	5.134981e-03	5.134981e-03
3.900000e-01	4.000000e-01	9.973426e-01	4.844426e-03	4.844426e-03
4.000000e-01	4.100000e-01	9.975487e-01	4.562651e-03	4.562651e-03
4.100000e-01	4.200000e-01	9.977419e-01	4.297522e-03	4.297522e-03
4.200000e-01	4.300000e-01	9.979256e-01	4.038152e-03	4.038152e-03
4.300000e-01	4.400000e-01	9.981003e-01	3.787526e-03	3.787526e-03
4.400000e-01	4.500000e-01	9.982638e-01	3.542044e-03	3.542044e-03
4.500000e-01	4.600000e-01	9.984168e-01	3.312735e-03	3.312735e-03
4.600000e-01	4.700000e-01	9.985632e-01	3.084597e-03	3.084597e-03
4.700000e-01	4.800000e-01	9.987016e-01	2.864707e-03	2.864707e-03
4.800000e-01	4.900000e-01	9.988247e-01	2.657425e-03	2.657425e-03
4.900000e-01	5.000000e-01	9.989420e-01	2.458445e-03	2.458445e-03
5.000000e-01	5.100000e-01	9.990513e-01	2.267097e-03	2.267097e-03
5.100000e-01	5.200000e-01	9.991552e-01	2.076315e-03	2.076315e-03
5.200000e-01	5.300000e-01	9.992521e-01	1.896524e-03	1.896524e-03
5.300000e-01	5.400000e-01	9.993442e-01	1.720044e-03	1.720044e-03
5.400000e-01	5.500000e-01	9.994275e-01	1.556293e-03	1.556293e-03
5.500000e-01	5.600000e-01	9.995075e-01	1.396112e-03	1.396112e-03
5.600000e-01	5.700000e-01	9.995763e-01	1.245955e-03	1.245955e-03
5.700000e-01	5.800000e-01	9.996431e-01	1.092609e-03	1.092609e-03
5.800000e-01	5.900000e-01	9.997035e-01	9.481688e-04	9.481688e-04
5.900000e-01	6.000000e-01	9.997565e-01	8.174344e-04	8.174344e-04
6.000000e-01	6.100000e-01	9.998018e-01	6.989538e-04	6.989538e-04
6.100000e-01	6.200000e-01	9.998440e-01	5.893454e-04	5.893454e-04
6.200000e-01	6.300000e-01	9.998811e-01	4.945626e-04	4.945626e-04
6.300000e-01	6.400000e-01	9.999141e-01	3.587980e-04	3.587980e-04
6.400000e-01	6.500000e-01	9.999402e-01	3.003481e-04	3.003481e-04
6.500000e-01	6.600000e-01	9.999626e-01	2.271254e-04	2.271254e-04
6.600000e-01	6.700000e-01	9.999787e-01	1.135354e-04	1.135354e-04
6.700000e-01	6.800000e-01	9.999899e-01	2.450879e-06	2.450879e-06
6.800000e-01	6.900000e-01	9.999976e-01	1.136515e-04	1.136515e-04
6.900000e-01	7.000000e-01	1.000000e+00	0.000000e+00	0.000000e+00
7.000000e-01	7.100000e-01	1.000000e+00	0.000000e+00	0.000000e+00
7.100000e-01	7.200000e-01	1.000000e+00	0.000000e+00	0.000000e+00
7.200000e-01	7.300000e-01	1.000000e+00	0.000000e+00	0.000000e+00
7.300000e-01	7.400000e-01	1.000000e+00	0.000000e+00	0.000000e+00
7.400000e-01	7.500000e-01	1.000000e+00	0.000000e+00	0.000000e+00
7.500000e-01	7.600000e-01	1.000000e+00	0.000000e+00	0.000000e+00
7.600000e-01	7.700000e-01	1.000000e+00	0.000000e+00	0.000000e+00
7.700000e-01	7.800000e-01	1.000000e+00	0.000000e+00	0.000000e+00
7.800000e-01	7.900000e-01	1.000000e+00	0.000000e+00	0.000000e+00
7.900000e-01	8.000000e-01	1.000000e+00	0.000000e+00	0.000000e+00
8.000000e-01	8.100000e-01	1.000000e+00	0.000000e+00	0.000000e+00
8.100000e-01	8.200000e-01	1.000000e+00	0.000000e+00	0.000000e+00
8.200000e-01	8.300000e-01	1.000000e+00	0.000000e+00	0.000000e+00
8.300000e-01	8.400000e-01	1.000000e+00	0.000000e+00	0.000000e+00
8.400000e-01	8.500000e-01	1.000000e+00	0.000000e+00	0.000000e+00
8.500000e-01	8.600000e-01	1.000000e+00	0.000000e+00	0.000000e+00
8.600000e-01	8.700000e-01	1.000000e+00	0.000000e+00	0.000000e+00
8.700000e-01	8.800000e-01	1.000000e+00	0.000000e+00	0.000000e+00
8.800000e-01	8.900000e-01	1.000000e+00	0.000000e+00	0.000000e+00
8.900000e-01	9.000000e-01	1.000000e+00	0.000000e+00	0.000000e+00
9.000000e-01	9.100000e-01	1.000000e+00	0.000000e+00	0.000000e+00
9.100000e-01	9.200000e-01	1.000000e+00	0.000000e+00	0.000000e+00
9.200000e-01	9.300000e-01	1.000000e+00	0.000000e+00	0.000000e+00
9.300000e-01	9.400000e-01	1.000000e+00	0.000000e+00	0.000000e+00
9.400000e-01	9.500000e-01	1.000000e+00	0.000000e+00	0.000000e+00
9.500000e-01	9.600000e-01	1.000000e+00	0.000000e+00	0.000000e+00
9.600000e-01	9.700000e-01	1.000000e+00	0.000000e+00	0.000000e+00
9.700000e-01	9.800000e-01	1.000000e+00	0.000000e+00	0.000000e+00
9.800000e-01	9.900000e-01	1.000000e+00	0.000000e+00	0.000000e+00
9.900000e-01	1.000000e+00	1.000000e+00	0.000000e+00	0.000000e+00
1.000000e+00	1.010000e+00	1.000000e+00	0.000000e+00	0.000000e+00
1.010000e+00	1.020000e+00	1.000000e+00	0.000000e+00	0.000000e+00
1.020000e+00	1.030000e+00	1.000000e+00	0.000000e+00	0.000000e+00
1.030000e+00	1.040000e+00	1.000000e+00	0.000000e+00	0.000000e+00
1.040000e+00	1.050000e+00	1.000000e+00	0.000000e+00	0.000000e+00
1.050000e+00	1.060000e+00	1.000000e+00	0.000000e+00	0.000000e+00
1.060000e+00	1.070000e+00	1.000000e+00	0.000000e+00	0.000000e+00
1.070000e+00	1.080000e+00	1.000000e+00	0.000000e+00	0.000000e+00
1.080000e+00	1.090000e+00	1.000000e+00	0.000000e+00	0.000000e+00
1.090000e+00	1.100000e+00	1.000000e+00	0.000000e+00	0.000000e+00
1.100000e+00	1.110000e+00	1.000000e+00	0.000000e+00	0.000000e+00
1.110000e+00	1.120000e+00	1.000000e+00	0.000000e+00	0.000000e+00
1.120000e+00	1.130000e+00	1.000000e+00	0.000000e+00	0.000000e+00
1.130000e+00	1.140000e+00	1.000000e+00	0.000000e+00	0.000000e+00
1.140000e+00	1.150000e+00	1.000000e+00	0.000000e+00	0.000000e+00
1.150000e+00	1.160000e+00	1.000000e+00	0.000000e+00	0.000000e+00
1.160000e+00	1.170000e+00	1.000000e+00	0.000000e+00	0.000000e+00
1.170000e+00	1.180000e+00	1.000000e+00	0.000000e+00	0.000000e+00
1.180000e+00	1.190000e+00	1.000000e+00	0.000000e+00	0.000000e+00
1.190000e+00	1.200000e+00	1.000000e+00	0.000000e+00	0.000000e+00
1.200000e+00	1.210000e+00	1.000000e+00	0.000000e+00	0.000000e+00
1.210000e+00	1.220000e+00	1.000000e+00	0.000000e+00	0.000000e+00
1.220000e+00	1.230000e+00	1.000000e+00	0.000000e+00	0.000000e+00
1.230000e+00	1.240000e+00	1.000000e+00	0.000000e+00	0.000000e+00
1.240000e+00	1.250000e+00	1.000000e+00	0.000000e+00	0.000000e+00
1.250000e+00	1.260000e+00	1.000000e+00	0.000000e+00	0.000000e+00
1.260000e+00	1.270000e+00	1.000000e+00	0.000000e+00	0.000000e+00
1.270000e+00	1.280000e+00	1.000000e+00	0.000000e+00	0.000000e+00
1.280000e+00	1.290000e+00	1.000000e+00	0.000000e+00	0.000000e+00
1.290000e+00	1.300000e+00	1.000000e+00	0.000000e+00	0.000000e+00
1.300000e+00	1.310000e+00	1.000000e+00	0.000000e+00	0.000000e+00
1.310000e+00	1.320000e+00	1.000000e+00	0.000000e+00	0.000000e+00
1.320000e+00	1.330000e+00	1.000000e+00	0.000000e+00	0.000000e+00
1.330000e+00	1.340000e+00	1.000000e+00	0.000000e+00	0.000000e+00
1.340000e+00	1.350000e+00	1.000000e+00	0.000000e+00	0.000000e+00
1.350000e+00	1.360000e+00	1.000000e+00	0.000000e+00	0.000000e+00
1.360000e+00	1.370000e+00	1.000000e+00	0.000000e+00	0.000000e+00
1.370000e+00	1.380000e+00	1.000000e+00	0.000000e+00	0.000000e+00
1.380000e+00	1.390000e+00	1.000000e+00	0.000000e+00	0.000000e+00
1.390000e+00	1.400000e+00	1.000000e+00	0.000000e+00	0.000000e+00
1.400000e+00	1.410000e+00	1.000000e+00	0.000000e+00	0.000000e+00
1.410000e+00	1.420000e+00	1.000000e+00	0.000000e+00	0.000000e+00
1.420000e+00	1.430000e+00	1.000000e+00	0.000000e+00	0.000000e+00
1.430000e+00	1.440000e+00	1.000000e+00	0.000000e+00	0.000000e+00
1.440000e+00	1.450000e+00	1.000000e+00	0.000000e+00	0.000000e+00
1.450000e+00	1.460000e+00	1.000000e+00	0.000000e+00	0.000000e+00
1.460000e+00	1.470000e+00	1.000000e+00	0.000000e+00	0.000000e+00
1.470000e+00	1.480000e+00	1.000000e+00	0.000000e+00	0.000000e+00
1.480000e+00	1.490000e+00	1.000000e+00	0.000000e+00	0.000000e+00
1.490000e+00	1.500000e+00	1.000000e+00	0.000000e+00	0.000000e+00
# END HISTO1D

