# BEGIN PLOT
XTwosidedTicks=1
DrawOnly=//nfs/farm/g/theory/qcdsim/shoeche/runs/lhjets/zj/mcnlo/css/run.yoda/LH2017_ZHSHAPES/psi_0.9_50 //nfs/farm/g/theory/qcdsim/shoeche/runs/lhjets/zj/mcnlo/css-1em/run.yoda/LH2017_ZHSHAPES/psi_0.9_50 //nfs/farm/g/theory/qcdsim/shoeche/runs/lhjets/zj/nlo/cs/run.yoda/LH2017_ZHSHAPES/psi_0.9_50
RatioPlotReference=//nfs/farm/g/theory/qcdsim/shoeche/runs/lhjets/zj/nlo/cs/run.yoda/LH2017_ZHSHAPES/psi_0.9_50
RatioPlot=1
LogY=1
RatioPlotYLabel=Ratio
LegendOnly=//nfs/farm/g/theory/qcdsim/shoeche/runs/lhjets/zj/mcnlo/css/run.yoda/LH2017_ZHSHAPES/psi_0.9_50 //nfs/farm/g/theory/qcdsim/shoeche/runs/lhjets/zj/mcnlo/css-1em/run.yoda/LH2017_ZHSHAPES/psi_0.9_50 //nfs/farm/g/theory/qcdsim/shoeche/runs/lhjets/zj/mcnlo/herwig.yoda/LH2017_ZHSHAPES/psi_0.9_50 //nfs/farm/g/theory/qcdsim/shoeche/runs/lhjets/zj/nlo/cs/run.yoda/LH2017_ZHSHAPES/psi_0.9_50
RatioPlotSameStyle=1
YTwosidedTicks=1
Legend=1
# END PLOT

# BEGIN HISTO1D //nfs/farm/g/theory/qcdsim/shoeche/runs/lhjets/zj/mcnlo/css/run.yoda/LH2017_ZHSHAPES/psi_0.9_50
ErrorBars=1
LineColor=red
LineStyle=solid
Path=//nfs/farm/g/theory/qcdsim/shoeche/runs/lhjets/zj/mcnlo/css/run.yoda/LH2017_ZHSHAPES/psi_0.9_50
Title=Sherpa~MCNLO
XLabel=
YLabel=
# xlow	 xhigh	 val	 errminus	 errplus
0.000000e+00	1.000000e-02	1.822532e-01	1.090627e-04	1.090627e-04
1.000000e-02	2.000000e-02	2.217882e-01	1.156063e-04	1.156063e-04
2.000000e-02	3.000000e-02	2.865275e-01	1.228789e-04	1.228789e-04
3.000000e-02	4.000000e-02	3.554121e-01	1.268869e-04	1.268869e-04
4.000000e-02	5.000000e-02	4.145268e-01	1.277527e-04	1.277527e-04
5.000000e-02	6.000000e-02	4.648248e-01	1.267616e-04	1.267616e-04
6.000000e-02	7.000000e-02	5.081235e-01	1.246968e-04	1.246968e-04
7.000000e-02	8.000000e-02	5.459519e-01	1.219785e-04	1.219785e-04
8.000000e-02	9.000000e-02	5.791182e-01	1.188706e-04	1.188706e-04
9.000000e-02	1.000000e-01	6.085220e-01	1.155374e-04	1.155374e-04
1.000000e-01	1.100000e-01	6.348020e-01	1.120794e-04	1.120794e-04
1.100000e-01	1.200000e-01	6.583662e-01	1.085748e-04	1.085748e-04
1.200000e-01	1.300000e-01	6.796177e-01	1.050787e-04	1.050787e-04
1.300000e-01	1.400000e-01	6.989099e-01	1.016092e-04	1.016092e-04
1.400000e-01	1.500000e-01	7.165091e-01	9.817874e-05	9.817874e-05
1.500000e-01	1.600000e-01	7.325788e-01	9.482302e-05	9.482302e-05
1.600000e-01	1.700000e-01	7.473285e-01	9.154210e-05	9.154210e-05
1.700000e-01	1.800000e-01	7.609524e-01	8.832650e-05	8.832650e-05
1.800000e-01	1.900000e-01	7.735717e-01	8.518271e-05	8.518271e-05
1.900000e-01	2.000000e-01	7.852560e-01	8.212758e-05	8.212758e-05
2.000000e-01	2.100000e-01	7.961725e-01	7.913752e-05	7.913752e-05
2.100000e-01	2.200000e-01	8.063241e-01	7.623584e-05	7.623584e-05
2.200000e-01	2.300000e-01	8.157803e-01	7.343266e-05	7.343266e-05
2.300000e-01	2.400000e-01	8.246795e-01	7.069347e-05	7.069347e-05
2.400000e-01	2.500000e-01	8.330356e-01	6.801324e-05	6.801324e-05
2.500000e-01	2.600000e-01	8.409188e-01	6.541101e-05	6.541101e-05
2.600000e-01	2.700000e-01	8.483321e-01	6.289523e-05	6.289523e-05
2.700000e-01	2.800000e-01	8.553394e-01	6.044678e-05	6.044678e-05
2.800000e-01	2.900000e-01	8.619787e-01	5.806538e-05	5.806538e-05
2.900000e-01	3.000000e-01	8.682637e-01	5.575283e-05	5.575283e-05
3.000000e-01	3.100000e-01	8.742182e-01	5.352664e-05	5.352664e-05
3.100000e-01	3.200000e-01	8.798735e-01	5.134776e-05	5.134776e-05
3.200000e-01	3.300000e-01	8.852587e-01	4.926222e-05	4.926222e-05
3.300000e-01	3.400000e-01	8.903836e-01	4.724754e-05	4.724754e-05
3.400000e-01	3.500000e-01	8.952767e-01	4.530017e-05	4.530017e-05
3.500000e-01	3.600000e-01	8.999411e-01	4.342615e-05	4.342615e-05
3.600000e-01	3.700000e-01	9.043696e-01	4.163801e-05	4.163801e-05
3.700000e-01	3.800000e-01	9.086184e-01	3.992147e-05	3.992147e-05
3.800000e-01	3.900000e-01	9.126950e-01	3.827229e-05	3.827229e-05
3.900000e-01	4.000000e-01	9.166032e-01	3.669163e-05	3.669163e-05
4.000000e-01	4.100000e-01	9.203398e-01	3.519622e-05	3.519622e-05
4.100000e-01	4.200000e-01	9.239387e-01	3.376938e-05	3.376938e-05
4.200000e-01	4.300000e-01	9.273917e-01	3.242528e-05	3.242528e-05
4.300000e-01	4.400000e-01	9.307078e-01	3.115617e-05	3.115617e-05
4.400000e-01	4.500000e-01	9.339123e-01	2.994181e-05	2.994181e-05
4.500000e-01	4.600000e-01	9.370013e-01	2.878980e-05	2.878980e-05
4.600000e-01	4.700000e-01	9.399891e-01	2.768190e-05	2.768190e-05
4.700000e-01	4.800000e-01	9.428682e-01	2.662706e-05	2.662706e-05
4.800000e-01	4.900000e-01	9.456397e-01	2.561042e-05	2.561042e-05
4.900000e-01	5.000000e-01	9.483237e-01	2.463208e-05	2.463208e-05
5.000000e-01	5.100000e-01	9.509206e-01	2.368011e-05	2.368011e-05
5.100000e-01	5.200000e-01	9.534310e-01	2.276064e-05	2.276064e-05
5.200000e-01	5.300000e-01	9.558580e-01	2.187295e-05	2.187295e-05
5.300000e-01	5.400000e-01	9.582113e-01	2.100376e-05	2.100376e-05
5.400000e-01	5.500000e-01	9.604942e-01	2.015765e-05	2.015765e-05
5.500000e-01	5.600000e-01	9.626993e-01	1.933176e-05	1.933176e-05
5.600000e-01	5.700000e-01	9.648409e-01	1.852368e-05	1.852368e-05
5.700000e-01	5.800000e-01	9.669200e-01	1.772831e-05	1.772831e-05
5.800000e-01	5.900000e-01	9.689260e-01	1.695271e-05	1.695271e-05
5.900000e-01	6.000000e-01	9.708705e-01	1.618891e-05	1.618891e-05
6.000000e-01	6.100000e-01	9.727510e-01	1.544312e-05	1.544312e-05
6.100000e-01	6.200000e-01	9.745671e-01	1.471115e-05	1.471115e-05
6.200000e-01	6.300000e-01	9.763224e-01	1.399107e-05	1.399107e-05
6.300000e-01	6.400000e-01	9.780223e-01	1.328400e-05	1.328400e-05
6.400000e-01	6.500000e-01	9.796598e-01	1.258818e-05	1.258818e-05
6.500000e-01	6.600000e-01	9.812394e-01	1.190627e-05	1.190627e-05
6.600000e-01	6.700000e-01	9.827620e-01	1.123330e-05	1.123330e-05
6.700000e-01	6.800000e-01	9.842333e-01	1.056711e-05	1.056711e-05
6.800000e-01	6.900000e-01	9.856397e-01	9.913190e-06	9.913190e-06
6.900000e-01	7.000000e-01	9.869858e-01	9.272085e-06	9.272085e-06
7.000000e-01	7.100000e-01	9.882801e-01	8.637375e-06	8.637375e-06
7.100000e-01	7.200000e-01	9.895086e-01	8.015937e-06	8.015937e-06
7.200000e-01	7.300000e-01	9.906811e-01	7.401241e-06	7.401241e-06
7.300000e-01	7.400000e-01	9.917870e-01	6.804351e-06	6.804351e-06
7.400000e-01	7.500000e-01	9.928332e-01	6.211617e-06	6.211617e-06
7.500000e-01	7.600000e-01	9.938185e-01	5.633794e-06	5.633794e-06
7.600000e-01	7.700000e-01	9.947360e-01	5.067631e-06	5.067631e-06
7.700000e-01	7.800000e-01	9.955860e-01	4.514070e-06	4.514070e-06
7.800000e-01	7.900000e-01	9.963592e-01	3.985036e-06	3.985036e-06
7.900000e-01	8.000000e-01	9.970684e-01	3.467968e-06	3.467968e-06
8.000000e-01	8.100000e-01	9.977050e-01	2.964516e-06	2.964516e-06
8.100000e-01	8.200000e-01	9.982630e-01	2.490240e-06	2.490240e-06
8.200000e-01	8.300000e-01	9.987427e-01	2.036773e-06	2.036773e-06
8.300000e-01	8.400000e-01	9.991378e-01	1.626999e-06	1.626999e-06
8.400000e-01	8.500000e-01	9.994492e-01	1.255062e-06	1.255062e-06
8.500000e-01	8.600000e-01	9.996750e-01	9.562224e-07	9.562224e-07
8.600000e-01	8.700000e-01	9.998180e-01	7.318982e-07	7.318982e-07
8.700000e-01	8.800000e-01	9.998916e-01	6.193429e-07	6.193429e-07
8.800000e-01	8.900000e-01	9.999205e-01	5.256950e-07	5.256950e-07
8.900000e-01	9.000000e-01	9.999331e-01	4.957227e-07	4.957227e-07
9.000000e-01	9.100000e-01	9.999428e-01	4.468716e-07	4.468716e-07
9.100000e-01	9.200000e-01	9.999514e-01	3.919480e-07	3.919480e-07
9.200000e-01	9.300000e-01	9.999583e-01	3.718762e-07	3.718762e-07
9.300000e-01	9.400000e-01	9.999646e-01	3.279761e-07	3.279761e-07
9.400000e-01	9.500000e-01	9.999699e-01	3.280191e-07	3.280191e-07
9.500000e-01	9.600000e-01	9.999747e-01	2.772275e-07	2.772275e-07
9.600000e-01	9.700000e-01	9.999788e-01	2.479706e-07	2.479706e-07
9.700000e-01	9.800000e-01	9.999821e-01	2.479912e-07	2.479912e-07
9.800000e-01	9.900000e-01	9.999851e-01	1.753423e-07	1.753423e-07
9.900000e-01	1.000000e+00	9.999876e-01	1.753579e-07	1.753579e-07
1.000000e+00	1.010000e+00	9.999897e-01	1.753688e-07	1.753688e-07
1.010000e+00	1.020000e+00	9.999914e-01	1.753763e-07	1.753763e-07
1.020000e+00	1.030000e+00	9.999929e-01	1.240055e-07	1.240055e-07
1.030000e+00	1.040000e+00	9.999941e-01	1.753852e-07	1.753852e-07
1.040000e+00	1.050000e+00	9.999952e-01	1.240143e-07	1.240143e-07
1.050000e+00	1.060000e+00	9.999962e-01	1.240170e-07	1.240170e-07
1.060000e+00	1.070000e+00	9.999970e-01	1.240187e-07	1.240187e-07
1.070000e+00	1.080000e+00	9.999975e-01	1.240197e-07	1.240197e-07
1.080000e+00	1.090000e+00	9.999981e-01	5.414386e-10	5.414386e-10
1.090000e+00	1.100000e+00	9.999987e-01	1.240223e-07	1.240223e-07
1.100000e+00	1.110000e+00	9.999989e-01	3.248619e-10	3.248619e-10
1.110000e+00	1.120000e+00	9.999992e-01	1.240219e-07	1.240219e-07
1.120000e+00	1.130000e+00	9.999994e-01	1.240218e-07	1.240218e-07
1.130000e+00	1.140000e+00	9.999996e-01	1.240218e-07	1.240218e-07
1.140000e+00	1.150000e+00	9.999996e-01	1.240217e-07	1.240217e-07
1.150000e+00	1.160000e+00	9.999998e-01	5.414113e-11	5.414113e-11
1.160000e+00	1.170000e+00	9.999998e-01	5.414113e-11	5.414113e-11
1.170000e+00	1.180000e+00	1.000000e+00	1.240217e-07	1.240217e-07
1.180000e+00	1.190000e+00	1.000000e+00	1.240217e-07	1.240217e-07
1.190000e+00	1.200000e+00	1.000000e+00	0.000000e+00	0.000000e+00
1.200000e+00	1.210000e+00	1.000000e+00	0.000000e+00	0.000000e+00
1.210000e+00	1.220000e+00	1.000000e+00	0.000000e+00	0.000000e+00
1.220000e+00	1.230000e+00	1.000000e+00	0.000000e+00	0.000000e+00
1.230000e+00	1.240000e+00	1.000000e+00	0.000000e+00	0.000000e+00
1.240000e+00	1.250000e+00	1.000000e+00	0.000000e+00	0.000000e+00
1.250000e+00	1.260000e+00	1.000000e+00	0.000000e+00	0.000000e+00
1.260000e+00	1.270000e+00	1.000000e+00	0.000000e+00	0.000000e+00
1.270000e+00	1.280000e+00	1.000000e+00	0.000000e+00	0.000000e+00
1.280000e+00	1.290000e+00	1.000000e+00	0.000000e+00	0.000000e+00
1.290000e+00	1.300000e+00	1.000000e+00	0.000000e+00	0.000000e+00
1.300000e+00	1.310000e+00	1.000000e+00	0.000000e+00	0.000000e+00
1.310000e+00	1.320000e+00	1.000000e+00	0.000000e+00	0.000000e+00
1.320000e+00	1.330000e+00	1.000000e+00	0.000000e+00	0.000000e+00
1.330000e+00	1.340000e+00	1.000000e+00	0.000000e+00	0.000000e+00
1.340000e+00	1.350000e+00	1.000000e+00	0.000000e+00	0.000000e+00
1.350000e+00	1.360000e+00	1.000000e+00	0.000000e+00	0.000000e+00
1.360000e+00	1.370000e+00	1.000000e+00	0.000000e+00	0.000000e+00
1.370000e+00	1.380000e+00	1.000000e+00	0.000000e+00	0.000000e+00
1.380000e+00	1.390000e+00	1.000000e+00	0.000000e+00	0.000000e+00
1.390000e+00	1.400000e+00	1.000000e+00	0.000000e+00	0.000000e+00
1.400000e+00	1.410000e+00	1.000000e+00	0.000000e+00	0.000000e+00
1.410000e+00	1.420000e+00	1.000000e+00	0.000000e+00	0.000000e+00
1.420000e+00	1.430000e+00	1.000000e+00	0.000000e+00	0.000000e+00
1.430000e+00	1.440000e+00	1.000000e+00	0.000000e+00	0.000000e+00
1.440000e+00	1.450000e+00	1.000000e+00	0.000000e+00	0.000000e+00
1.450000e+00	1.460000e+00	1.000000e+00	0.000000e+00	0.000000e+00
1.460000e+00	1.470000e+00	1.000000e+00	0.000000e+00	0.000000e+00
1.470000e+00	1.480000e+00	1.000000e+00	0.000000e+00	0.000000e+00
1.480000e+00	1.490000e+00	1.000000e+00	0.000000e+00	0.000000e+00
1.490000e+00	1.500000e+00	1.000000e+00	0.000000e+00	0.000000e+00
# END HISTO1D

# BEGIN HISTO1D //nfs/farm/g/theory/qcdsim/shoeche/runs/lhjets/zj/mcnlo/css-1em/run.yoda/LH2017_ZHSHAPES/psi_0.9_50
ErrorBars=1
LineColor=blue
LineStyle=solid
Path=//nfs/farm/g/theory/qcdsim/shoeche/runs/lhjets/zj/mcnlo/css-1em/run.yoda/LH2017_ZHSHAPES/psi_0.9_50
Title=Sherpa~MCNLO~1em
XLabel=
YLabel=
# xlow	 xhigh	 val	 errminus	 errplus
0.000000e+00	1.000000e-02	9.240590e-01	1.546647e-04	1.546647e-04
1.000000e-02	2.000000e-02	9.250051e-01	1.537049e-04	1.537049e-04
2.000000e-02	3.000000e-02	9.264469e-01	1.521911e-04	1.521911e-04
3.000000e-02	4.000000e-02	9.282519e-01	1.502351e-04	1.502351e-04
4.000000e-02	5.000000e-02	9.304597e-01	1.477546e-04	1.477546e-04
5.000000e-02	6.000000e-02	9.328200e-01	1.450109e-04	1.450109e-04
6.000000e-02	7.000000e-02	9.353721e-01	1.419336e-04	1.419336e-04
7.000000e-02	8.000000e-02	9.380035e-01	1.386415e-04	1.386415e-04
8.000000e-02	9.000000e-02	9.405163e-01	1.354271e-04	1.354271e-04
9.000000e-02	1.000000e-01	9.431526e-01	1.318895e-04	1.318895e-04
1.000000e-01	1.100000e-01	9.456804e-01	1.282908e-04	1.282908e-04
1.100000e-01	1.200000e-01	9.481714e-01	1.246990e-04	1.246990e-04
1.200000e-01	1.300000e-01	9.506514e-01	1.209831e-04	1.209831e-04
1.300000e-01	1.400000e-01	9.530501e-01	1.172743e-04	1.172743e-04
1.400000e-01	1.500000e-01	9.553534e-01	1.135802e-04	1.135802e-04
1.500000e-01	1.600000e-01	9.574997e-01	1.099994e-04	1.099994e-04
1.600000e-01	1.700000e-01	9.596497e-01	1.062907e-04	1.062907e-04
1.700000e-01	1.800000e-01	9.616712e-01	1.027099e-04	1.027099e-04
1.800000e-01	1.900000e-01	9.635877e-01	9.919181e-05	9.919181e-05
1.900000e-01	2.000000e-01	9.654587e-01	9.562714e-05	9.562714e-05
2.000000e-01	2.100000e-01	9.672427e-01	9.210983e-05	9.210983e-05
2.100000e-01	2.200000e-01	9.689552e-01	8.863168e-05	8.863168e-05
2.200000e-01	2.300000e-01	9.705724e-01	8.522350e-05	8.522350e-05
2.300000e-01	2.400000e-01	9.721124e-01	8.184890e-05	8.184890e-05
2.400000e-01	2.500000e-01	9.735971e-01	7.851036e-05	7.851036e-05
2.500000e-01	2.600000e-01	9.750229e-01	7.518796e-05	7.518796e-05
2.600000e-01	2.700000e-01	9.763839e-01	7.193880e-05	7.193880e-05
2.700000e-01	2.800000e-01	9.777068e-01	6.869822e-05	6.869822e-05
2.800000e-01	2.900000e-01	9.789596e-01	6.552541e-05	6.552541e-05
2.900000e-01	3.000000e-01	9.801470e-01	6.241750e-05	6.241750e-05
3.000000e-01	3.100000e-01	9.812964e-01	5.930800e-05	5.930800e-05
3.100000e-01	3.200000e-01	9.823747e-01	5.632450e-05	5.632450e-05
3.200000e-01	3.300000e-01	9.833856e-01	5.345172e-05	5.345172e-05
3.300000e-01	3.400000e-01	9.843596e-01	5.061922e-05	5.061922e-05
3.400000e-01	3.500000e-01	9.852887e-01	4.782646e-05	4.782646e-05
3.500000e-01	3.600000e-01	9.861807e-01	4.509735e-05	4.509735e-05
3.600000e-01	3.700000e-01	9.870415e-01	4.248078e-05	4.248078e-05
3.700000e-01	3.800000e-01	9.878575e-01	3.996487e-05	3.996487e-05
3.800000e-01	3.900000e-01	9.886384e-01	3.752759e-05	3.752759e-05
3.900000e-01	4.000000e-01	9.893599e-01	3.529204e-05	3.529204e-05
4.000000e-01	4.100000e-01	9.900365e-01	3.320675e-05	3.320675e-05
4.100000e-01	4.200000e-01	9.906974e-01	3.119400e-05	3.119400e-05
4.200000e-01	4.300000e-01	9.913380e-01	2.933672e-05	2.933672e-05
4.300000e-01	4.400000e-01	9.919248e-01	2.775937e-05	2.775937e-05
4.400000e-01	4.500000e-01	9.924932e-01	2.639094e-05	2.639094e-05
4.500000e-01	4.600000e-01	9.930284e-01	2.515895e-05	2.515895e-05
4.600000e-01	4.700000e-01	9.935393e-01	2.394750e-05	2.394750e-05
4.700000e-01	4.800000e-01	9.940277e-01	2.276060e-05	2.276060e-05
4.800000e-01	4.900000e-01	9.944781e-01	2.163222e-05	2.163222e-05
4.900000e-01	5.000000e-01	9.949090e-01	2.053397e-05	2.053397e-05
5.000000e-01	5.100000e-01	9.953058e-01	1.949579e-05	1.949579e-05
5.100000e-01	5.200000e-01	9.956938e-01	1.843162e-05	1.843162e-05
5.200000e-01	5.300000e-01	9.960624e-01	1.739346e-05	1.739346e-05
5.300000e-01	5.400000e-01	9.964104e-01	1.639677e-05	1.639677e-05
5.400000e-01	5.500000e-01	9.967263e-01	1.545998e-05	1.545998e-05
5.500000e-01	5.600000e-01	9.970217e-01	1.453909e-05	1.453909e-05
5.600000e-01	5.700000e-01	9.973034e-01	1.365042e-05	1.365042e-05
5.700000e-01	5.800000e-01	9.975618e-01	1.280037e-05	1.280037e-05
5.800000e-01	5.900000e-01	9.978055e-01	1.197047e-05	1.197047e-05
5.900000e-01	6.000000e-01	9.980297e-01	1.119498e-05	1.119498e-05
6.000000e-01	6.100000e-01	9.982413e-01	1.039127e-05	1.039127e-05
6.100000e-01	6.200000e-01	9.984343e-01	9.673203e-06	9.673203e-06
6.200000e-01	6.300000e-01	9.986108e-01	8.969500e-06	8.969500e-06
6.300000e-01	6.400000e-01	9.987726e-01	8.264191e-06	8.264191e-06
6.400000e-01	6.500000e-01	9.989266e-01	7.601336e-06	7.601336e-06
6.500000e-01	6.600000e-01	9.990660e-01	6.969077e-06	6.969077e-06
6.600000e-01	6.700000e-01	9.991947e-01	6.350897e-06	6.350897e-06
6.700000e-01	6.800000e-01	9.993098e-01	5.751466e-06	5.751466e-06
6.800000e-01	6.900000e-01	9.994112e-01	5.209611e-06	5.209611e-06
6.900000e-01	7.000000e-01	9.995038e-01	4.675000e-06	4.675000e-06
7.000000e-01	7.100000e-01	9.995847e-01	4.229866e-06	4.229866e-06
7.100000e-01	7.200000e-01	9.996588e-01	3.775484e-06	3.775484e-06
7.200000e-01	7.300000e-01	9.997202e-01	3.308036e-06	3.308036e-06
7.300000e-01	7.400000e-01	9.997758e-01	2.936959e-06	2.936959e-06
7.400000e-01	7.500000e-01	9.998226e-01	2.576359e-06	2.576359e-06
7.500000e-01	7.600000e-01	9.998635e-01	2.155806e-06	2.155806e-06
7.600000e-01	7.700000e-01	9.998976e-01	1.728638e-06	1.728638e-06
7.700000e-01	7.800000e-01	9.999240e-01	1.524780e-06	1.524780e-06
7.800000e-01	7.900000e-01	9.999464e-01	1.152689e-06	1.152689e-06
7.900000e-01	8.000000e-01	9.999630e-01	8.150878e-07	8.150878e-07
8.000000e-01	8.100000e-01	9.999747e-01	8.152405e-07	8.152405e-07
8.100000e-01	8.200000e-01	9.999834e-01	8.153174e-07	8.153174e-07
8.200000e-01	8.300000e-01	9.999903e-01	5.765290e-07	5.765290e-07
8.300000e-01	8.400000e-01	9.999951e-01	2.846395e-09	2.846395e-09
8.400000e-01	8.500000e-01	9.999971e-01	5.765545e-07	5.765545e-07
8.500000e-01	8.600000e-01	9.999990e-01	5.692551e-10	5.692551e-10
8.600000e-01	8.700000e-01	9.999990e-01	5.765568e-07	5.765568e-07
8.700000e-01	8.800000e-01	9.999990e-01	5.765568e-07	5.765568e-07
8.800000e-01	8.900000e-01	1.000000e+00	0.000000e+00	0.000000e+00
8.900000e-01	9.000000e-01	1.000000e+00	0.000000e+00	0.000000e+00
9.000000e-01	9.100000e-01	1.000000e+00	0.000000e+00	0.000000e+00
9.100000e-01	9.200000e-01	1.000000e+00	0.000000e+00	0.000000e+00
9.200000e-01	9.300000e-01	1.000000e+00	0.000000e+00	0.000000e+00
9.300000e-01	9.400000e-01	1.000000e+00	0.000000e+00	0.000000e+00
9.400000e-01	9.500000e-01	1.000000e+00	0.000000e+00	0.000000e+00
9.500000e-01	9.600000e-01	1.000000e+00	0.000000e+00	0.000000e+00
9.600000e-01	9.700000e-01	1.000000e+00	0.000000e+00	0.000000e+00
9.700000e-01	9.800000e-01	1.000000e+00	0.000000e+00	0.000000e+00
9.800000e-01	9.900000e-01	1.000000e+00	0.000000e+00	0.000000e+00
9.900000e-01	1.000000e+00	1.000000e+00	0.000000e+00	0.000000e+00
1.000000e+00	1.010000e+00	1.000000e+00	0.000000e+00	0.000000e+00
1.010000e+00	1.020000e+00	1.000000e+00	0.000000e+00	0.000000e+00
1.020000e+00	1.030000e+00	1.000000e+00	0.000000e+00	0.000000e+00
1.030000e+00	1.040000e+00	1.000000e+00	0.000000e+00	0.000000e+00
1.040000e+00	1.050000e+00	1.000000e+00	0.000000e+00	0.000000e+00
1.050000e+00	1.060000e+00	1.000000e+00	0.000000e+00	0.000000e+00
1.060000e+00	1.070000e+00	1.000000e+00	0.000000e+00	0.000000e+00
1.070000e+00	1.080000e+00	1.000000e+00	0.000000e+00	0.000000e+00
1.080000e+00	1.090000e+00	1.000000e+00	0.000000e+00	0.000000e+00
1.090000e+00	1.100000e+00	1.000000e+00	0.000000e+00	0.000000e+00
1.100000e+00	1.110000e+00	1.000000e+00	0.000000e+00	0.000000e+00
1.110000e+00	1.120000e+00	1.000000e+00	0.000000e+00	0.000000e+00
1.120000e+00	1.130000e+00	1.000000e+00	0.000000e+00	0.000000e+00
1.130000e+00	1.140000e+00	1.000000e+00	0.000000e+00	0.000000e+00
1.140000e+00	1.150000e+00	1.000000e+00	0.000000e+00	0.000000e+00
1.150000e+00	1.160000e+00	1.000000e+00	0.000000e+00	0.000000e+00
1.160000e+00	1.170000e+00	1.000000e+00	0.000000e+00	0.000000e+00
1.170000e+00	1.180000e+00	1.000000e+00	0.000000e+00	0.000000e+00
1.180000e+00	1.190000e+00	1.000000e+00	0.000000e+00	0.000000e+00
1.190000e+00	1.200000e+00	1.000000e+00	0.000000e+00	0.000000e+00
1.200000e+00	1.210000e+00	1.000000e+00	0.000000e+00	0.000000e+00
1.210000e+00	1.220000e+00	1.000000e+00	0.000000e+00	0.000000e+00
1.220000e+00	1.230000e+00	1.000000e+00	0.000000e+00	0.000000e+00
1.230000e+00	1.240000e+00	1.000000e+00	0.000000e+00	0.000000e+00
1.240000e+00	1.250000e+00	1.000000e+00	0.000000e+00	0.000000e+00
1.250000e+00	1.260000e+00	1.000000e+00	0.000000e+00	0.000000e+00
1.260000e+00	1.270000e+00	1.000000e+00	0.000000e+00	0.000000e+00
1.270000e+00	1.280000e+00	1.000000e+00	0.000000e+00	0.000000e+00
1.280000e+00	1.290000e+00	1.000000e+00	0.000000e+00	0.000000e+00
1.290000e+00	1.300000e+00	1.000000e+00	0.000000e+00	0.000000e+00
1.300000e+00	1.310000e+00	1.000000e+00	0.000000e+00	0.000000e+00
1.310000e+00	1.320000e+00	1.000000e+00	0.000000e+00	0.000000e+00
1.320000e+00	1.330000e+00	1.000000e+00	0.000000e+00	0.000000e+00
1.330000e+00	1.340000e+00	1.000000e+00	0.000000e+00	0.000000e+00
1.340000e+00	1.350000e+00	1.000000e+00	0.000000e+00	0.000000e+00
1.350000e+00	1.360000e+00	1.000000e+00	0.000000e+00	0.000000e+00
1.360000e+00	1.370000e+00	1.000000e+00	0.000000e+00	0.000000e+00
1.370000e+00	1.380000e+00	1.000000e+00	0.000000e+00	0.000000e+00
1.380000e+00	1.390000e+00	1.000000e+00	0.000000e+00	0.000000e+00
1.390000e+00	1.400000e+00	1.000000e+00	0.000000e+00	0.000000e+00
1.400000e+00	1.410000e+00	1.000000e+00	0.000000e+00	0.000000e+00
1.410000e+00	1.420000e+00	1.000000e+00	0.000000e+00	0.000000e+00
1.420000e+00	1.430000e+00	1.000000e+00	0.000000e+00	0.000000e+00
1.430000e+00	1.440000e+00	1.000000e+00	0.000000e+00	0.000000e+00
1.440000e+00	1.450000e+00	1.000000e+00	0.000000e+00	0.000000e+00
1.450000e+00	1.460000e+00	1.000000e+00	0.000000e+00	0.000000e+00
1.460000e+00	1.470000e+00	1.000000e+00	0.000000e+00	0.000000e+00
1.470000e+00	1.480000e+00	1.000000e+00	0.000000e+00	0.000000e+00
1.480000e+00	1.490000e+00	1.000000e+00	0.000000e+00	0.000000e+00
1.490000e+00	1.500000e+00	1.000000e+00	0.000000e+00	0.000000e+00
# END HISTO1D

# BEGIN HISTO1D //nfs/farm/g/theory/qcdsim/shoeche/runs/lhjets/zj/mcnlo/herwig.yoda/LH2017_ZHSHAPES/psi_0.9_50
ErrorBars=1
LineColor=green
LineStyle=solid
Path=//nfs/farm/g/theory/qcdsim/shoeche/runs/lhjets/zj/mcnlo/herwig.yoda/LH2017_ZHSHAPES/psi_0.9_50
Title=Herwig~MCNLO
XLabel=~
YLabel=~
# xlow	 xhigh	 val	 errminus	 errplus
0.000000e+00	1.000000e-02	9.911180e-02	8.994286e-05	8.994286e-05
1.000000e-02	2.000000e-02	1.512703e-01	1.044473e-04	1.044473e-04
2.000000e-02	3.000000e-02	2.237699e-01	1.174083e-04	1.174083e-04
3.000000e-02	4.000000e-02	2.900520e-01	1.239910e-04	1.239910e-04
4.000000e-02	5.000000e-02	3.483954e-01	1.268666e-04	1.268666e-04
5.000000e-02	6.000000e-02	4.001085e-01	1.276019e-04	1.276019e-04
6.000000e-02	7.000000e-02	4.461548e-01	1.269693e-04	1.269693e-04
7.000000e-02	8.000000e-02	4.869890e-01	1.254629e-04	1.254629e-04
8.000000e-02	9.000000e-02	5.235121e-01	1.233424e-04	1.233424e-04
9.000000e-02	1.000000e-01	5.561669e-01	1.208320e-04	1.208320e-04
1.000000e-01	1.100000e-01	5.855538e-01	1.180516e-04	1.180516e-04
1.100000e-01	1.200000e-01	6.123033e-01	1.150578e-04	1.150578e-04
1.200000e-01	1.300000e-01	6.364811e-01	1.119812e-04	1.119812e-04
1.300000e-01	1.400000e-01	6.584903e-01	1.088315e-04	1.088315e-04
1.400000e-01	1.500000e-01	6.785890e-01	1.056622e-04	1.056622e-04
1.500000e-01	1.600000e-01	6.970947e-01	1.024630e-04	1.024630e-04
1.600000e-01	1.700000e-01	7.141440e-01	9.927990e-05	9.927990e-05
1.700000e-01	1.800000e-01	7.298845e-01	9.612698e-05	9.612698e-05
1.800000e-01	1.900000e-01	7.445421e-01	9.299608e-05	9.299608e-05
1.900000e-01	2.000000e-01	7.581424e-01	8.989781e-05	8.989781e-05
2.000000e-01	2.100000e-01	7.707821e-01	8.685969e-05	8.685969e-05
2.100000e-01	2.200000e-01	7.826012e-01	8.386559e-05	8.386559e-05
2.200000e-01	2.300000e-01	7.936779e-01	8.092015e-05	8.092015e-05
2.300000e-01	2.400000e-01	8.040990e-01	7.801999e-05	7.801999e-05
2.400000e-01	2.500000e-01	8.138563e-01	7.519511e-05	7.519511e-05
2.500000e-01	2.600000e-01	8.229968e-01	7.243848e-05	7.243848e-05
2.600000e-01	2.700000e-01	8.316398e-01	6.973383e-05	6.973383e-05
2.700000e-01	2.800000e-01	8.398272e-01	6.708062e-05	6.708062e-05
2.800000e-01	2.900000e-01	8.475710e-01	6.447663e-05	6.447663e-05
2.900000e-01	3.000000e-01	8.548800e-01	6.196214e-05	6.196214e-05
3.000000e-01	3.100000e-01	8.618095e-01	5.949686e-05	5.949686e-05
3.100000e-01	3.200000e-01	8.683800e-01	5.710844e-05	5.710844e-05
3.200000e-01	3.300000e-01	8.746004e-01	5.479936e-05	5.479936e-05
3.300000e-01	3.400000e-01	8.805127e-01	5.256017e-05	5.256017e-05
3.400000e-01	3.500000e-01	8.861471e-01	5.037913e-05	5.037913e-05
3.500000e-01	3.600000e-01	8.915023e-01	4.828418e-05	4.828418e-05
3.600000e-01	3.700000e-01	8.965839e-01	4.627877e-05	4.627877e-05
3.700000e-01	3.800000e-01	9.014604e-01	4.433260e-05	4.433260e-05
3.800000e-01	3.900000e-01	9.061040e-01	4.246316e-05	4.246316e-05
3.900000e-01	4.000000e-01	9.105256e-01	4.068642e-05	4.068642e-05
4.000000e-01	4.100000e-01	9.147583e-01	3.898333e-05	3.898333e-05
4.100000e-01	4.200000e-01	9.187977e-01	3.735877e-05	3.735877e-05
4.200000e-01	4.300000e-01	9.226659e-01	3.580839e-05	3.580839e-05
4.300000e-01	4.400000e-01	9.263797e-01	3.433556e-05	3.433556e-05
4.400000e-01	4.500000e-01	9.299435e-01	3.293393e-05	3.293393e-05
4.500000e-01	4.600000e-01	9.333580e-01	3.159814e-05	3.159814e-05
4.600000e-01	4.700000e-01	9.366307e-01	3.032452e-05	3.032452e-05
4.700000e-01	4.800000e-01	9.397748e-01	2.911098e-05	2.911098e-05
4.800000e-01	4.900000e-01	9.427928e-01	2.794544e-05	2.794544e-05
4.900000e-01	5.000000e-01	9.457091e-01	2.681850e-05	2.681850e-05
5.000000e-01	5.100000e-01	9.485043e-01	2.574406e-05	2.574406e-05
5.100000e-01	5.200000e-01	9.512036e-01	2.469904e-05	2.469904e-05
5.200000e-01	5.300000e-01	9.538024e-01	2.368836e-05	2.368836e-05
5.300000e-01	5.400000e-01	9.562908e-01	2.272329e-05	2.272329e-05
5.400000e-01	5.500000e-01	9.587109e-01	2.177870e-05	2.177870e-05
5.500000e-01	5.600000e-01	9.610336e-01	2.086165e-05	2.086165e-05
5.600000e-01	5.700000e-01	9.632774e-01	1.997041e-05	1.997041e-05
5.700000e-01	5.800000e-01	9.654351e-01	1.909913e-05	1.909913e-05
5.800000e-01	5.900000e-01	9.675270e-01	1.824718e-05	1.824718e-05
5.900000e-01	6.000000e-01	9.695404e-01	1.741927e-05	1.741927e-05
6.000000e-01	6.100000e-01	9.714754e-01	1.661453e-05	1.661453e-05
6.100000e-01	6.200000e-01	9.733446e-01	1.582619e-05	1.582619e-05
6.200000e-01	6.300000e-01	9.751453e-01	1.506074e-05	1.506074e-05
6.300000e-01	6.400000e-01	9.768890e-01	1.430108e-05	1.430108e-05
6.400000e-01	6.500000e-01	9.785693e-01	1.355810e-05	1.355810e-05
6.500000e-01	6.600000e-01	9.802000e-01	1.282517e-05	1.282517e-05
6.600000e-01	6.700000e-01	9.817610e-01	1.211053e-05	1.211053e-05
6.700000e-01	6.800000e-01	9.832600e-01	1.140571e-05	1.140571e-05
6.800000e-01	6.900000e-01	9.847056e-01	1.071355e-05	1.071355e-05
6.900000e-01	7.000000e-01	9.860891e-01	1.003177e-05	1.003177e-05
7.000000e-01	7.100000e-01	9.874155e-01	9.365868e-06	9.365868e-06
7.100000e-01	7.200000e-01	9.886817e-01	8.707928e-06	8.707928e-06
7.200000e-01	7.300000e-01	9.898920e-01	8.055722e-06	8.055722e-06
7.300000e-01	7.400000e-01	9.910427e-01	7.416942e-06	7.416942e-06
7.400000e-01	7.500000e-01	9.921319e-01	6.793661e-06	6.793661e-06
7.500000e-01	7.600000e-01	9.931641e-01	6.179670e-06	6.179670e-06
7.600000e-01	7.700000e-01	9.941303e-01	5.585499e-06	5.585499e-06
7.700000e-01	7.800000e-01	9.950320e-01	4.992196e-06	4.992196e-06
7.800000e-01	7.900000e-01	9.958696e-01	4.417434e-06	4.417434e-06
7.900000e-01	8.000000e-01	9.966344e-01	3.857300e-06	3.857300e-06
8.000000e-01	8.100000e-01	9.973271e-01	3.315058e-06	3.315058e-06
8.100000e-01	8.200000e-01	9.979464e-01	2.806106e-06	2.806106e-06
8.200000e-01	8.300000e-01	9.984847e-01	2.331800e-06	2.331800e-06
8.300000e-01	8.400000e-01	9.989409e-01	1.861514e-06	1.861514e-06
8.400000e-01	8.500000e-01	9.993117e-01	1.448464e-06	1.448464e-06
8.500000e-01	8.600000e-01	9.995922e-01	1.110991e-06	1.110991e-06
8.600000e-01	8.700000e-01	9.997810e-01	8.424859e-07	8.424859e-07
8.700000e-01	8.800000e-01	9.998795e-01	6.890895e-07	6.890895e-07
8.800000e-01	8.900000e-01	9.999134e-01	5.970382e-07	5.970382e-07
8.900000e-01	9.000000e-01	9.999272e-01	4.874505e-07	4.874505e-07
9.000000e-01	9.100000e-01	9.999373e-01	4.875829e-07	4.875829e-07
9.100000e-01	9.200000e-01	9.999467e-01	3.446526e-07	3.446526e-07
9.200000e-01	9.300000e-01	9.999542e-01	4.223552e-07	4.223552e-07
9.300000e-01	9.400000e-01	9.999611e-01	2.436885e-07	2.436885e-07
9.400000e-01	9.500000e-01	9.999667e-01	4.224666e-07	4.224666e-07
9.500000e-01	9.600000e-01	9.999724e-01	8.503489e-09	8.503489e-09
9.600000e-01	9.700000e-01	9.999762e-01	3.449657e-07	3.449657e-07
9.700000e-01	9.800000e-01	9.999799e-01	3.449885e-07	3.449885e-07
9.800000e-01	9.900000e-01	9.999831e-01	2.439271e-07	2.439271e-07
9.900000e-01	1.000000e+00	9.999862e-01	4.251744e-09	4.251744e-09
1.000000e+00	1.010000e+00	9.999881e-01	2.439552e-07	2.439552e-07
1.010000e+00	1.020000e+00	9.999900e-01	2.439633e-07	2.439633e-07
1.020000e+00	1.030000e+00	9.999918e-01	2.512394e-09	2.512394e-09
1.030000e+00	1.040000e+00	9.999931e-01	2.439736e-07	2.439736e-07
1.040000e+00	1.050000e+00	9.999944e-01	2.439767e-07	2.439767e-07
1.050000e+00	1.060000e+00	9.999956e-01	1.352828e-09	1.352828e-09
1.060000e+00	1.070000e+00	9.999962e-01	1.159567e-09	1.159567e-09
1.070000e+00	1.080000e+00	9.999975e-01	2.439841e-07	2.439841e-07
1.080000e+00	1.090000e+00	9.999981e-01	2.439836e-07	2.439836e-07
1.090000e+00	1.100000e+00	9.999981e-01	2.439822e-07	2.439822e-07
1.100000e+00	1.110000e+00	9.999987e-01	3.865222e-10	3.865222e-10
1.110000e+00	1.120000e+00	9.999994e-01	2.439830e-07	2.439830e-07
1.120000e+00	1.130000e+00	9.999994e-01	1.932611e-10	1.932611e-10
1.130000e+00	1.140000e+00	9.999994e-01	1.932611e-10	1.932611e-10
1.140000e+00	1.150000e+00	9.999994e-01	2.439828e-07	2.439828e-07
1.150000e+00	1.160000e+00	1.000000e+00	2.439829e-07	2.439829e-07
1.160000e+00	1.170000e+00	1.000000e+00	0.000000e+00	0.000000e+00
1.170000e+00	1.180000e+00	1.000000e+00	0.000000e+00	0.000000e+00
1.180000e+00	1.190000e+00	1.000000e+00	0.000000e+00	0.000000e+00
1.190000e+00	1.200000e+00	1.000000e+00	0.000000e+00	0.000000e+00
1.200000e+00	1.210000e+00	1.000000e+00	0.000000e+00	0.000000e+00
1.210000e+00	1.220000e+00	1.000000e+00	0.000000e+00	0.000000e+00
1.220000e+00	1.230000e+00	1.000000e+00	0.000000e+00	0.000000e+00
1.230000e+00	1.240000e+00	1.000000e+00	0.000000e+00	0.000000e+00
1.240000e+00	1.250000e+00	1.000000e+00	0.000000e+00	0.000000e+00
1.250000e+00	1.260000e+00	1.000000e+00	0.000000e+00	0.000000e+00
1.260000e+00	1.270000e+00	1.000000e+00	0.000000e+00	0.000000e+00
1.270000e+00	1.280000e+00	1.000000e+00	0.000000e+00	0.000000e+00
1.280000e+00	1.290000e+00	1.000000e+00	0.000000e+00	0.000000e+00
1.290000e+00	1.300000e+00	1.000000e+00	0.000000e+00	0.000000e+00
1.300000e+00	1.310000e+00	1.000000e+00	0.000000e+00	0.000000e+00
1.310000e+00	1.320000e+00	1.000000e+00	0.000000e+00	0.000000e+00
1.320000e+00	1.330000e+00	1.000000e+00	0.000000e+00	0.000000e+00
1.330000e+00	1.340000e+00	1.000000e+00	0.000000e+00	0.000000e+00
1.340000e+00	1.350000e+00	1.000000e+00	0.000000e+00	0.000000e+00
1.350000e+00	1.360000e+00	1.000000e+00	0.000000e+00	0.000000e+00
1.360000e+00	1.370000e+00	1.000000e+00	0.000000e+00	0.000000e+00
1.370000e+00	1.380000e+00	1.000000e+00	0.000000e+00	0.000000e+00
1.380000e+00	1.390000e+00	1.000000e+00	0.000000e+00	0.000000e+00
1.390000e+00	1.400000e+00	1.000000e+00	0.000000e+00	0.000000e+00
1.400000e+00	1.410000e+00	1.000000e+00	0.000000e+00	0.000000e+00
1.410000e+00	1.420000e+00	1.000000e+00	0.000000e+00	0.000000e+00
1.420000e+00	1.430000e+00	1.000000e+00	0.000000e+00	0.000000e+00
1.430000e+00	1.440000e+00	1.000000e+00	0.000000e+00	0.000000e+00
1.440000e+00	1.450000e+00	1.000000e+00	0.000000e+00	0.000000e+00
1.450000e+00	1.460000e+00	1.000000e+00	0.000000e+00	0.000000e+00
1.460000e+00	1.470000e+00	1.000000e+00	0.000000e+00	0.000000e+00
1.470000e+00	1.480000e+00	1.000000e+00	0.000000e+00	0.000000e+00
1.480000e+00	1.490000e+00	1.000000e+00	0.000000e+00	0.000000e+00
1.490000e+00	1.500000e+00	1.000000e+00	0.000000e+00	0.000000e+00
# END HISTO1D

# BEGIN HISTO1D //nfs/farm/g/theory/qcdsim/shoeche/runs/lhjets/zj/nlo/cs/run.yoda/LH2017_ZHSHAPES/psi_0.9_50
ErrorBars=0
LineColor={[HTML]{2da334}}
LineStyle=solid
Path=//nfs/farm/g/theory/qcdsim/shoeche/runs/lhjets/zj/nlo/cs/run.yoda/LH2017_ZHSHAPES/psi_0.9_50
Title=Sherpa~NLO
XLabel=
YLabel=
# xlow	 xhigh	 val	 errminus	 errplus
0.000000e+00	1.000000e-02	3.269044e-01	nan	nan
1.000000e-02	2.000000e-02	5.220956e-01	nan	nan
2.000000e-02	3.000000e-02	6.208011e-01	nan	nan
3.000000e-02	4.000000e-02	6.831041e-01	nan	nan
4.000000e-02	5.000000e-02	7.266625e-01	nan	nan
5.000000e-02	6.000000e-02	7.596899e-01	nan	nan
6.000000e-02	7.000000e-02	7.858433e-01	nan	nan
7.000000e-02	8.000000e-02	8.072559e-01	nan	nan
8.000000e-02	9.000000e-02	8.249177e-01	nan	nan
9.000000e-02	1.000000e-01	8.401843e-01	nan	nan
1.000000e-01	1.100000e-01	8.529872e-01	nan	nan
1.100000e-01	1.200000e-01	8.643822e-01	nan	nan
1.200000e-01	1.300000e-01	8.743639e-01	nan	nan
1.300000e-01	1.400000e-01	8.832454e-01	nan	nan
1.400000e-01	1.500000e-01	8.912173e-01	nan	nan
1.500000e-01	1.600000e-01	8.983178e-01	nan	nan
1.600000e-01	1.700000e-01	9.047989e-01	nan	nan
1.700000e-01	1.800000e-01	9.106436e-01	nan	nan
1.800000e-01	1.900000e-01	9.160125e-01	nan	nan
1.900000e-01	2.000000e-01	9.209344e-01	nan	nan
2.000000e-01	2.100000e-01	9.254953e-01	nan	nan
2.100000e-01	2.200000e-01	9.297377e-01	nan	nan
2.200000e-01	2.300000e-01	9.336545e-01	nan	nan
2.300000e-01	2.400000e-01	9.373490e-01	nan	nan
2.400000e-01	2.500000e-01	9.407314e-01	nan	nan
2.500000e-01	2.600000e-01	9.438891e-01	nan	nan
2.600000e-01	2.700000e-01	9.468582e-01	nan	nan
2.700000e-01	2.800000e-01	9.496613e-01	nan	nan
2.800000e-01	2.900000e-01	9.522720e-01	nan	nan
2.900000e-01	3.000000e-01	9.547367e-01	nan	nan
3.000000e-01	3.100000e-01	9.570655e-01	nan	nan
3.100000e-01	3.200000e-01	9.592670e-01	nan	nan
3.200000e-01	3.300000e-01	9.613339e-01	nan	nan
3.300000e-01	3.400000e-01	9.633138e-01	nan	nan
3.400000e-01	3.500000e-01	9.651729e-01	nan	nan
3.500000e-01	3.600000e-01	9.669340e-01	nan	nan
3.600000e-01	3.700000e-01	9.686153e-01	nan	nan
3.700000e-01	3.800000e-01	9.702519e-01	nan	nan
3.800000e-01	3.900000e-01	9.717922e-01	nan	nan
3.900000e-01	4.000000e-01	9.732583e-01	nan	nan
4.000000e-01	4.100000e-01	9.746343e-01	nan	nan
4.100000e-01	4.200000e-01	9.759670e-01	nan	nan
4.200000e-01	4.300000e-01	9.772462e-01	nan	nan
4.300000e-01	4.400000e-01	9.784667e-01	nan	nan
4.400000e-01	4.500000e-01	9.796032e-01	nan	nan
4.500000e-01	4.600000e-01	9.807141e-01	nan	nan
4.600000e-01	4.700000e-01	9.817875e-01	nan	nan
4.700000e-01	4.800000e-01	9.827929e-01	nan	nan
4.800000e-01	4.900000e-01	9.837524e-01	nan	nan
4.900000e-01	5.000000e-01	9.846850e-01	nan	nan
5.000000e-01	5.100000e-01	9.855727e-01	nan	nan
5.100000e-01	5.200000e-01	9.864147e-01	nan	nan
5.200000e-01	5.300000e-01	9.872269e-01	nan	nan
5.300000e-01	5.400000e-01	9.880205e-01	nan	nan
5.400000e-01	5.500000e-01	9.887568e-01	nan	nan
5.500000e-01	5.600000e-01	9.894621e-01	nan	nan
5.600000e-01	5.700000e-01	9.901379e-01	nan	nan
5.700000e-01	5.800000e-01	9.907831e-01	nan	nan
5.800000e-01	5.900000e-01	9.914033e-01	nan	nan
5.900000e-01	6.000000e-01	9.920008e-01	nan	nan
6.000000e-01	6.100000e-01	9.925791e-01	nan	nan
6.100000e-01	6.200000e-01	9.931227e-01	nan	nan
6.200000e-01	6.300000e-01	9.936505e-01	nan	nan
6.300000e-01	6.400000e-01	9.941404e-01	nan	nan
6.400000e-01	6.500000e-01	9.946001e-01	nan	nan
6.500000e-01	6.600000e-01	9.950517e-01	nan	nan
6.600000e-01	6.700000e-01	9.954786e-01	nan	nan
6.700000e-01	6.800000e-01	9.958857e-01	nan	nan
6.800000e-01	6.900000e-01	9.962665e-01	nan	nan
6.900000e-01	7.000000e-01	9.966220e-01	nan	nan
7.000000e-01	7.100000e-01	9.969727e-01	nan	nan
7.100000e-01	7.200000e-01	9.972982e-01	nan	nan
7.200000e-01	7.300000e-01	9.975987e-01	nan	nan
7.300000e-01	7.400000e-01	9.978781e-01	nan	nan
7.400000e-01	7.500000e-01	9.981474e-01	nan	nan
7.500000e-01	7.600000e-01	9.983916e-01	nan	nan
7.600000e-01	7.700000e-01	9.986169e-01	nan	nan
7.700000e-01	7.800000e-01	9.988274e-01	nan	nan
7.800000e-01	7.900000e-01	9.990135e-01	nan	nan
7.900000e-01	8.000000e-01	9.991876e-01	nan	nan
8.000000e-01	8.100000e-01	9.993424e-01	nan	nan
8.100000e-01	8.200000e-01	9.994812e-01	nan	nan
8.200000e-01	8.300000e-01	9.996023e-01	nan	nan
8.300000e-01	8.400000e-01	9.997071e-01	nan	nan
8.400000e-01	8.500000e-01	9.997968e-01	nan	nan
8.500000e-01	8.600000e-01	9.998667e-01	nan	nan
8.600000e-01	8.700000e-01	9.999255e-01	nan	nan
8.700000e-01	8.800000e-01	9.999681e-01	nan	nan
8.800000e-01	8.900000e-01	9.999922e-01	nan	nan
8.900000e-01	9.000000e-01	1.000000e+00	nan	nan
9.000000e-01	9.100000e-01	1.000000e+00	nan	nan
9.100000e-01	9.200000e-01	1.000000e+00	nan	nan
9.200000e-01	9.300000e-01	1.000000e+00	nan	nan
9.300000e-01	9.400000e-01	1.000000e+00	nan	nan
9.400000e-01	9.500000e-01	1.000000e+00	nan	nan
9.500000e-01	9.600000e-01	1.000000e+00	nan	nan
9.600000e-01	9.700000e-01	1.000000e+00	nan	nan
9.700000e-01	9.800000e-01	1.000000e+00	nan	nan
9.800000e-01	9.900000e-01	1.000000e+00	nan	nan
9.900000e-01	1.000000e+00	1.000000e+00	nan	nan
1.000000e+00	1.010000e+00	1.000000e+00	nan	nan
1.010000e+00	1.020000e+00	1.000000e+00	nan	nan
1.020000e+00	1.030000e+00	1.000000e+00	nan	nan
1.030000e+00	1.040000e+00	1.000000e+00	nan	nan
1.040000e+00	1.050000e+00	1.000000e+00	nan	nan
1.050000e+00	1.060000e+00	1.000000e+00	nan	nan
1.060000e+00	1.070000e+00	1.000000e+00	nan	nan
1.070000e+00	1.080000e+00	1.000000e+00	nan	nan
1.080000e+00	1.090000e+00	1.000000e+00	nan	nan
1.090000e+00	1.100000e+00	1.000000e+00	nan	nan
1.100000e+00	1.110000e+00	1.000000e+00	nan	nan
1.110000e+00	1.120000e+00	1.000000e+00	nan	nan
1.120000e+00	1.130000e+00	1.000000e+00	nan	nan
1.130000e+00	1.140000e+00	1.000000e+00	nan	nan
1.140000e+00	1.150000e+00	1.000000e+00	nan	nan
1.150000e+00	1.160000e+00	1.000000e+00	nan	nan
1.160000e+00	1.170000e+00	1.000000e+00	nan	nan
1.170000e+00	1.180000e+00	1.000000e+00	nan	nan
1.180000e+00	1.190000e+00	1.000000e+00	nan	nan
1.190000e+00	1.200000e+00	1.000000e+00	nan	nan
1.200000e+00	1.210000e+00	1.000000e+00	nan	nan
1.210000e+00	1.220000e+00	1.000000e+00	nan	nan
1.220000e+00	1.230000e+00	1.000000e+00	nan	nan
1.230000e+00	1.240000e+00	1.000000e+00	nan	nan
1.240000e+00	1.250000e+00	1.000000e+00	nan	nan
1.250000e+00	1.260000e+00	1.000000e+00	nan	nan
1.260000e+00	1.270000e+00	1.000000e+00	nan	nan
1.270000e+00	1.280000e+00	1.000000e+00	nan	nan
1.280000e+00	1.290000e+00	1.000000e+00	nan	nan
1.290000e+00	1.300000e+00	1.000000e+00	nan	nan
1.300000e+00	1.310000e+00	1.000000e+00	nan	nan
1.310000e+00	1.320000e+00	1.000000e+00	nan	nan
1.320000e+00	1.330000e+00	1.000000e+00	nan	nan
1.330000e+00	1.340000e+00	1.000000e+00	nan	nan
1.340000e+00	1.350000e+00	1.000000e+00	nan	nan
1.350000e+00	1.360000e+00	1.000000e+00	nan	nan
1.360000e+00	1.370000e+00	1.000000e+00	nan	nan
1.370000e+00	1.380000e+00	1.000000e+00	nan	nan
1.380000e+00	1.390000e+00	1.000000e+00	nan	nan
1.390000e+00	1.400000e+00	1.000000e+00	nan	nan
1.400000e+00	1.410000e+00	1.000000e+00	nan	nan
1.410000e+00	1.420000e+00	1.000000e+00	nan	nan
1.420000e+00	1.430000e+00	1.000000e+00	nan	nan
1.430000e+00	1.440000e+00	1.000000e+00	nan	nan
1.440000e+00	1.450000e+00	1.000000e+00	nan	nan
1.450000e+00	1.460000e+00	1.000000e+00	nan	nan
1.460000e+00	1.470000e+00	1.000000e+00	nan	nan
1.470000e+00	1.480000e+00	1.000000e+00	nan	nan
1.480000e+00	1.490000e+00	1.000000e+00	nan	nan
1.490000e+00	1.500000e+00	1.000000e+00	nan	nan
# END HISTO1D

