# BEGIN PLOT
XTwosidedTicks=1
DrawOnly=//nfs/farm/g/theory/qcdsim/shoeche/runs/lhjets/zj/mcnlo/css/run.yoda/LH2017_ZHSHAPES/psi_0.9_800 //nfs/farm/g/theory/qcdsim/shoeche/runs/lhjets/zj/mcnlo/css-1em/run.yoda/LH2017_ZHSHAPES/psi_0.9_800 //nfs/farm/g/theory/qcdsim/shoeche/runs/lhjets/zj/nlo/cs/run.yoda/LH2017_ZHSHAPES/psi_0.9_800
RatioPlotReference=//nfs/farm/g/theory/qcdsim/shoeche/runs/lhjets/zj/nlo/cs/run.yoda/LH2017_ZHSHAPES/psi_0.9_800
XTwosidedTicks=1
YTwosidedTicks=1
TopMargin=0.0
RatioPlot=1
BottomMargin=0.0
MainPlot=0
RatioPlotYSize=2.5
XMax=0.9
DrawSpecialInRatio=1
LegendXPos=0.35
LegendYPos=0.8
LogY=1
RatioPlotYLabel=
LegendOnly=//nfs/farm/g/theory/qcdsim/shoeche/runs/lhjets/zj/mcnlo/css/run.yoda/LH2017_ZHSHAPES/psi_0.9_800
RatioPlotSameStyle=1
YTwosidedTicks=1
Legend=1
# END PLOT
# BEGIN SPECIAL text
\rput[br](0.95,0.2){$k_T>800GeV$}
# END SPECIAL

# BEGIN HISTO1D //nfs/farm/g/theory/qcdsim/shoeche/runs/lhjets/zj/mcnlo/css/run.yoda/LH2017_ZHSHAPES/psi_0.9_800
ErrorBars=1
LineColor=red
LineStyle=solid
Path=//nfs/farm/g/theory/qcdsim/shoeche/runs/lhjets/zj/mcnlo/css/run.yoda/LH2017_ZHSHAPES/psi_0.9_800
Title=MC@NLO
XLabel=
YLabel=
# xlow	 xhigh	 val	 errminus	 errplus
0.000000e+00	1.000000e-02	2.438400e-01	7.668330e-04	7.668330e-04
1.000000e-02	2.000000e-02	3.897638e-01	8.536121e-04	8.536121e-04
2.000000e-02	3.000000e-02	4.847908e-01	8.614371e-04	8.614371e-04
3.000000e-02	4.000000e-02	5.532663e-01	8.446696e-04	8.446696e-04
4.000000e-02	5.000000e-02	6.053860e-01	8.189892e-04	8.189892e-04
5.000000e-02	6.000000e-02	6.468706e-01	7.901269e-04	7.901269e-04
6.000000e-02	7.000000e-02	6.808686e-01	7.600448e-04	7.600448e-04
7.000000e-02	8.000000e-02	7.093708e-01	7.299511e-04	7.299511e-04
8.000000e-02	9.000000e-02	7.338089e-01	7.004734e-04	7.004734e-04
9.000000e-02	1.000000e-01	7.547848e-01	6.721130e-04	6.721130e-04
1.000000e-01	1.100000e-01	7.732103e-01	6.443057e-04	6.443057e-04
1.100000e-01	1.200000e-01	7.896502e-01	6.173457e-04	6.173457e-04
1.200000e-01	1.300000e-01	8.042040e-01	5.915970e-04	5.915970e-04
1.300000e-01	1.400000e-01	8.176877e-01	5.658342e-04	5.658342e-04
1.400000e-01	1.500000e-01	8.293925e-01	5.423294e-04	5.423294e-04
1.500000e-01	1.600000e-01	8.398889e-01	5.197142e-04	5.197142e-04
1.600000e-01	1.700000e-01	8.494381e-01	4.984425e-04	4.984425e-04
1.700000e-01	1.800000e-01	8.580856e-01	4.782163e-04	4.782163e-04
1.800000e-01	1.900000e-01	8.660740e-01	4.584750e-04	4.584750e-04
1.900000e-01	2.000000e-01	8.734767e-01	4.394140e-04	4.394140e-04
2.000000e-01	2.100000e-01	8.802053e-01	4.216788e-04	4.216788e-04
2.100000e-01	2.200000e-01	8.864055e-01	4.043339e-04	4.043339e-04
2.200000e-01	2.300000e-01	8.922613e-01	3.876453e-04	3.876453e-04
2.300000e-01	2.400000e-01	8.977798e-01	3.712694e-04	3.712694e-04
2.400000e-01	2.500000e-01	9.029273e-01	3.554094e-04	3.554094e-04
2.500000e-01	2.600000e-01	9.077763e-01	3.397541e-04	3.397541e-04
2.600000e-01	2.700000e-01	9.123770e-01	3.246496e-04	3.246496e-04
2.700000e-01	2.800000e-01	9.165907e-01	3.107681e-04	3.107681e-04
2.800000e-01	2.900000e-01	9.205770e-01	2.971272e-04	2.971272e-04
2.900000e-01	3.000000e-01	9.243349e-01	2.837720e-04	2.837720e-04
3.000000e-01	3.100000e-01	9.278217e-01	2.714327e-04	2.714327e-04
3.100000e-01	3.200000e-01	9.311294e-01	2.592585e-04	2.592585e-04
3.200000e-01	3.300000e-01	9.343211e-01	2.471846e-04	2.471846e-04
3.300000e-01	3.400000e-01	9.373347e-01	2.360508e-04	2.360508e-04
3.400000e-01	3.500000e-01	9.401610e-01	2.254780e-04	2.254780e-04
3.500000e-01	3.600000e-01	9.428528e-01	2.154305e-04	2.154305e-04
3.600000e-01	3.700000e-01	9.454473e-01	2.056453e-04	2.056453e-04
3.700000e-01	3.800000e-01	9.479146e-01	1.963559e-04	1.963559e-04
3.800000e-01	3.900000e-01	9.502438e-01	1.876010e-04	1.876010e-04
3.900000e-01	4.000000e-01	9.524661e-01	1.794416e-04	1.794416e-04
4.000000e-01	4.100000e-01	9.545643e-01	1.715386e-04	1.715386e-04
4.100000e-01	4.200000e-01	9.566493e-01	1.637005e-04	1.637005e-04
4.200000e-01	4.300000e-01	9.586454e-01	1.561843e-04	1.561843e-04
4.300000e-01	4.400000e-01	9.605590e-01	1.493899e-04	1.493899e-04
4.400000e-01	4.500000e-01	9.624017e-01	1.430329e-04	1.430329e-04
4.500000e-01	4.600000e-01	9.641232e-01	1.371959e-04	1.371959e-04
4.600000e-01	4.700000e-01	9.657997e-01	1.316431e-04	1.316431e-04
4.700000e-01	4.800000e-01	9.674676e-01	1.262543e-04	1.262543e-04
4.800000e-01	4.900000e-01	9.690460e-01	1.208413e-04	1.208413e-04
4.900000e-01	5.000000e-01	9.705436e-01	1.157705e-04	1.157705e-04
5.000000e-01	5.100000e-01	9.719807e-01	1.110069e-04	1.110069e-04
5.100000e-01	5.200000e-01	9.733444e-01	1.064080e-04	1.064080e-04
5.200000e-01	5.300000e-01	9.746914e-01	1.017826e-04	1.017826e-04
5.300000e-01	5.400000e-01	9.759733e-01	9.753817e-05	9.753817e-05
5.400000e-01	5.500000e-01	9.772407e-01	9.327429e-05	9.327429e-05
5.500000e-01	5.600000e-01	9.784519e-01	8.900730e-05	8.900730e-05
5.600000e-01	5.700000e-01	9.795945e-01	8.495266e-05	8.495266e-05
5.700000e-01	5.800000e-01	9.807277e-01	8.091355e-05	8.091355e-05
5.800000e-01	5.900000e-01	9.817902e-01	7.720280e-05	7.720280e-05
5.900000e-01	6.000000e-01	9.828212e-01	7.352005e-05	7.352005e-05
6.000000e-01	6.100000e-01	9.837925e-01	7.011961e-05	7.011961e-05
6.100000e-01	6.200000e-01	9.847322e-01	6.671084e-05	6.671084e-05
6.200000e-01	6.300000e-01	9.856573e-01	6.333115e-05	6.333115e-05
6.300000e-01	6.400000e-01	9.865719e-01	5.990173e-05	5.990173e-05
6.400000e-01	6.500000e-01	9.874212e-01	5.676974e-05	5.676974e-05
6.500000e-01	6.600000e-01	9.882354e-01	5.375298e-05	5.375298e-05
6.600000e-01	6.700000e-01	9.890369e-01	5.081413e-05	5.081413e-05
6.700000e-01	6.800000e-01	9.897991e-01	4.787550e-05	4.787550e-05
6.800000e-01	6.900000e-01	9.905426e-01	4.500465e-05	4.500465e-05
6.900000e-01	7.000000e-01	9.912543e-01	4.227261e-05	4.227261e-05
7.000000e-01	7.100000e-01	9.919376e-01	3.958130e-05	3.958130e-05
7.100000e-01	7.200000e-01	9.926126e-01	3.686758e-05	3.686758e-05
7.200000e-01	7.300000e-01	9.932508e-01	3.430888e-05	3.430888e-05
7.300000e-01	7.400000e-01	9.938782e-01	3.161897e-05	3.161897e-05
7.400000e-01	7.500000e-01	9.944721e-01	2.915941e-05	2.915941e-05
7.500000e-01	7.600000e-01	9.950323e-01	2.677259e-05	2.677259e-05
7.600000e-01	7.700000e-01	9.955551e-01	2.454886e-05	2.454886e-05
7.700000e-01	7.800000e-01	9.960664e-01	2.232415e-05	2.232415e-05
7.800000e-01	7.900000e-01	9.965434e-01	2.020102e-05	2.020102e-05
7.900000e-01	8.000000e-01	9.970134e-01	1.811598e-05	1.811598e-05
8.000000e-01	8.100000e-01	9.974691e-01	1.591301e-05	1.591301e-05
8.100000e-01	8.200000e-01	9.978896e-01	1.394852e-05	1.394852e-05
8.200000e-01	8.300000e-01	9.982832e-01	1.203955e-05	1.203955e-05
8.300000e-01	8.400000e-01	9.986672e-01	1.004821e-05	1.004821e-05
8.400000e-01	8.500000e-01	9.989993e-01	8.185166e-06	8.185166e-06
8.500000e-01	8.600000e-01	9.992934e-01	6.479370e-06	6.479370e-06
8.600000e-01	8.700000e-01	9.995497e-01	4.806325e-06	4.806325e-06
8.700000e-01	8.800000e-01	9.997649e-01	3.251814e-06	3.251814e-06
8.800000e-01	8.900000e-01	9.999072e-01	2.476323e-06	2.476323e-06
8.900000e-01	9.000000e-01	9.999524e-01	1.960811e-06	1.960811e-06
9.000000e-01	9.100000e-01	9.999583e-01	1.961337e-06	1.961337e-06
9.100000e-01	9.200000e-01	9.999639e-01	1.754365e-06	1.754365e-06
9.200000e-01	9.300000e-01	9.999678e-01	1.519252e-06	1.519252e-06
9.300000e-01	9.400000e-01	9.999716e-01	1.754918e-06	1.754918e-06
9.400000e-01	9.500000e-01	9.999751e-01	1.240577e-06	1.240577e-06
9.500000e-01	9.600000e-01	9.999783e-01	8.768593e-07	8.768593e-07
9.600000e-01	9.700000e-01	9.999812e-01	8.771261e-07	8.771261e-07
9.700000e-01	9.800000e-01	9.999834e-01	1.241118e-06	1.241118e-06
9.800000e-01	9.900000e-01	9.999854e-01	2.886529e-08	2.886529e-08
9.900000e-01	1.000000e+00	9.999876e-01	8.775645e-07	8.775645e-07
1.000000e+00	1.010000e+00	9.999893e-01	8.776558e-07	8.776558e-07
1.010000e+00	1.020000e+00	9.999909e-01	1.794329e-08	1.794329e-08
1.020000e+00	1.030000e+00	9.999923e-01	1.521279e-08	1.521279e-08
1.030000e+00	1.040000e+00	9.999933e-01	1.326243e-08	1.326243e-08
1.040000e+00	1.050000e+00	9.999941e-01	8.778305e-07	8.778305e-07
1.050000e+00	1.060000e+00	9.999947e-01	8.778453e-07	8.778453e-07
1.060000e+00	1.070000e+00	9.999959e-01	8.191501e-09	8.191501e-09
1.070000e+00	1.080000e+00	9.999966e-01	8.779336e-07	8.779336e-07
1.080000e+00	1.090000e+00	9.999974e-01	8.779232e-07	8.779232e-07
1.090000e+00	1.100000e+00	9.999978e-01	8.779190e-07	8.779190e-07
1.100000e+00	1.110000e+00	9.999980e-01	3.900715e-09	3.900715e-09
1.110000e+00	1.120000e+00	9.999982e-01	8.779015e-07	8.779015e-07
1.120000e+00	1.130000e+00	9.999984e-01	8.779030e-07	8.779030e-07
1.130000e+00	1.140000e+00	9.999986e-01	8.779043e-07	8.779043e-07
1.140000e+00	1.150000e+00	9.999990e-01	8.779107e-07	8.779107e-07
1.150000e+00	1.160000e+00	9.999990e-01	8.779064e-07	8.779064e-07
1.160000e+00	1.170000e+00	9.999996e-01	7.801429e-10	7.801429e-10
1.170000e+00	1.180000e+00	9.999996e-01	8.779082e-07	8.779082e-07
1.180000e+00	1.190000e+00	9.999998e-01	3.900715e-10	3.900715e-10
1.190000e+00	1.200000e+00	9.999998e-01	3.900715e-10	3.900715e-10
1.200000e+00	1.210000e+00	1.000000e+00	8.779085e-07	8.779085e-07
1.210000e+00	1.220000e+00	1.000000e+00	8.779085e-07	8.779085e-07
1.220000e+00	1.230000e+00	1.000000e+00	0.000000e+00	0.000000e+00
1.230000e+00	1.240000e+00	1.000000e+00	0.000000e+00	0.000000e+00
1.240000e+00	1.250000e+00	1.000000e+00	0.000000e+00	0.000000e+00
1.250000e+00	1.260000e+00	1.000000e+00	0.000000e+00	0.000000e+00
1.260000e+00	1.270000e+00	1.000000e+00	0.000000e+00	0.000000e+00
1.270000e+00	1.280000e+00	1.000000e+00	0.000000e+00	0.000000e+00
1.280000e+00	1.290000e+00	1.000000e+00	0.000000e+00	0.000000e+00
1.290000e+00	1.300000e+00	1.000000e+00	0.000000e+00	0.000000e+00
1.300000e+00	1.310000e+00	1.000000e+00	0.000000e+00	0.000000e+00
1.310000e+00	1.320000e+00	1.000000e+00	0.000000e+00	0.000000e+00
1.320000e+00	1.330000e+00	1.000000e+00	0.000000e+00	0.000000e+00
1.330000e+00	1.340000e+00	1.000000e+00	0.000000e+00	0.000000e+00
1.340000e+00	1.350000e+00	1.000000e+00	0.000000e+00	0.000000e+00
1.350000e+00	1.360000e+00	1.000000e+00	0.000000e+00	0.000000e+00
1.360000e+00	1.370000e+00	1.000000e+00	0.000000e+00	0.000000e+00
1.370000e+00	1.380000e+00	1.000000e+00	0.000000e+00	0.000000e+00
1.380000e+00	1.390000e+00	1.000000e+00	0.000000e+00	0.000000e+00
1.390000e+00	1.400000e+00	1.000000e+00	0.000000e+00	0.000000e+00
1.400000e+00	1.410000e+00	1.000000e+00	0.000000e+00	0.000000e+00
1.410000e+00	1.420000e+00	1.000000e+00	0.000000e+00	0.000000e+00
1.420000e+00	1.430000e+00	1.000000e+00	0.000000e+00	0.000000e+00
1.430000e+00	1.440000e+00	1.000000e+00	0.000000e+00	0.000000e+00
1.440000e+00	1.450000e+00	1.000000e+00	0.000000e+00	0.000000e+00
1.450000e+00	1.460000e+00	1.000000e+00	0.000000e+00	0.000000e+00
1.460000e+00	1.470000e+00	1.000000e+00	0.000000e+00	0.000000e+00
1.470000e+00	1.480000e+00	1.000000e+00	0.000000e+00	0.000000e+00
1.480000e+00	1.490000e+00	1.000000e+00	0.000000e+00	0.000000e+00
1.490000e+00	1.500000e+00	1.000000e+00	0.000000e+00	0.000000e+00
# END HISTO1D

# BEGIN HISTO1D //nfs/farm/g/theory/qcdsim/shoeche/runs/lhjets/zj/mcnlo/css-1em/run.yoda/LH2017_ZHSHAPES/psi_0.9_800
ErrorBars=1
LineColor=blue
LineStyle=solid
Path=//nfs/farm/g/theory/qcdsim/shoeche/runs/lhjets/zj/mcnlo/css-1em/run.yoda/LH2017_ZHSHAPES/psi_0.9_800
Title=MC@NLO~1em
XLabel=
YLabel=
# xlow	 xhigh	 val	 errminus	 errplus
0.000000e+00	1.000000e-02	9.444189e-01	8.187808e-04	8.187808e-04
1.000000e-02	2.000000e-02	9.477424e-01	7.932147e-04	7.932147e-04
2.000000e-02	3.000000e-02	9.520437e-01	7.580958e-04	7.580958e-04
3.000000e-02	4.000000e-02	9.555170e-01	7.276095e-04	7.276095e-04
4.000000e-02	5.000000e-02	9.591363e-01	6.942461e-04	6.942461e-04
5.000000e-02	6.000000e-02	9.623166e-01	6.631270e-04	6.631270e-04
6.000000e-02	7.000000e-02	9.651305e-01	6.341955e-04	6.341955e-04
7.000000e-02	8.000000e-02	9.677324e-01	6.057797e-04	6.057797e-04
8.000000e-02	9.000000e-02	9.702184e-01	5.769183e-04	5.769183e-04
9.000000e-02	1.000000e-01	9.723465e-01	5.516817e-04	5.516817e-04
1.000000e-01	1.100000e-01	9.741251e-01	5.298978e-04	5.298978e-04
1.100000e-01	1.200000e-01	9.758509e-01	5.067820e-04	5.067820e-04
1.200000e-01	1.300000e-01	9.773949e-01	4.857214e-04	4.857214e-04
1.300000e-01	1.400000e-01	9.788268e-01	4.659340e-04	4.659340e-04
1.400000e-01	1.500000e-01	9.801079e-01	4.464887e-04	4.464887e-04
1.500000e-01	1.600000e-01	9.814221e-01	4.250641e-04	4.250641e-04
1.600000e-01	1.700000e-01	9.826025e-01	4.059060e-04	4.059060e-04
1.700000e-01	1.800000e-01	9.834776e-01	3.912639e-04	3.912639e-04
1.800000e-01	1.900000e-01	9.844225e-01	3.745377e-04	3.745377e-04
1.900000e-01	2.000000e-01	9.854041e-01	3.572185e-04	3.572185e-04
2.000000e-01	2.100000e-01	9.862161e-01	3.415485e-04	3.415485e-04
2.100000e-01	2.200000e-01	9.869697e-01	3.277452e-04	3.277452e-04
2.200000e-01	2.300000e-01	9.877187e-01	3.123650e-04	3.123650e-04
2.300000e-01	2.400000e-01	9.884205e-01	2.983088e-04	2.983088e-04
2.400000e-01	2.500000e-01	9.891430e-01	2.825867e-04	2.825867e-04
2.500000e-01	2.600000e-01	9.897714e-01	2.684817e-04	2.684817e-04
2.600000e-01	2.700000e-01	9.902838e-01	2.574794e-04	2.574794e-04
2.700000e-01	2.800000e-01	9.908962e-01	2.419192e-04	2.419192e-04
2.800000e-01	2.900000e-01	9.913747e-01	2.309341e-04	2.309341e-04
2.900000e-01	3.000000e-01	9.918966e-01	2.173095e-04	2.173095e-04
3.000000e-01	3.100000e-01	9.923657e-01	2.061189e-04	2.061189e-04
3.100000e-01	3.200000e-01	9.926427e-01	1.997466e-04	1.997466e-04
3.200000e-01	3.300000e-01	9.930619e-01	1.899542e-04	1.899542e-04
3.300000e-01	3.400000e-01	9.934689e-01	1.783647e-04	1.783647e-04
3.400000e-01	3.500000e-01	9.938334e-01	1.687797e-04	1.687797e-04
3.500000e-01	3.600000e-01	9.941481e-01	1.600574e-04	1.600574e-04
3.600000e-01	3.700000e-01	9.944665e-01	1.522169e-04	1.522169e-04
3.700000e-01	3.800000e-01	9.947623e-01	1.445988e-04	1.445988e-04
3.800000e-01	3.900000e-01	9.951325e-01	1.349846e-04	1.349846e-04
3.900000e-01	4.000000e-01	9.953972e-01	1.259628e-04	1.259628e-04
4.000000e-01	4.100000e-01	9.957005e-01	1.189690e-04	1.189690e-04
4.100000e-01	4.200000e-01	9.959219e-01	1.139483e-04	1.139483e-04
4.200000e-01	4.300000e-01	9.961678e-01	1.079222e-04	1.079222e-04
4.300000e-01	4.400000e-01	9.964278e-01	1.024243e-04	1.024243e-04
4.400000e-01	4.500000e-01	9.966096e-01	9.866917e-05	9.866917e-05
4.500000e-01	4.600000e-01	9.968253e-01	9.452082e-05	9.452082e-05
4.600000e-01	4.700000e-01	9.970260e-01	9.036918e-05	9.036918e-05
4.700000e-01	4.800000e-01	9.972003e-01	8.676780e-05	8.676780e-05
4.800000e-01	4.900000e-01	9.973378e-01	8.392931e-05	8.392931e-05
4.900000e-01	5.000000e-01	9.974970e-01	8.024959e-05	8.024959e-05
5.000000e-01	5.100000e-01	9.976496e-01	7.701451e-05	7.701451e-05
5.100000e-01	5.200000e-01	9.978851e-01	7.108332e-05	7.108332e-05
5.200000e-01	5.300000e-01	9.980095e-01	6.854056e-05	6.854056e-05
5.300000e-01	5.400000e-01	9.981442e-01	6.525728e-05	6.525728e-05
5.400000e-01	5.500000e-01	9.982601e-01	6.256464e-05	6.256464e-05
5.500000e-01	5.600000e-01	9.983552e-01	6.034283e-05	6.034283e-05
5.600000e-01	5.700000e-01	9.984664e-01	5.762268e-05	5.762268e-05
5.700000e-01	5.800000e-01	9.985747e-01	5.498339e-05	5.498339e-05
5.800000e-01	5.900000e-01	9.987122e-01	5.140314e-05	5.140314e-05
5.900000e-01	6.000000e-01	9.988177e-01	4.804331e-05	4.804331e-05
6.000000e-01	6.100000e-01	9.988950e-01	4.614802e-05	4.614802e-05
6.100000e-01	6.200000e-01	9.989807e-01	4.362317e-05	4.362317e-05
6.200000e-01	6.300000e-01	9.990787e-01	4.094416e-05	4.094416e-05
6.300000e-01	6.400000e-01	9.991616e-01	3.869768e-05	3.869768e-05
6.400000e-01	6.500000e-01	9.992492e-01	3.547184e-05	3.547184e-05
6.500000e-01	6.600000e-01	9.993359e-01	3.266478e-05	3.266478e-05
6.600000e-01	6.700000e-01	9.993858e-01	3.116710e-05	3.116710e-05
6.700000e-01	6.800000e-01	9.994687e-01	2.792437e-05	2.792437e-05
6.800000e-01	6.900000e-01	9.995262e-01	2.615517e-05	2.615517e-05
6.900000e-01	7.000000e-01	9.995940e-01	2.350073e-05	2.350073e-05
7.000000e-01	7.100000e-01	9.996411e-01	2.136186e-05	2.136186e-05
7.100000e-01	7.200000e-01	9.996872e-01	1.991144e-05	1.991144e-05
7.200000e-01	7.300000e-01	9.997400e-01	1.767733e-05	1.767733e-05
7.300000e-01	7.400000e-01	9.997777e-01	1.588900e-05	1.588900e-05
7.400000e-01	7.500000e-01	9.998078e-01	1.429727e-05	1.429727e-05
7.500000e-01	7.600000e-01	9.998512e-01	1.250572e-05	1.250572e-05
7.600000e-01	7.700000e-01	9.998775e-01	1.096943e-05	1.096943e-05
7.700000e-01	7.800000e-01	9.999030e-01	9.178440e-06	9.178440e-06
7.800000e-01	7.900000e-01	9.999218e-01	8.499056e-06	8.499056e-06
7.900000e-01	8.000000e-01	9.999407e-01	6.939961e-06	6.939961e-06
8.000000e-01	8.100000e-01	9.999576e-01	4.907246e-06	4.907246e-06
8.100000e-01	8.200000e-01	9.999680e-01	4.908252e-06	4.908252e-06
8.200000e-01	8.300000e-01	9.999821e-01	6.402031e-08	6.402031e-08
8.300000e-01	8.400000e-01	9.999887e-01	3.471368e-06	3.471368e-06
8.400000e-01	8.500000e-01	9.999943e-01	2.021694e-08	2.021694e-08
8.500000e-01	8.600000e-01	9.999972e-01	3.471588e-06	3.471588e-06
8.600000e-01	8.700000e-01	9.999991e-01	3.369490e-09	3.369490e-09
8.700000e-01	8.800000e-01	1.000000e+00	3.471603e-06	3.471603e-06
8.800000e-01	8.900000e-01	1.000000e+00	0.000000e+00	0.000000e+00
8.900000e-01	9.000000e-01	1.000000e+00	0.000000e+00	0.000000e+00
9.000000e-01	9.100000e-01	1.000000e+00	0.000000e+00	0.000000e+00
9.100000e-01	9.200000e-01	1.000000e+00	0.000000e+00	0.000000e+00
9.200000e-01	9.300000e-01	1.000000e+00	0.000000e+00	0.000000e+00
9.300000e-01	9.400000e-01	1.000000e+00	0.000000e+00	0.000000e+00
9.400000e-01	9.500000e-01	1.000000e+00	0.000000e+00	0.000000e+00
9.500000e-01	9.600000e-01	1.000000e+00	0.000000e+00	0.000000e+00
9.600000e-01	9.700000e-01	1.000000e+00	0.000000e+00	0.000000e+00
9.700000e-01	9.800000e-01	1.000000e+00	0.000000e+00	0.000000e+00
9.800000e-01	9.900000e-01	1.000000e+00	0.000000e+00	0.000000e+00
9.900000e-01	1.000000e+00	1.000000e+00	0.000000e+00	0.000000e+00
1.000000e+00	1.010000e+00	1.000000e+00	0.000000e+00	0.000000e+00
1.010000e+00	1.020000e+00	1.000000e+00	0.000000e+00	0.000000e+00
1.020000e+00	1.030000e+00	1.000000e+00	0.000000e+00	0.000000e+00
1.030000e+00	1.040000e+00	1.000000e+00	0.000000e+00	0.000000e+00
1.040000e+00	1.050000e+00	1.000000e+00	0.000000e+00	0.000000e+00
1.050000e+00	1.060000e+00	1.000000e+00	0.000000e+00	0.000000e+00
1.060000e+00	1.070000e+00	1.000000e+00	0.000000e+00	0.000000e+00
1.070000e+00	1.080000e+00	1.000000e+00	0.000000e+00	0.000000e+00
1.080000e+00	1.090000e+00	1.000000e+00	0.000000e+00	0.000000e+00
1.090000e+00	1.100000e+00	1.000000e+00	0.000000e+00	0.000000e+00
1.100000e+00	1.110000e+00	1.000000e+00	0.000000e+00	0.000000e+00
1.110000e+00	1.120000e+00	1.000000e+00	0.000000e+00	0.000000e+00
1.120000e+00	1.130000e+00	1.000000e+00	0.000000e+00	0.000000e+00
1.130000e+00	1.140000e+00	1.000000e+00	0.000000e+00	0.000000e+00
1.140000e+00	1.150000e+00	1.000000e+00	0.000000e+00	0.000000e+00
1.150000e+00	1.160000e+00	1.000000e+00	0.000000e+00	0.000000e+00
1.160000e+00	1.170000e+00	1.000000e+00	0.000000e+00	0.000000e+00
1.170000e+00	1.180000e+00	1.000000e+00	0.000000e+00	0.000000e+00
1.180000e+00	1.190000e+00	1.000000e+00	0.000000e+00	0.000000e+00
1.190000e+00	1.200000e+00	1.000000e+00	0.000000e+00	0.000000e+00
1.200000e+00	1.210000e+00	1.000000e+00	0.000000e+00	0.000000e+00
1.210000e+00	1.220000e+00	1.000000e+00	0.000000e+00	0.000000e+00
1.220000e+00	1.230000e+00	1.000000e+00	0.000000e+00	0.000000e+00
1.230000e+00	1.240000e+00	1.000000e+00	0.000000e+00	0.000000e+00
1.240000e+00	1.250000e+00	1.000000e+00	0.000000e+00	0.000000e+00
1.250000e+00	1.260000e+00	1.000000e+00	0.000000e+00	0.000000e+00
1.260000e+00	1.270000e+00	1.000000e+00	0.000000e+00	0.000000e+00
1.270000e+00	1.280000e+00	1.000000e+00	0.000000e+00	0.000000e+00
1.280000e+00	1.290000e+00	1.000000e+00	0.000000e+00	0.000000e+00
1.290000e+00	1.300000e+00	1.000000e+00	0.000000e+00	0.000000e+00
1.300000e+00	1.310000e+00	1.000000e+00	0.000000e+00	0.000000e+00
1.310000e+00	1.320000e+00	1.000000e+00	0.000000e+00	0.000000e+00
1.320000e+00	1.330000e+00	1.000000e+00	0.000000e+00	0.000000e+00
1.330000e+00	1.340000e+00	1.000000e+00	0.000000e+00	0.000000e+00
1.340000e+00	1.350000e+00	1.000000e+00	0.000000e+00	0.000000e+00
1.350000e+00	1.360000e+00	1.000000e+00	0.000000e+00	0.000000e+00
1.360000e+00	1.370000e+00	1.000000e+00	0.000000e+00	0.000000e+00
1.370000e+00	1.380000e+00	1.000000e+00	0.000000e+00	0.000000e+00
1.380000e+00	1.390000e+00	1.000000e+00	0.000000e+00	0.000000e+00
1.390000e+00	1.400000e+00	1.000000e+00	0.000000e+00	0.000000e+00
1.400000e+00	1.410000e+00	1.000000e+00	0.000000e+00	0.000000e+00
1.410000e+00	1.420000e+00	1.000000e+00	0.000000e+00	0.000000e+00
1.420000e+00	1.430000e+00	1.000000e+00	0.000000e+00	0.000000e+00
1.430000e+00	1.440000e+00	1.000000e+00	0.000000e+00	0.000000e+00
1.440000e+00	1.450000e+00	1.000000e+00	0.000000e+00	0.000000e+00
1.450000e+00	1.460000e+00	1.000000e+00	0.000000e+00	0.000000e+00
1.460000e+00	1.470000e+00	1.000000e+00	0.000000e+00	0.000000e+00
1.470000e+00	1.480000e+00	1.000000e+00	0.000000e+00	0.000000e+00
1.480000e+00	1.490000e+00	1.000000e+00	0.000000e+00	0.000000e+00
1.490000e+00	1.500000e+00	1.000000e+00	0.000000e+00	0.000000e+00
# END HISTO1D

# BEGIN HISTO1D //nfs/farm/g/theory/qcdsim/shoeche/runs/lhjets/zj/mcnlo/herwig.yoda/LH2017_ZHSHAPES/psi_0.9_800
ErrorBars=1
LineColor={[HTML]{2da334}}
LineStyle=solid
Path=//nfs/farm/g/theory/qcdsim/shoeche/runs/lhjets/zj/mcnlo/herwig.yoda/LH2017_ZHSHAPES/psi_0.9_800
Title=Herwig~MCNLO
XLabel=~
YLabel=~
# xlow	 xhigh	 val	 errminus	 errplus
0.000000e+00	1.000000e-02	2.262135e-01	5.171900e-04	5.171900e-04
1.000000e-02	2.000000e-02	3.691351e-01	5.941459e-04	5.941459e-04
2.000000e-02	3.000000e-02	4.618528e-01	6.093370e-04	6.093370e-04
3.000000e-02	4.000000e-02	5.295340e-01	6.044407e-04	6.044407e-04
4.000000e-02	5.000000e-02	5.818707e-01	5.915577e-04	5.915577e-04
5.000000e-02	6.000000e-02	6.239140e-01	5.750623e-04	5.750623e-04
6.000000e-02	7.000000e-02	6.586381e-01	5.569119e-04	5.569119e-04
7.000000e-02	8.000000e-02	6.880874e-01	5.380949e-04	5.380949e-04
8.000000e-02	9.000000e-02	7.132284e-01	5.192864e-04	5.192864e-04
9.000000e-02	1.000000e-01	7.353639e-01	5.004164e-04	5.004164e-04
1.000000e-01	1.100000e-01	7.545186e-01	4.822911e-04	4.822911e-04
1.100000e-01	1.200000e-01	7.716143e-01	4.645316e-04	4.645316e-04
1.200000e-01	1.300000e-01	7.869511e-01	4.471585e-04	4.471585e-04
1.300000e-01	1.400000e-01	8.007096e-01	4.305418e-04	4.305418e-04
1.400000e-01	1.500000e-01	8.132276e-01	4.143783e-04	4.143783e-04
1.500000e-01	1.600000e-01	8.247024e-01	3.985595e-04	3.985595e-04
1.600000e-01	1.700000e-01	8.351365e-01	3.832264e-04	3.832264e-04
1.700000e-01	1.800000e-01	8.447589e-01	3.683646e-04	3.683646e-04
1.800000e-01	1.900000e-01	8.537087e-01	3.536566e-04	3.536566e-04
1.900000e-01	2.000000e-01	8.619634e-01	3.396736e-04	3.396736e-04
2.000000e-01	2.100000e-01	8.695243e-01	3.262353e-04	3.262353e-04
2.100000e-01	2.200000e-01	8.765936e-01	3.132338e-04	3.132338e-04
2.200000e-01	2.300000e-01	8.831791e-01	3.006194e-04	3.006194e-04
2.300000e-01	2.400000e-01	8.893229e-01	2.885935e-04	2.885935e-04
2.400000e-01	2.500000e-01	8.950776e-01	2.766697e-04	2.766697e-04
2.500000e-01	2.600000e-01	9.004738e-01	2.650039e-04	2.650039e-04
2.600000e-01	2.700000e-01	9.055276e-01	2.537708e-04	2.537708e-04
2.700000e-01	2.800000e-01	9.102902e-01	2.429182e-04	2.429182e-04
2.800000e-01	2.900000e-01	9.149107e-01	2.319666e-04	2.319666e-04
2.900000e-01	3.000000e-01	9.190743e-01	2.218101e-04	2.218101e-04
3.000000e-01	3.100000e-01	9.231066e-01	2.118812e-04	2.118812e-04
3.100000e-01	3.200000e-01	9.268444e-01	2.025021e-04	2.025021e-04
3.200000e-01	3.300000e-01	9.305529e-01	1.925131e-04	1.925131e-04
3.300000e-01	3.400000e-01	9.339496e-01	1.834653e-04	1.834653e-04
3.400000e-01	3.500000e-01	9.371620e-01	1.750676e-04	1.750676e-04
3.500000e-01	3.600000e-01	9.402195e-01	1.668636e-04	1.668636e-04
3.600000e-01	3.700000e-01	9.431465e-01	1.588582e-04	1.588582e-04
3.700000e-01	3.800000e-01	9.458980e-01	1.514742e-04	1.514742e-04
3.800000e-01	3.900000e-01	9.485785e-01	1.440552e-04	1.440552e-04
3.900000e-01	4.000000e-01	9.511138e-01	1.371524e-04	1.371524e-04
4.000000e-01	4.100000e-01	9.534877e-01	1.308382e-04	1.308382e-04
4.100000e-01	4.200000e-01	9.557528e-01	1.247429e-04	1.247429e-04
4.200000e-01	4.300000e-01	9.579226e-01	1.189328e-04	1.189328e-04
4.300000e-01	4.400000e-01	9.599823e-01	1.135999e-04	1.135999e-04
4.400000e-01	4.500000e-01	9.620234e-01	1.082333e-04	1.082333e-04
4.500000e-01	4.600000e-01	9.639371e-01	1.033277e-04	1.033277e-04
4.600000e-01	4.700000e-01	9.657952e-01	9.864539e-05	9.864539e-05
4.700000e-01	4.800000e-01	9.675854e-01	9.420427e-05	9.420427e-05
4.800000e-01	4.900000e-01	9.693059e-01	8.999678e-05	8.999678e-05
4.900000e-01	5.000000e-01	9.709130e-01	8.613322e-05	8.613322e-05
5.000000e-01	5.100000e-01	9.724632e-01	8.226832e-05	8.226832e-05
5.100000e-01	5.200000e-01	9.739360e-01	7.860807e-05	7.860807e-05
5.200000e-01	5.300000e-01	9.753556e-01	7.501912e-05	7.501912e-05
5.300000e-01	5.400000e-01	9.767170e-01	7.156916e-05	7.156916e-05
5.400000e-01	5.500000e-01	9.780272e-01	6.822485e-05	6.822485e-05
5.500000e-01	5.600000e-01	9.792592e-01	6.507064e-05	6.507064e-05
5.600000e-01	5.700000e-01	9.804785e-01	6.189575e-05	6.189575e-05
5.700000e-01	5.800000e-01	9.816588e-01	5.876960e-05	5.876960e-05
5.800000e-01	5.900000e-01	9.827930e-01	5.572411e-05	5.572411e-05
5.900000e-01	6.000000e-01	9.838542e-01	5.282363e-05	5.282363e-05
6.000000e-01	6.100000e-01	9.848635e-01	5.003842e-05	5.003842e-05
6.100000e-01	6.200000e-01	9.858268e-01	4.742607e-05	4.742607e-05
6.200000e-01	6.300000e-01	9.867555e-01	4.480028e-05	4.480028e-05
6.300000e-01	6.400000e-01	9.876375e-01	4.230830e-05	4.230830e-05
6.400000e-01	6.500000e-01	9.884926e-01	3.981552e-05	3.981552e-05
6.500000e-01	6.600000e-01	9.893202e-01	3.742840e-05	3.742840e-05
6.600000e-01	6.700000e-01	9.900741e-01	3.525594e-05	3.525594e-05
6.700000e-01	6.800000e-01	9.907936e-01	3.312029e-05	3.312029e-05
6.800000e-01	6.900000e-01	9.914925e-01	3.106239e-05	3.106239e-05
6.900000e-01	7.000000e-01	9.921735e-01	2.894794e-05	2.894794e-05
7.000000e-01	7.100000e-01	9.928103e-01	2.694383e-05	2.694383e-05
7.100000e-01	7.200000e-01	9.934126e-01	2.503703e-05	2.503703e-05
7.200000e-01	7.300000e-01	9.940047e-01	2.315867e-05	2.315867e-05
7.300000e-01	7.400000e-01	9.945519e-01	2.142074e-05	2.142074e-05
7.400000e-01	7.500000e-01	9.950672e-01	1.974408e-05	1.974408e-05
7.500000e-01	7.600000e-01	9.955734e-01	1.809150e-05	1.809150e-05
7.600000e-01	7.700000e-01	9.960483e-01	1.650017e-05	1.650017e-05
7.700000e-01	7.800000e-01	9.964989e-01	1.495596e-05	1.495596e-05
7.800000e-01	7.900000e-01	9.969316e-01	1.348292e-05	1.348292e-05
7.900000e-01	8.000000e-01	9.973297e-01	1.210355e-05	1.210355e-05
8.000000e-01	8.100000e-01	9.977176e-01	1.069260e-05	1.069260e-05
8.100000e-01	8.200000e-01	9.980863e-01	9.372773e-06	9.372773e-06
8.200000e-01	8.300000e-01	9.984376e-01	7.955180e-06	7.955180e-06
8.300000e-01	8.400000e-01	9.987653e-01	6.673923e-06	6.673923e-06
8.400000e-01	8.500000e-01	9.990630e-01	5.513701e-06	5.513701e-06
8.500000e-01	8.600000e-01	9.993401e-01	4.439688e-06	4.439688e-06
8.600000e-01	8.700000e-01	9.995788e-01	3.350102e-06	3.350102e-06
8.700000e-01	8.800000e-01	9.997709e-01	2.245218e-06	2.245218e-06
8.800000e-01	8.900000e-01	9.999066e-01	1.960193e-06	1.960193e-06
8.900000e-01	9.000000e-01	9.999520e-01	1.602698e-06	1.602698e-06
9.000000e-01	9.100000e-01	9.999578e-01	1.603024e-06	1.603024e-06
9.100000e-01	9.200000e-01	9.999629e-01	1.133078e-06	1.133078e-06
9.200000e-01	9.300000e-01	9.999667e-01	1.603448e-06	1.603448e-06
9.300000e-01	9.400000e-01	9.999712e-01	1.133565e-06	1.133565e-06
9.400000e-01	9.500000e-01	9.999744e-01	1.133719e-06	1.133719e-06
9.500000e-01	9.600000e-01	9.999776e-01	3.176159e-08	3.176159e-08
9.600000e-01	9.700000e-01	9.999802e-01	1.133951e-06	1.133951e-06
9.700000e-01	9.800000e-01	9.999821e-01	1.603941e-06	1.603941e-06
9.800000e-01	9.900000e-01	9.999846e-01	1.134091e-06	1.134091e-06
9.900000e-01	1.000000e+00	9.999872e-01	1.134445e-06	1.134445e-06
1.000000e+00	1.010000e+00	9.999885e-01	1.134183e-06	1.134183e-06
1.010000e+00	1.020000e+00	9.999904e-01	1.361210e-08	1.361210e-08
1.020000e+00	1.030000e+00	9.999917e-01	1.134239e-06	1.134239e-06
1.030000e+00	1.040000e+00	9.999930e-01	9.982211e-09	9.982211e-09
1.040000e+00	1.050000e+00	9.999936e-01	1.134264e-06	1.134264e-06
1.050000e+00	1.060000e+00	9.999949e-01	7.259796e-09	7.259796e-09
1.060000e+00	1.070000e+00	9.999955e-01	1.134282e-06	1.134282e-06
1.070000e+00	1.080000e+00	9.999968e-01	1.134309e-06	1.134309e-06
1.080000e+00	1.090000e+00	9.999968e-01	1.134291e-06	1.134291e-06
1.090000e+00	1.100000e+00	9.999974e-01	3.629836e-09	3.629836e-09
1.100000e+00	1.110000e+00	9.999981e-01	2.722422e-09	2.722422e-09
1.110000e+00	1.120000e+00	9.999981e-01	1.134297e-06	1.134297e-06
1.120000e+00	1.130000e+00	9.999987e-01	1.134299e-06	1.134299e-06
1.130000e+00	1.140000e+00	9.999994e-01	1.134301e-06	1.134301e-06
1.140000e+00	1.150000e+00	9.999994e-01	9.073455e-10	9.073455e-10
1.150000e+00	1.160000e+00	9.999994e-01	9.073455e-10	9.073455e-10
1.160000e+00	1.170000e+00	1.000000e+00	1.134300e-06	1.134300e-06
1.170000e+00	1.180000e+00	1.000000e+00	1.134300e-06	1.134300e-06
1.180000e+00	1.190000e+00	1.000000e+00	1.134300e-06	1.134300e-06
1.190000e+00	1.200000e+00	1.000000e+00	1.134300e-06	1.134300e-06
1.200000e+00	1.210000e+00	1.000000e+00	0.000000e+00	0.000000e+00
1.210000e+00	1.220000e+00	1.000000e+00	0.000000e+00	0.000000e+00
1.220000e+00	1.230000e+00	1.000000e+00	0.000000e+00	0.000000e+00
1.230000e+00	1.240000e+00	1.000000e+00	0.000000e+00	0.000000e+00
1.240000e+00	1.250000e+00	1.000000e+00	0.000000e+00	0.000000e+00
1.250000e+00	1.260000e+00	1.000000e+00	0.000000e+00	0.000000e+00
1.260000e+00	1.270000e+00	1.000000e+00	0.000000e+00	0.000000e+00
1.270000e+00	1.280000e+00	1.000000e+00	0.000000e+00	0.000000e+00
1.280000e+00	1.290000e+00	1.000000e+00	0.000000e+00	0.000000e+00
1.290000e+00	1.300000e+00	1.000000e+00	0.000000e+00	0.000000e+00
1.300000e+00	1.310000e+00	1.000000e+00	0.000000e+00	0.000000e+00
1.310000e+00	1.320000e+00	1.000000e+00	0.000000e+00	0.000000e+00
1.320000e+00	1.330000e+00	1.000000e+00	0.000000e+00	0.000000e+00
1.330000e+00	1.340000e+00	1.000000e+00	0.000000e+00	0.000000e+00
1.340000e+00	1.350000e+00	1.000000e+00	0.000000e+00	0.000000e+00
1.350000e+00	1.360000e+00	1.000000e+00	0.000000e+00	0.000000e+00
1.360000e+00	1.370000e+00	1.000000e+00	0.000000e+00	0.000000e+00
1.370000e+00	1.380000e+00	1.000000e+00	0.000000e+00	0.000000e+00
1.380000e+00	1.390000e+00	1.000000e+00	0.000000e+00	0.000000e+00
1.390000e+00	1.400000e+00	1.000000e+00	0.000000e+00	0.000000e+00
1.400000e+00	1.410000e+00	1.000000e+00	0.000000e+00	0.000000e+00
1.410000e+00	1.420000e+00	1.000000e+00	0.000000e+00	0.000000e+00
1.420000e+00	1.430000e+00	1.000000e+00	0.000000e+00	0.000000e+00
1.430000e+00	1.440000e+00	1.000000e+00	0.000000e+00	0.000000e+00
1.440000e+00	1.450000e+00	1.000000e+00	0.000000e+00	0.000000e+00
1.450000e+00	1.460000e+00	1.000000e+00	0.000000e+00	0.000000e+00
1.460000e+00	1.470000e+00	1.000000e+00	0.000000e+00	0.000000e+00
1.470000e+00	1.480000e+00	1.000000e+00	0.000000e+00	0.000000e+00
1.480000e+00	1.490000e+00	1.000000e+00	0.000000e+00	0.000000e+00
1.490000e+00	1.500000e+00	1.000000e+00	0.000000e+00	0.000000e+00
# END HISTO1D

# BEGIN HISTO1D //nfs/farm/g/theory/qcdsim/shoeche/runs/lhjets/zj/nlo/cs/run.yoda/LH2017_ZHSHAPES/psi_0.9_800
ErrorBars=0
LineColor={[HTML]{2da334}}
LineStyle=solid
Path=//nfs/farm/g/theory/qcdsim/shoeche/runs/lhjets/zj/nlo/cs/run.yoda/LH2017_ZHSHAPES/psi_0.9_800
Title=NLO
XLabel=
YLabel=
# xlow	 xhigh	 val	 errminus	 errplus
0.000000e+00	1.000000e-02	8.574149e-01	8.077904e-02	8.077904e-02
1.000000e-02	2.000000e-02	8.985665e-01	6.875554e-02	6.875554e-02
2.000000e-02	3.000000e-02	9.189670e-01	6.137107e-02	6.137107e-02
3.000000e-02	4.000000e-02	9.321300e-01	5.590824e-02	5.590824e-02
4.000000e-02	5.000000e-02	9.414523e-01	5.159819e-02	5.159819e-02
5.000000e-02	6.000000e-02	9.484698e-01	4.800812e-02	4.800812e-02
6.000000e-02	7.000000e-02	9.540388e-01	4.496892e-02	4.496892e-02
7.000000e-02	8.000000e-02	9.586303e-01	4.225202e-02	4.225202e-02
8.000000e-02	9.000000e-02	9.624130e-01	3.986669e-02	3.986669e-02
9.000000e-02	1.000000e-01	9.656086e-01	3.772351e-02	3.772351e-02
1.000000e-01	1.100000e-01	9.683986e-01	3.577576e-02	3.577576e-02
1.100000e-01	1.200000e-01	9.708368e-01	3.397196e-02	3.397196e-02
1.200000e-01	1.300000e-01	9.729833e-01	3.231465e-02	3.231465e-02
1.300000e-01	1.400000e-01	9.748601e-01	3.078632e-02	3.078632e-02
1.400000e-01	1.500000e-01	9.765683e-01	2.933079e-02	2.933079e-02
1.500000e-01	1.600000e-01	9.781138e-01	2.797939e-02	2.797939e-02
1.600000e-01	1.700000e-01	9.794913e-01	2.671746e-02	2.671746e-02
1.700000e-01	1.800000e-01	9.807584e-01	2.549811e-02	2.549811e-02
1.800000e-01	1.900000e-01	9.819335e-01	2.433494e-02	2.433494e-02
1.900000e-01	2.000000e-01	9.830013e-01	2.323331e-02	2.323331e-02
2.000000e-01	2.100000e-01	9.839738e-01	2.219589e-02	2.219589e-02
2.100000e-01	2.200000e-01	9.848924e-01	2.118853e-02	2.118853e-02
2.200000e-01	2.300000e-01	9.857338e-01	2.023685e-02	2.023685e-02
2.300000e-01	2.400000e-01	9.865071e-01	1.933094e-02	1.933094e-02
2.400000e-01	2.500000e-01	9.872388e-01	1.844858e-02	1.844858e-02
2.500000e-01	2.600000e-01	9.879221e-01	1.760436e-02	1.760436e-02
2.600000e-01	2.700000e-01	9.885707e-01	1.678668e-02	1.678668e-02
2.700000e-01	2.800000e-01	9.891656e-01	1.600729e-02	1.600729e-02
2.800000e-01	2.900000e-01	9.897351e-01	1.523580e-02	1.523580e-02
2.900000e-01	3.000000e-01	9.902746e-01	1.450283e-02	1.450283e-02
3.000000e-01	3.100000e-01	9.907725e-01	1.380475e-02	1.380475e-02
3.100000e-01	3.200000e-01	9.912530e-01	1.312403e-02	1.312403e-02
3.200000e-01	3.300000e-01	9.917017e-01	1.246511e-02	1.246511e-02
3.300000e-01	3.400000e-01	9.921205e-01	1.184298e-02	1.184298e-02
3.400000e-01	3.500000e-01	9.925225e-01	1.124277e-02	1.124277e-02
3.500000e-01	3.600000e-01	9.929005e-01	1.066333e-02	1.066333e-02
3.600000e-01	3.700000e-01	9.932692e-01	1.010459e-02	1.010459e-02
3.700000e-01	3.800000e-01	9.936177e-01	9.575731e-03	9.575731e-03
3.800000e-01	3.900000e-01	9.939481e-01	9.069769e-03	9.069769e-03
3.900000e-01	4.000000e-01	9.942637e-01	8.595368e-03	8.595368e-03
4.000000e-01	4.100000e-01	9.945635e-01	8.150422e-03	8.150422e-03
4.100000e-01	4.200000e-01	9.948506e-01	7.734585e-03	7.734585e-03
4.200000e-01	4.300000e-01	9.951249e-01	7.359675e-03	7.359675e-03
4.300000e-01	4.400000e-01	9.953887e-01	7.018172e-03	7.018172e-03
4.400000e-01	4.500000e-01	9.956385e-01	6.718834e-03	6.718834e-03
4.500000e-01	4.600000e-01	9.958764e-01	6.448328e-03	6.448328e-03
4.600000e-01	4.700000e-01	9.961077e-01	6.179381e-03	6.179381e-03
4.700000e-01	4.800000e-01	9.963287e-01	5.919527e-03	5.919527e-03
4.800000e-01	4.900000e-01	9.965329e-01	5.673167e-03	5.673167e-03
4.900000e-01	5.000000e-01	9.967313e-01	5.427655e-03	5.427655e-03
5.000000e-01	5.100000e-01	9.969197e-01	5.192657e-03	5.192657e-03
5.100000e-01	5.200000e-01	9.971019e-01	4.962303e-03	4.962303e-03
5.200000e-01	5.300000e-01	9.972771e-01	4.737275e-03	4.737275e-03
5.300000e-01	5.400000e-01	9.974452e-01	4.519809e-03	4.519809e-03
5.400000e-01	5.500000e-01	9.976040e-01	4.311018e-03	4.311018e-03
5.500000e-01	5.600000e-01	9.977604e-01	4.101846e-03	4.101846e-03
5.600000e-01	5.700000e-01	9.979042e-01	3.901562e-03	3.901562e-03
5.700000e-01	5.800000e-01	9.980436e-01	3.711941e-03	3.711941e-03
5.800000e-01	5.900000e-01	9.981780e-01	3.522301e-03	3.522301e-03
5.900000e-01	6.000000e-01	9.983048e-01	3.336349e-03	3.336349e-03
6.000000e-01	6.100000e-01	9.984256e-01	3.156815e-03	3.156815e-03
6.100000e-01	6.200000e-01	9.985419e-01	2.978656e-03	2.978656e-03
6.200000e-01	6.300000e-01	9.986529e-01	2.808824e-03	2.808824e-03
6.300000e-01	6.400000e-01	9.987595e-01	2.641896e-03	2.641896e-03
6.400000e-01	6.500000e-01	9.988582e-01	2.483443e-03	2.483443e-03
6.500000e-01	6.600000e-01	9.989531e-01	2.332668e-03	2.332668e-03
6.600000e-01	6.700000e-01	9.990446e-01	2.176883e-03	2.176883e-03
6.700000e-01	6.800000e-01	9.991301e-01	2.027261e-03	2.027261e-03
6.800000e-01	6.900000e-01	9.992106e-01	1.888658e-03	1.888658e-03
6.900000e-01	7.000000e-01	9.992880e-01	1.742351e-03	1.742351e-03
7.000000e-01	7.100000e-01	9.993590e-01	1.613523e-03	1.613523e-03
7.100000e-01	7.200000e-01	9.994257e-01	1.481653e-03	1.481653e-03
7.200000e-01	7.300000e-01	9.994893e-01	1.364364e-03	1.364364e-03
7.300000e-01	7.400000e-01	9.995497e-01	1.245826e-03	1.245826e-03
7.400000e-01	7.500000e-01	9.996056e-01	1.120072e-03	1.120072e-03
7.500000e-01	7.600000e-01	9.996574e-01	1.021805e-03	1.021805e-03
7.600000e-01	7.700000e-01	9.997059e-01	8.989842e-04	8.989842e-04
7.700000e-01	7.800000e-01	9.997494e-01	8.043047e-04	8.043047e-04
7.800000e-01	7.900000e-01	9.997916e-01	6.876632e-04	6.876632e-04
7.900000e-01	8.000000e-01	9.998295e-01	6.009292e-04	6.009292e-04
8.000000e-01	8.100000e-01	9.998630e-01	5.235827e-04	5.235827e-04
8.100000e-01	8.200000e-01	9.998908e-01	4.323927e-04	4.323927e-04
8.200000e-01	8.300000e-01	9.999165e-01	3.531264e-04	3.531264e-04
8.300000e-01	8.400000e-01	9.999382e-01	2.955506e-04	2.955506e-04
8.400000e-01	8.500000e-01	9.999578e-01	2.234667e-04	2.234667e-04
8.500000e-01	8.600000e-01	9.999732e-01	1.116637e-04	1.116637e-04
8.600000e-01	8.700000e-01	9.999848e-01	3.651554e-06	3.651554e-06
8.700000e-01	8.800000e-01	9.999933e-01	1.118362e-04	1.118362e-04
8.800000e-01	8.900000e-01	9.999985e-01	3.651554e-07	3.651554e-07
8.900000e-01	9.000000e-01	1.000000e+00	0.000000e+00	0.000000e+00
9.000000e-01	9.100000e-01	1.000000e+00	0.000000e+00	0.000000e+00
9.100000e-01	9.200000e-01	1.000000e+00	0.000000e+00	0.000000e+00
9.200000e-01	9.300000e-01	1.000000e+00	0.000000e+00	0.000000e+00
9.300000e-01	9.400000e-01	1.000000e+00	0.000000e+00	0.000000e+00
9.400000e-01	9.500000e-01	1.000000e+00	0.000000e+00	0.000000e+00
9.500000e-01	9.600000e-01	1.000000e+00	0.000000e+00	0.000000e+00
9.600000e-01	9.700000e-01	1.000000e+00	0.000000e+00	0.000000e+00
9.700000e-01	9.800000e-01	1.000000e+00	0.000000e+00	0.000000e+00
9.800000e-01	9.900000e-01	1.000000e+00	0.000000e+00	0.000000e+00
9.900000e-01	1.000000e+00	1.000000e+00	0.000000e+00	0.000000e+00
1.000000e+00	1.010000e+00	1.000000e+00	0.000000e+00	0.000000e+00
1.010000e+00	1.020000e+00	1.000000e+00	0.000000e+00	0.000000e+00
1.020000e+00	1.030000e+00	1.000000e+00	0.000000e+00	0.000000e+00
1.030000e+00	1.040000e+00	1.000000e+00	0.000000e+00	0.000000e+00
1.040000e+00	1.050000e+00	1.000000e+00	0.000000e+00	0.000000e+00
1.050000e+00	1.060000e+00	1.000000e+00	0.000000e+00	0.000000e+00
1.060000e+00	1.070000e+00	1.000000e+00	0.000000e+00	0.000000e+00
1.070000e+00	1.080000e+00	1.000000e+00	0.000000e+00	0.000000e+00
1.080000e+00	1.090000e+00	1.000000e+00	0.000000e+00	0.000000e+00
1.090000e+00	1.100000e+00	1.000000e+00	0.000000e+00	0.000000e+00
1.100000e+00	1.110000e+00	1.000000e+00	0.000000e+00	0.000000e+00
1.110000e+00	1.120000e+00	1.000000e+00	0.000000e+00	0.000000e+00
1.120000e+00	1.130000e+00	1.000000e+00	0.000000e+00	0.000000e+00
1.130000e+00	1.140000e+00	1.000000e+00	0.000000e+00	0.000000e+00
1.140000e+00	1.150000e+00	1.000000e+00	0.000000e+00	0.000000e+00
1.150000e+00	1.160000e+00	1.000000e+00	0.000000e+00	0.000000e+00
1.160000e+00	1.170000e+00	1.000000e+00	0.000000e+00	0.000000e+00
1.170000e+00	1.180000e+00	1.000000e+00	0.000000e+00	0.000000e+00
1.180000e+00	1.190000e+00	1.000000e+00	0.000000e+00	0.000000e+00
1.190000e+00	1.200000e+00	1.000000e+00	0.000000e+00	0.000000e+00
1.200000e+00	1.210000e+00	1.000000e+00	0.000000e+00	0.000000e+00
1.210000e+00	1.220000e+00	1.000000e+00	0.000000e+00	0.000000e+00
1.220000e+00	1.230000e+00	1.000000e+00	0.000000e+00	0.000000e+00
1.230000e+00	1.240000e+00	1.000000e+00	0.000000e+00	0.000000e+00
1.240000e+00	1.250000e+00	1.000000e+00	0.000000e+00	0.000000e+00
1.250000e+00	1.260000e+00	1.000000e+00	0.000000e+00	0.000000e+00
1.260000e+00	1.270000e+00	1.000000e+00	0.000000e+00	0.000000e+00
1.270000e+00	1.280000e+00	1.000000e+00	0.000000e+00	0.000000e+00
1.280000e+00	1.290000e+00	1.000000e+00	0.000000e+00	0.000000e+00
1.290000e+00	1.300000e+00	1.000000e+00	0.000000e+00	0.000000e+00
1.300000e+00	1.310000e+00	1.000000e+00	0.000000e+00	0.000000e+00
1.310000e+00	1.320000e+00	1.000000e+00	0.000000e+00	0.000000e+00
1.320000e+00	1.330000e+00	1.000000e+00	0.000000e+00	0.000000e+00
1.330000e+00	1.340000e+00	1.000000e+00	0.000000e+00	0.000000e+00
1.340000e+00	1.350000e+00	1.000000e+00	0.000000e+00	0.000000e+00
1.350000e+00	1.360000e+00	1.000000e+00	0.000000e+00	0.000000e+00
1.360000e+00	1.370000e+00	1.000000e+00	0.000000e+00	0.000000e+00
1.370000e+00	1.380000e+00	1.000000e+00	0.000000e+00	0.000000e+00
1.380000e+00	1.390000e+00	1.000000e+00	0.000000e+00	0.000000e+00
1.390000e+00	1.400000e+00	1.000000e+00	0.000000e+00	0.000000e+00
1.400000e+00	1.410000e+00	1.000000e+00	0.000000e+00	0.000000e+00
1.410000e+00	1.420000e+00	1.000000e+00	0.000000e+00	0.000000e+00
1.420000e+00	1.430000e+00	1.000000e+00	0.000000e+00	0.000000e+00
1.430000e+00	1.440000e+00	1.000000e+00	0.000000e+00	0.000000e+00
1.440000e+00	1.450000e+00	1.000000e+00	0.000000e+00	0.000000e+00
1.450000e+00	1.460000e+00	1.000000e+00	0.000000e+00	0.000000e+00
1.460000e+00	1.470000e+00	1.000000e+00	0.000000e+00	0.000000e+00
1.470000e+00	1.480000e+00	1.000000e+00	0.000000e+00	0.000000e+00
1.480000e+00	1.490000e+00	1.000000e+00	0.000000e+00	0.000000e+00
1.490000e+00	1.500000e+00	1.000000e+00	0.000000e+00	0.000000e+00
# END HISTO1D

